105
AT1G69120.1_PACid_19653480_85_172  0.0000000 0.2450802 0.6590246 0.6590246 1.1967239 1.6122353 1.6122353 1.4526452 1.4526452 1.3650273 1.7004433 1.1899574 1.1899574 1.6945935 1.4835156 2.0540082 1.6945935 1.0030354 1.2539198 1.7004433 1.0030354 1.4525279 1.5733857 1.3642458 1.2061939 1.4498285 2.6601386 1.3332480 1.5919839 1.3443191 1.3456280 1.3456280 1.4408647 1.6945935 0.9349524 1.6504891 1.6504891 0.8910504 1.6182492 1.6299195 1.8776142 1.8943365 1.8407468 1.8699481 1.8585135 1.6791801 1.6976856 2.0527908 1.9881617 1.9881617 1.6864802 1.6864802 1.8590879 2.7578833 1.8955156 1.2726859 1.3642458 1.4584540 2.0289887 1.7135187 2.0219337 1.6078033 1.6517484 1.6357943 2.4339343 2.3479892 2.7038537 4.3797538 1.4536360 1.4245437 1.3965992 1.4224221 1.5174698 1.5781553 1.5174698 1.5781553 1.0468234 1.2118233 1.2118233 1.7866344 1.3767349 2.1657760 1.6729875 2.0281422 1.9406328 2.8385185 5.0620806 2.8760441 2.8760441 2.6009951 3.0460337 3.8755759 3.9738992 3.9738992 2.2574340 2.1764584 4.8567496 3.5582838 2.0869418 2.3106122 2.7395134 2.5033443 2.0159085 2.0960594 2.3397227 
AT1G26310.1_PACid_19650942_85_174  0.2450802 0.0000000 0.7064791 0.7064791 1.2697790 1.5047209 1.5047209 1.4539284 1.4539284 1.3847779 1.5469680 1.2420788 1.2420788 1.5905721 1.5276290 1.8986296 1.5905721 1.0630831 1.3305218 1.5469680 1.0630831 1.5531000 1.5357495 1.9921280 1.1755712 1.3556067 2.6323726 1.3060268 1.6252602 1.3638197 1.3182775 1.3182775 1.5687833 1.5905721 0.7984420 1.4258821 1.4258821 0.9291531 1.4474185 1.4552693 1.7997231 1.7683786 1.6956932 2.0211673 1.7093412 1.4872499 1.5384390 1.9245274 1.8692098 1.8692098 1.7547488 1.7547488 1.5824531 2.6825924 1.8106615 1.2681046 1.9921280 1.3351869 1.9663099 1.5048911 2.0299628 1.6075176 1.6518479 1.6357562 2.6044036 2.2703331 2.9404169 4.1087883 1.4369334 1.4083078 1.3288414 1.4061890 1.5143904 1.4865958 1.5143904 1.4865958 0.9619020 1.0804204 1.0804204 1.8090267 1.4125525 2.2223981 1.6738563 2.0200279 1.9316178 2.7552926 5.1961962 2.8354287 2.8354287 2.3401761 2.8118661 3.4137206 3.5752202 3.5752202 1.9356827 2.4355408 4.8567496 3.3553478 2.2895465 2.1213701 2.4311742 2.5314733 2.0502915 2.1372030 2.1647838 
AT5G60910.2_PACid_19670615_23_110  0.6590246 0.7064791 0.0000000 0.0000010 1.1253319 1.3882480 1.3882480 1.2990121 1.2990121 1.3506897 1.4520001 1.0754094 1.0754094 1.2964387 1.4564686 2.6675017 1.2964387 1.0431976 1.1420253 1.4520001 1.0431976 1.5406176 1.3997721 1.7106514 1.1611900 1.6572436 2.9605590 1.2612753 1.6949035 1.9962433 1.2729655 1.2729655 1.5722235 1.2964387 1.0083687 1.7696922 1.7696922 0.9143709 1.7682591 1.7830444 1.9734528 1.9423063 1.8133775 1.7556927 1.8304560 1.1773994 1.8311668 1.7114455 2.0559925 2.0559925 1.8006659 1.8006659 2.6923928 2.0596686 2.1759049 1.2258968 1.7106514 1.5924634 2.0307892 1.7296429 1.9913358 1.9235423 1.9735094 1.9536084 2.5925570 2.6240788 2.3469609 3.4213339 1.5879990 1.6086565 1.6276206 1.6065299 1.6529549 1.6768584 1.6529549 1.6768584 1.3603842 1.2562652 1.2562652 1.9209850 1.2720144 2.1869494 1.6186311 2.4095762 2.2705910 2.5573267 4.6330257 2.7449771 2.7449771 2.8065613 2.9446220 3.1856976 3.5989171 3.5989171 2.3759830 2.2554258 3.4307175 3.8379631 1.8180674 2.1832076 1.9645507 2.0024765 1.5208323 1.7664875 1.5627000 
AT5G60910.1_PACid_19670614_85_172  0.6590246 0.7064791 0.0000010 0.0000000 1.1253319 1.3882480 1.3882480 1.2990121 1.2990121 1.3506897 1.4520001 1.0754094 1.0754094 1.2964387 1.4564686 2.6675017 1.2964387 1.0431976 1.1420253 1.4520001 1.0431976 1.5406176 1.3997721 1.7106514 1.1611900 1.6572436 2.9605590 1.2612753 1.6949035 1.9962433 1.2729655 1.2729655 1.5722235 1.2964387 1.0083687 1.7696922 1.7696922 0.9143709 1.7682591 1.7830444 1.9734528 1.9423063 1.8133775 1.7556927 1.8304560 1.1773994 1.8311668 1.7114455 2.0559925 2.0559925 1.8006659 1.8006659 2.6923928 2.0596686 2.1759049 1.2258968 1.7106514 1.5924634 2.0307892 1.7296429 1.9913358 1.9235423 1.9735094 1.9536084 2.5925570 2.6240788 2.3469609 3.4213339 1.5879990 1.6086565 1.6276206 1.6065299 1.6529549 1.6768584 1.6529549 1.6768584 1.3603842 1.2562652 1.2562652 1.9209850 1.2720144 2.1869494 1.6186311 2.4095762 2.2705910 2.5573267 4.6330257 2.7449771 2.7449771 2.8065613 2.9446220 3.1856976 3.5989171 3.5989171 2.3759830 2.2554258 3.4307175 3.8379631 1.8180674 2.1832076 1.9645507 2.0024765 1.5208323 1.7664875 1.5627000 
AT2G45650.1_PACid_19638787_83_170  1.1967239 1.2697790 1.1253319 1.1253319 0.0000000 1.4679515 1.4679515 1.4994144 1.4994144 1.2615362 1.5046551 1.0690275 1.0690275 1.4629165 1.7930438 2.6111378 1.4629165 0.8570782 1.1176668 1.5046551 0.8570782 1.4139440 1.7794115 2.0167345 0.3502725 1.7871164 6.6728376 1.2309943 1.8094253 2.5338765 1.2178433 1.2178433 1.5429617 1.4629165 1.2865320 1.6229705 1.6229705 0.8152897 1.8719242 1.8401462 2.0818830 1.9352081 1.6865472 1.8036721 1.6550501 1.4307480 1.5975053 1.7782159 2.2502299 2.2502299 1.7474009 1.7474009 1.8843850 2.3786068 1.8196579 1.5616077 2.0167345 1.6924304 2.1549045 1.7749472 2.2084008 1.6192786 1.6102078 1.6265782 2.4058775 2.8058178 2.5377603 3.8441111 1.5544764 1.6064412 1.7148525 1.6116649 1.6018880 1.8788281 1.6018880 1.8788281 1.2684184 1.3753920 1.3753920 1.5598512 1.1403371 2.7141353 1.3890545 2.8388114 2.8045462 2.5469190 3.5292946 2.9024961 2.9024961 3.0199802 2.9152385 3.2207908 3.0478572 3.0478572 2.2433593 3.1005286 2.2891831 3.7838535 1.5573811 1.9797316 2.6411612 2.8107318 2.3819516 2.0092701 2.3852103 
AT3G58780.2_PACid_19662660_93_179  1.6122353 1.5047209 1.3882480 1.3882480 1.4679515 0.0000000 0.0000010 0.4169561 0.4169561 1.5895794 0.1075817 1.7934890 1.7934890 0.4756659 1.5193929 3.4227469 0.4756659 1.6744606 1.9351136 0.1075817 1.6744606 1.4645585 1.3220570 1.6810739 1.5105151 1.6007197 3.4558497 1.8755731 1.5139723 2.7101452 1.8940070 1.8940070 1.6443991 0.4756659 1.5096615 1.8214833 1.8214833 1.6316626 2.0561700 2.0790503 2.1177611 2.0942564 1.9247466 1.6524338 1.9441086 0.4729379 1.9612287 1.5579515 2.4787685 2.4787685 1.5622523 1.5622523 3.0286946 2.3938745 2.0494477 1.4550186 1.6810739 2.0468890 2.2724126 1.8151687 2.2145514 2.2023318 2.2614389 2.2361821 2.5268694 3.7523376 2.5736604 3.1456766 2.2109752 2.3413709 2.1995718 2.3395296 2.0370649 2.5112805 2.0370649 2.5112805 1.6176160 1.9171738 1.9171738 2.1692998 1.9044758 2.6067583 1.9915607 2.6186381 2.5831089 2.4730277 3.7684096 2.6429930 2.6429930 3.2806944 2.9594507 2.6504473 3.8204439 3.8204439 3.1035503 3.6073484 4.2608439 3.2984118 1.5268461 3.2462466 2.3958465 3.0306158 2.5254841 2.3694720 2.3671871 
AT3G58780.1_PACid_19662659_100_186 1.6122353 1.5047209 1.3882480 1.3882480 1.4679515 0.0000010 0.0000000 0.4169561 0.4169561 1.5895794 0.1075817 1.7934890 1.7934890 0.4756659 1.5193929 3.4227469 0.4756659 1.6744606 1.9351136 0.1075817 1.6744606 1.4645585 1.3220570 1.6810739 1.5105151 1.6007197 3.4558497 1.8755731 1.5139723 2.7101452 1.8940070 1.8940070 1.6443991 0.4756659 1.5096615 1.8214833 1.8214833 1.6316626 2.0561700 2.0790503 2.1177611 2.0942564 1.9247466 1.6524338 1.9441086 0.4729379 1.9612287 1.5579515 2.4787685 2.4787685 1.5622523 1.5622523 3.0286946 2.3938745 2.0494477 1.4550186 1.6810739 2.0468890 2.2724126 1.8151687 2.2145514 2.2023318 2.2614389 2.2361821 2.5268694 3.7523376 2.5736604 3.1456766 2.2109752 2.3413709 2.1995718 2.3395296 2.0370649 2.5112805 2.0370649 2.5112805 1.6176160 1.9171738 1.9171738 2.1692998 1.9044758 2.6067583 1.9915607 2.6186381 2.5831089 2.4730277 3.7684096 2.6429930 2.6429930 3.2806944 2.9594507 2.6504473 3.8204439 3.8204439 3.1035503 3.6073484 4.2608439 3.2984118 1.5268461 3.2462466 2.3958465 3.0306158 2.5254841 2.3694720 2.3671871 
AT4G18960.1_PACid_19647337_102_187 1.4526452 1.4539284 1.2990121 1.2990121 1.4994144 0.4169561 0.4169561 0.0000000 0.0000010 1.4806561 0.4655600 1.8277129 1.8277129 0.4771837 1.4063347 3.2611328 0.4771837 1.4814561 1.9067274 0.4655600 1.4814561 1.3216255 1.3760546 2.1477977 1.7009052 1.5944614 3.9675728 1.7745534 1.4108079 2.7965498 1.7924175 1.7924175 1.4398387 0.4771837 1.7543882 1.8291012 1.8291012 1.3862084 2.0620183 2.0846822 2.0380816 2.1508160 1.9566855 1.8197935 1.9766801 0.4422948 1.8383646 1.8873621 2.2404217 2.2404217 1.6803651 1.6803651 2.6525285 2.6097880 2.3435201 1.4130573 2.1477977 2.0419629 2.1598975 1.7414290 2.0388458 2.0701414 2.1248395 2.1022078 2.8543487 3.4151686 3.0988737 3.5731464 1.9752203 2.0439457 1.8281115 2.0418827 1.8149072 2.5263470 1.8149072 2.5263470 1.4165171 1.9873875 1.9873875 2.2522108 1.9945176 2.9065365 1.8872184 2.9392340 2.9083221 2.9599598 4.1032753 2.5399778 2.5399778 2.9777371 2.5663973 3.0388312 3.2693513 3.2693513 2.8243616 3.1857504 4.3245147 3.6342035 1.6038390 3.2614326 2.1047645 2.8516968 2.3697512 2.2015811 2.3219524 
AT4G18960.2_PACid_19647338_88_173  1.4526452 1.4539284 1.2990121 1.2990121 1.4994144 0.4169561 0.4169561 0.0000010 0.0000000 1.4806561 0.4655600 1.8277129 1.8277129 0.4771837 1.4063347 3.2611328 0.4771837 1.4814561 1.9067274 0.4655600 1.4814561 1.3216255 1.3760546 2.1477977 1.7009052 1.5944614 3.9675728 1.7745534 1.4108079 2.7965498 1.7924175 1.7924175 1.4398387 0.4771837 1.7543882 1.8291012 1.8291012 1.3862084 2.0620183 2.0846822 2.0380816 2.1508160 1.9566855 1.8197935 1.9766801 0.4422948 1.8383646 1.8873621 2.2404217 2.2404217 1.6803651 1.6803651 2.6525285 2.6097880 2.3435201 1.4130573 2.1477977 2.0419629 2.1598975 1.7414290 2.0388458 2.0701414 2.1248395 2.1022078 2.8543487 3.4151686 3.0988737 3.5731464 1.9752203 2.0439457 1.8281115 2.0418827 1.8149072 2.5263470 1.8149072 2.5263470 1.4165171 1.9873875 1.9873875 2.2522108 1.9945176 2.9065365 1.8872184 2.9392340 2.9083221 2.9599598 4.1032753 2.5399778 2.5399778 2.9777371 2.5663973 3.0388312 3.2693513 3.2693513 2.8243616 3.1857504 4.3245147 3.6342035 1.6038390 3.2614326 2.1047645 2.8516968 2.3697512 2.2015811 2.3219524 
AT2G45660.1_PACid_19641052_83_171  1.3650273 1.3847779 1.3506897 1.3506897 1.2615362 1.5895794 1.5895794 1.4806561 1.4806561 0.0000000 1.6279449 1.6976227 1.6976227 1.4536637 1.6057690 2.7782868 1.4536637 1.5293726 1.7267675 1.6279449 1.5293726 0.6860929 1.6744290 2.1036409 1.2923570 1.7798102 2.9458839 1.7885915 1.7003236 1.8794123 1.7702393 1.7702393 0.8518499 1.4536637 1.4299049 0.6648000 0.6648000 1.4367013 0.9763641 0.9448204 2.0341630 2.0851151 1.0612205 1.8885216 1.0256584 1.3035415 0.8366322 1.9215403 2.1035002 2.1035002 1.8816753 1.8816753 1.2388248 2.3186252 2.2067534 1.5287999 2.1036409 0.8218256 2.0106744 0.7441212 2.0911701 1.4306928 1.4078789 1.4280034 2.5584419 3.2354906 2.6473429 3.0472718 1.3568975 1.3896108 1.4967247 1.3864776 1.6239829 1.5253731 1.6239829 1.5253731 1.2509200 1.3253277 1.3253277 1.5621660 1.1700095 1.5501208 1.6077132 1.8505958 1.7369940 2.6297475 3.4567190 2.5631697 2.5631697 2.6228167 2.5590758 3.0155245 4.0534055 4.0534055 1.4431602 2.4205582 2.5720589 2.5298495 1.5516501 2.3664633 2.0737127 2.4745579 2.1105980 2.0070715 1.8927662 
AT2G42830.1_PACid_19643528_100_186 1.7004433 1.5469680 1.4520001 1.4520001 1.5046551 0.1075817 0.1075817 0.4655600 0.4655600 1.6279449 0.0000000 1.8322617 1.8322617 0.4436684 1.5643314 3.5084978 0.4436684 1.7399590 1.9101307 0.0000010 1.7399590 1.4809290 1.3111909 1.9460862 1.6446360 1.6872775 3.0950963 1.9349261 1.5608165 2.8359631 1.9540207 1.9540207 1.6984075 0.4436684 1.6845329 1.7488180 1.7488180 1.6443222 1.9426365 1.9625210 2.1592099 2.1399372 1.8809545 1.6699118 1.8992150 0.4385497 1.9079416 1.5039052 2.5183437 2.5183437 1.5600232 1.5600232 2.8413389 2.2718127 2.0450240 1.3740041 1.9460862 1.8868548 2.2125238 1.6935216 2.1602081 2.2176019 2.2754968 2.2506783 2.2708527 3.8911196 2.5177816 2.9302856 2.1441666 2.2695319 2.1560099 2.2676271 1.9853545 2.5545144 1.9853545 2.5545144 1.5908609 1.9030772 1.9030772 2.3628053 1.9867828 2.5768323 2.0501643 2.8030234 2.7709595 2.2468215 3.3945535 2.7674034 2.7674034 3.5060832 3.0555156 2.5454009 3.6003781 3.6003781 2.7824274 3.3663630 5.5782610 3.3010209 1.5253109 3.3247178 2.2728506 3.1723546 2.4928255 2.3091111 2.4730856 
AT5G15800.1_PACid_19670123_84_172  1.1899574 1.2420788 1.0754094 1.0754094 1.0690275 1.7934890 1.7934890 1.8277129 1.8277129 1.6976227 1.8322617 0.0000000 0.0000010 1.8591947 1.9234261 2.7289538 1.8591947 0.3936709 0.0855246 1.8322617 0.3936709 1.8878239 1.7975287 1.7240327 1.1670611 1.7012416 4.0177681 0.5879995 1.9625049 2.0873356 0.5649053 0.5649053 1.8575204 1.8591947 1.5778241 1.8872868 1.8872868 0.3357711 2.0082747 1.9960803 1.9798910 2.0661764 2.1167947 1.9071877 2.1054471 1.7620197 1.7955599 1.9013585 2.0352001 2.0352001 1.8364901 1.8364901 1.8556870 2.3414118 1.8992483 1.7796485 1.7240327 2.0218565 1.9900353 2.0328849 1.9583383 1.7849336 1.7743050 1.7976245 3.4181149 3.2054791 2.9127667 3.8462932 1.9295499 1.9730006 1.8609770 2.0107314 1.9357604 1.9449923 1.9357604 1.9449923 1.4789462 1.7551496 1.7551496 1.9186908 2.2243209 2.6142774 2.2354170 2.5116238 2.4985319 3.2097031 3.9012968 3.7527277 3.7527277 3.0412444 3.5479642 4.8851217 3.4537968 3.4537968 2.2453148 2.7683441 2.0697727 3.1199713 1.8064629 2.4642153 2.7753797 2.9561717 2.5075141 2.3806354 2.4478638 
AT5G15800.2_PACid_19670122_84_172  1.1899574 1.2420788 1.0754094 1.0754094 1.0690275 1.7934890 1.7934890 1.8277129 1.8277129 1.6976227 1.8322617 0.0000010 0.0000000 1.8591947 1.9234261 2.7289538 1.8591947 0.3936709 0.0855246 1.8322617 0.3936709 1.8878239 1.7975287 1.7240327 1.1670611 1.7012416 4.0177681 0.5879995 1.9625049 2.0873356 0.5649053 0.5649053 1.8575204 1.8591947 1.5778241 1.8872868 1.8872868 0.3357711 2.0082747 1.9960803 1.9798910 2.0661764 2.1167947 1.9071877 2.1054471 1.7620197 1.7955599 1.9013585 2.0352001 2.0352001 1.8364901 1.8364901 1.8556870 2.3414118 1.8992483 1.7796485 1.7240327 2.0218565 1.9900353 2.0328849 1.9583383 1.7849336 1.7743050 1.7976245 3.4181149 3.2054791 2.9127667 3.8462932 1.9295499 1.9730006 1.8609770 2.0107314 1.9357604 1.9449923 1.9357604 1.9449923 1.4789462 1.7551496 1.7551496 1.9186908 2.2243209 2.6142774 2.2354170 2.5116238 2.4985319 3.2097031 3.9012968 3.7527277 3.7527277 3.0412444 3.5479642 4.8851217 3.4537968 3.4537968 2.2453148 2.7683441 2.0697727 3.1199713 1.8064629 2.4642153 2.7753797 2.9561717 2.5075141 2.3806354 2.4478638 
AT4G09960.1_PACid_19648309_86_171  1.6945935 1.5905721 1.2964387 1.2964387 1.4629165 0.4756659 0.4756659 0.4771837 0.4771837 1.4536637 0.4436684 1.8591947 1.8591947 0.0000000 1.3113721 3.2162389 0.0000010 1.5486288 1.9240818 0.4436684 1.5486288 1.2572913 1.3543973 2.1336636 1.5960802 1.7115129 2.5924676 1.7545721 1.4044724 2.6386482 1.8122924 1.8122924 1.4110634 0.0000010 1.5505022 1.7195553 1.7195553 1.3968419 1.8786895 1.9279005 2.2410265 2.0401529 1.5823704 1.6820797 1.6218614 0.0000010 1.6636888 1.7874066 2.3486766 2.3486766 1.7025952 1.7025952 2.8308798 2.5760883 2.2570190 1.3529118 2.1336636 1.7969227 2.3540152 1.6616904 2.3364783 1.8132312 1.8442290 1.7809948 2.6745304 3.5713717 2.6101020 3.3807354 2.0383507 2.0932412 1.7986892 2.0894332 1.8349210 2.2710061 1.8349210 2.2710061 1.3690663 1.7993246 1.7993246 1.8852519 1.7293134 2.6210328 1.7515206 2.8099529 2.7771596 2.8417081 4.3015586 2.1955746 2.1955746 2.7694187 2.6194692 2.6863871 3.4460118 3.4460118 2.2962640 2.9206891 3.3632988 3.2204308 1.6036692 2.7263183 1.8836833 2.1395069 1.7934724 1.6268042 1.8512782 
AT4G37940.1_PACid_19644309_83_171  1.4835156 1.5276290 1.4564686 1.4564686 1.7930438 1.5193929 1.5193929 1.4063347 1.4063347 1.6057690 1.5643314 1.9234261 1.9234261 1.3113721 0.0000000 0.9243329 1.3113721 1.6312192 1.9088345 1.5643314 1.6312192 1.7262523 0.4178310 0.7728068 1.8038736 0.7235091 1.4809512 1.6146317 0.3196210 0.6528654 1.6653220 1.6653220 1.7832345 1.3113721 1.8158544 1.9619251 1.9619251 1.4150269 1.9417459 1.9919245 1.7953519 1.4198969 1.4424245 2.0021988 1.4777427 1.2327062 1.7927951 2.3968316 2.1254662 2.1254662 1.9392136 1.9392136 2.3124446 2.5707213 2.5547396 0.4528866 0.7728068 1.6243358 1.7932112 2.1516305 1.9895185 2.3331925 2.3735769 2.2974821 2.4718636 2.6941686 2.3902228 2.1818530 1.7039549 1.7541464 1.7990084 1.7504843 1.6341784 2.1650305 1.6341784 2.1650305 1.3628749 1.5421672 1.5421672 2.3786256 1.4602648 2.1488324 1.8418683 2.0280315 2.0011409 2.1951227 3.0815417 2.3473973 2.3473973 2.6378349 2.2195609 3.1873932 2.1582901 2.1582901 1.8887344 2.5174945 3.6324505 2.7105457 1.8247393 2.2985123 2.1209445 2.4231816 1.9311132 1.7300995 1.9867528 
AT4G37940.1_PACid_19644309_159_183 2.0540082 1.8986296 2.6675017 2.6675017 2.6111378 3.4227469 3.4227469 3.2611328 3.2611328 2.7782868 3.5084978 2.7289538 2.7289538 3.2162389 0.9243329 0.0000000 3.2162389 3.5755113 3.5362669 3.5084978 3.5755113 2.7834242 1.3073050 0.6822771 3.6458152 1.5556505 1.3132363 2.6326844 1.2098078 0.0514497 2.6326844 2.6326844 2.5080860 3.2162389 3.1234901 2.0024877 2.0024877 2.9401315 4.7024744 4.7024744 1.8015279 2.9847175 3.2267366 3.0436814 3.2267366 2.4646553 2.0024877 2.9644536 4.8652964 4.8652964 2.2965287 2.2965287 3.0308510 6.1396272 3.8878674 1.3073050 0.6822771 4.5964168 1.8273655 1.0302998 2.0248163 3.7207019 3.7207019 3.7207019 3.6458310 7.0692673 4.5419473 9.0000000 3.9050855 3.9050855 3.7880449 3.9050855 3.2910431 4.5764277 3.2910431 4.5764277 3.7880449 4.2533105 4.2533105 4.1571129 4.2388737 3.4432666 3.8604763 1.8705179 1.8705179 9.0000000 7.6688365 4.7679589 4.7679589 9.0000000 1.4261846 7.1225705 9.0000000 9.0000000 4.5473779 5.0783136 9.0000000 2.0954962 9.0000000 9.0000000 9.0000000 9.0000000 9.0000000 9.0000000 9.0000000 
AT4G09960.3_PACid_19648307_112_197 1.6945935 1.5905721 1.2964387 1.2964387 1.4629165 0.4756659 0.4756659 0.4771837 0.4771837 1.4536637 0.4436684 1.8591947 1.8591947 0.0000010 1.3113721 3.2162389 0.0000000 1.5486288 1.9240818 0.4436684 1.5486288 1.2572913 1.3543973 2.1336636 1.5960802 1.7115129 2.5924676 1.7545721 1.4044724 2.6386482 1.8122924 1.8122924 1.4110634 0.0000010 1.5505022 1.7195553 1.7195553 1.3968419 1.8786895 1.9279005 2.2410265 2.0401529 1.5823704 1.6820797 1.6218614 0.0000010 1.6636888 1.7874066 2.3486766 2.3486766 1.7025952 1.7025952 2.8308798 2.5760883 2.2570190 1.3529118 2.1336636 1.7969227 2.3540152 1.6616904 2.3364783 1.8132312 1.8442290 1.7809948 2.6745304 3.5713717 2.6101020 3.3807354 2.0383507 2.0932412 1.7986892 2.0894332 1.8349210 2.2710061 1.8349210 2.2710061 1.3690663 1.7993246 1.7993246 1.8852519 1.7293134 2.6210328 1.7515206 2.8099529 2.7771596 2.8417081 4.3015586 2.1955746 2.1955746 2.7694187 2.6194692 2.6863871 3.4460118 3.4460118 2.2962640 2.9206891 3.3632988 3.2204308 1.6036692 2.7263183 1.8836833 2.1395069 1.7934724 1.6268042 1.8512782 
AT1G24260.2_PACid_19651403_93_175  1.0030354 1.0630831 1.0431976 1.0431976 0.8570782 1.6744606 1.6744606 1.4814561 1.4814561 1.5293726 1.7399590 0.3936709 0.3936709 1.5486288 1.6312192 3.5755113 1.5486288 0.0000000 0.4580624 1.7399590 0.0000010 1.4813515 1.8119545 1.9311240 0.9579353 1.7342647 4.1607019 0.7288297 1.7306752 2.8890535 0.7019995 0.7019995 1.5878305 1.5486288 1.3190914 1.7466241 1.7466241 0.0000010 1.9241066 1.9106380 1.7689621 1.8369896 1.8995176 1.9228655 1.8857795 1.4235103 1.7000294 2.0789191 2.0913285 2.0913285 2.0207670 2.0207670 1.8080742 2.4351758 1.8193973 1.7144355 1.9311240 1.9422958 1.7998157 1.8980081 1.7462948 1.7600931 1.7496419 1.7726110 3.3568855 3.1141345 2.7108981 3.9262800 1.6904662 1.7001797 1.5760286 1.7340626 1.6277167 1.6200593 1.6277167 1.6200593 1.2467362 1.4312773 1.4312773 1.8471951 1.7479771 2.8292022 1.7192227 2.4364395 2.3940193 2.8245885 4.3749128 3.1515106 3.1515106 2.8762996 3.1279793 3.8911043 3.2849915 3.2849915 1.9250291 2.7959639 2.5114661 3.2477157 1.5256683 2.6240648 2.6238326 2.4430103 1.9884796 1.9005498 2.0009705 
AT3G02310.1_PACid_19661943_84_172  1.2539198 1.3305218 1.1420253 1.1420253 1.1176668 1.9351136 1.9351136 1.9067274 1.9067274 1.7267675 1.9101307 0.0855246 0.0855246 1.9240818 1.9088345 3.5362669 1.9240818 0.4580624 0.0000000 1.9101307 0.4580624 1.9040983 1.7976946 1.9022816 1.1878718 1.7185856 3.6458004 0.7094803 1.8900662 2.9017849 0.6840577 0.6840577 1.9206293 1.9240818 1.7197029 1.9805822 1.9805822 0.3421357 2.0803555 2.0688751 2.1565661 2.2133332 1.9794151 2.0813730 1.9664306 1.7964528 1.9014953 1.9299303 2.1822044 2.1822044 1.9149452 1.9149452 2.4443585 2.4598822 2.0805264 1.7798188 1.9022816 2.1120394 2.1783051 2.1837933 2.1903945 2.0118014 1.9997549 2.0258829 3.6204873 3.4844456 2.9834342 3.9552689 2.1112060 2.1586625 2.0252275 2.1988537 2.0892532 2.1824196 2.0892532 2.1824196 1.6459160 1.8587073 1.8587073 2.0437372 2.3094713 2.6767907 2.3308133 2.6082009 2.5990022 3.3219210 4.0598955 4.0542947 4.0542947 3.1040029 3.6222069 5.2025472 3.4537968 3.4537968 2.3589652 2.8713257 2.0697727 3.1464214 1.8392255 2.5860691 2.7753797 2.9561717 2.5075141 2.3806354 2.4478638 
AT2G42830.2_PACid_19643527_100_188 1.7004433 1.5469680 1.4520001 1.4520001 1.5046551 0.1075817 0.1075817 0.4655600 0.4655600 1.6279449 0.0000010 1.8322617 1.8322617 0.4436684 1.5643314 3.5084978 0.4436684 1.7399590 1.9101307 0.0000000 1.7399590 1.4809290 1.3111909 1.9460862 1.6446360 1.6872775 3.0950963 1.9349261 1.5608165 2.8359631 1.9540207 1.9540207 1.6984075 0.4697439 1.6845329 1.7488180 1.7488180 1.6443222 1.9426365 1.9625210 2.1592099 2.1399372 1.8809545 1.6699118 1.8992150 0.4385497 1.9079416 1.5039052 2.5183437 2.5183437 1.5600232 1.5600232 2.8413389 2.2718127 2.0450240 1.3740041 1.9460862 1.8868548 2.2125238 1.6935216 2.1602081 2.2176019 2.2754968 2.2506783 2.2708527 3.8911196 2.5177816 2.9302856 2.1441666 2.2695319 2.1560099 2.2676271 1.9853545 2.5545144 1.9853545 2.5545144 1.5908609 1.9030772 1.9030772 2.3628053 1.9867828 2.4786833 2.0501643 2.8030234 2.7709595 2.2468215 3.3945535 2.7674034 2.7674034 3.5060832 3.0555156 2.5454009 3.6003781 3.6003781 2.7824274 3.3663630 5.5782610 3.3010209 1.5253109 3.3247178 2.2728506 3.1723546 2.4928255 2.3091111 2.4730856 
AT1G24260.1_PACid_19651404_92_174  1.0030354 1.0630831 1.0431976 1.0431976 0.8570782 1.6744606 1.6744606 1.4814561 1.4814561 1.5293726 1.7399590 0.3936709 0.3936709 1.5486288 1.6312192 3.5755113 1.5486288 0.0000010 0.4580624 1.7399590 0.0000000 1.4813515 1.8119545 1.9311240 0.9579353 1.7342647 4.1607019 0.7288297 1.7306752 2.8890535 0.7019995 0.7019995 1.5878305 1.5486288 1.3190914 1.7466241 1.7466241 0.0000010 1.9241066 1.9106380 1.7689621 1.8369896 1.8995176 1.9228655 1.8857795 1.4235103 1.7000294 2.0789191 2.0913285 2.0913285 2.0207670 2.0207670 1.8080742 2.4351758 1.8193973 1.7144355 1.9311240 1.9422958 1.7998157 1.8980081 1.7462948 1.7600931 1.7496419 1.7726110 3.3568855 3.1141345 2.7108981 3.9262800 1.6904662 1.7001797 1.5760286 1.7340626 1.6277167 1.6200593 1.6277167 1.6200593 1.2467362 1.4312773 1.4312773 1.8471951 1.7479771 2.8292022 1.7192227 2.4364395 2.3940193 2.8245885 4.3749128 3.1515106 3.1515106 2.8762996 3.1279793 3.8911043 3.2849915 3.2849915 1.9250291 2.7959639 2.5114661 3.2477157 1.5256683 2.6240648 2.6238326 2.4430103 1.9884796 1.9005498 2.0009705 
AT4G22950.1_PACid_19647692_83_169  1.4525279 1.5531000 1.5406176 1.5406176 1.4139440 1.4645585 1.4645585 1.3216255 1.3216255 0.6860929 1.4809290 1.8878239 1.8878239 1.2572913 1.7262523 2.7834242 1.2572913 1.4813515 1.9040983 1.4809290 1.4813515 0.0000000 1.5211863 2.4063402 1.4168546 1.8360155 2.8800985 1.6834268 1.9883119 2.4316514 1.6834268 1.6834268 0.2841991 1.2572913 1.4709267 0.8441574 0.8441574 1.5264629 1.1133703 1.1133703 2.0305970 2.0910208 1.2417467 1.6563902 1.2417467 1.1881587 0.9794227 1.5881178 1.8727983 1.8727983 1.7936212 1.7936212 2.0801672 2.3902524 2.3041539 1.1315168 2.4063402 1.0227223 2.0631000 0.9251078 2.0455783 1.5968694 1.5968694 1.5968694 2.3092469 3.0196113 2.2301739 3.0998814 1.4949045 1.5278578 1.4136501 1.5278578 1.5740779 1.5787334 1.5740779 1.5787334 1.2932465 1.4981075 1.4981075 1.5640621 1.3018173 1.7519560 1.4752000 2.2365895 2.1351147 2.6050110 3.2302680 2.3343617 2.3343617 2.8927404 2.6446952 2.4714183 3.4586642 3.4586642 1.4373963 2.6427814 2.8455348 2.5779329 1.6165651 2.4143343 2.0387101 2.4262710 2.0216957 1.8725749 1.8455035 
AT3G57230.1_PACid_19665060_82_170  1.5733857 1.5357495 1.3997721 1.3997721 1.7794115 1.3220570 1.3220570 1.3760546 1.3760546 1.6744290 1.3111909 1.7975287 1.7975287 1.3543973 0.4178310 1.3073050 1.3543973 1.8119545 1.7976946 1.3111909 1.8119545 1.5211863 0.0000000 0.8046474 1.6917727 0.6945606 1.3332438 1.6418645 0.5006834 0.8975159 1.6945678 1.6945678 1.6325112 1.3543973 1.8010400 1.7980450 1.7980450 1.5995980 2.1130510 2.1689032 2.1086062 1.7136848 1.7662305 2.1935761 1.8116716 1.2291428 1.6171573 2.0553744 2.0303776 2.0303776 1.7379244 1.7379244 2.5321336 2.6290109 2.5244406 0.0154540 0.8046474 1.6755790 2.0978851 1.8642126 2.1465363 2.4123695 2.4545141 2.3760085 2.6759396 2.9082701 1.9687041 2.5317761 1.9626389 2.0505663 2.0176980 2.0468412 1.8289281 2.4510331 1.8289281 2.4510331 1.5143463 1.7025854 1.7025854 2.3525385 1.7034988 2.3433295 1.9968022 2.3232250 2.3748904 2.3377731 3.4481856 2.6725554 2.6725554 2.8276929 2.5743645 3.2432378 2.5014617 2.5014617 1.7786270 2.9386043 2.5059739 3.1408011 1.8920477 1.5810849 1.8963132 2.3796490 1.8422943 1.6569936 2.0234124 
AT3G57230.1_PACid_19665060_165_184 1.3642458 1.9921280 1.7106514 1.7106514 2.0167345 1.6810739 1.6810739 2.1477977 2.1477977 2.1036409 1.9460862 1.7240327 1.7240327 2.1336636 0.7728068 0.6822771 2.1336636 1.9311240 1.9022816 1.9460862 1.9311240 2.4063402 0.8046474 0.0000000 3.1853394 1.5321676 0.9386279 1.4630984 0.8142856 0.7767830 1.6889266 1.6889266 2.5456606 2.1336636 2.0544354 1.5451121 1.5451121 0.6015101 3.0349419 3.5176720 2.4413892 3.4664256 3.0692868 1.8117885 3.5127780 2.5996010 1.5451121 2.1840170 4.6001209 4.6001209 1.8301872 1.8301872 3.1937179 4.6677763 2.6944606 0.8046474 0.0000010 9.0000000 2.4413892 1.4726469 2.2012265 1.9045641 2.0367750 1.7751218 2.6085234 7.2870420 9.0000000 9.0000000 1.9379033 1.9516083 2.0462013 1.9379033 1.2655078 1.9901418 1.2655078 1.9901418 2.0462013 2.0976178 2.0976178 1.5527867 1.4054441 2.8466501 1.0580808 9.0000000 9.0000000 9.0000000 4.7892928 7.7511328 7.7511328 6.7255345 9.0000000 4.5194679 9.0000000 9.0000000 4.2283247 5.4942758 9.0000000 9.0000000 9.0000000 9.0000000 9.0000000 9.0000000 9.0000000 9.0000000 9.0000000 
AT3G61120.1_PACid_19662463_85_168  1.2061939 1.1755712 1.1611900 1.1611900 0.3502725 1.5105151 1.5105151 1.7009052 1.7009052 1.2923570 1.6446360 1.1670611 1.1670611 1.5960802 1.8038736 3.6458152 1.5960802 0.9579353 1.1878718 1.6446360 0.9579353 1.4168546 1.6917727 3.1853394 0.0000000 1.6323208 8.9372534 1.4103713 1.6913890 2.7765874 1.4103713 1.4103713 1.5946508 1.5960802 1.3492108 1.4892530 1.4892530 0.8981124 1.6374855 1.6374855 1.9397154 1.8997979 1.5923987 1.9841907 1.5923987 1.4732415 1.6237478 1.7275443 1.8174676 1.8174676 1.8292683 1.8292683 2.0257863 2.3477453 1.7471803 1.6013938 3.1853394 1.5808494 2.0033751 1.6343380 2.0104980 1.5713210 1.5713210 1.5713210 2.4009197 2.1104118 2.0550536 3.2627277 1.5421574 1.5994105 1.6901587 1.5994105 1.6576228 1.7874127 1.6576228 1.7874127 1.2992852 1.2981423 1.2981423 1.4513719 1.1347064 2.4257990 1.4498532 2.6938270 2.6564547 2.2247015 2.7492949 2.9291696 2.9291696 2.8959854 2.7324495 2.8217400 2.5439706 2.5439706 2.0151773 2.5455337 1.8968864 3.5493798 1.5022111 2.4809826 2.4310858 2.3969731 1.7444902 1.5930686 1.9703675 
AT2G14210.1_PACid_19638394_83_170  1.4498285 1.3556067 1.6572436 1.6572436 1.7871164 1.6007197 1.6007197 1.5944614 1.5944614 1.7798102 1.6872775 1.7012416 1.7012416 1.7115129 0.7235091 1.5556505 1.7115129 1.7342647 1.7185856 1.6872775 1.7342647 1.8360155 0.6945606 1.5321676 1.6323208 0.0000000 1.6925834 1.6942997 0.6951970 1.0279342 1.6942997 1.6942997 1.9989526 1.7115129 1.8380739 2.1555538 2.1555538 1.5136527 2.0981036 2.0981036 2.0960760 1.7757767 2.1526711 2.4859016 2.1526711 1.6114432 2.1599219 2.0418425 2.0549271 2.0549271 1.9146095 1.9146095 2.6834219 2.7479016 2.7955187 0.7796918 1.5321676 1.9029287 2.2327755 2.2156953 2.1728141 2.0013802 2.0013802 2.0013802 2.8327835 2.2441068 2.5728751 2.4859049 1.8399747 1.8931250 1.9002574 1.8931250 1.7742575 2.3641105 1.7742575 2.3641105 1.5899282 1.6665220 1.6665220 1.8859181 1.8211124 2.6449650 1.7166358 2.6853319 2.6794102 2.3340357 3.0073067 2.1848360 2.1848360 1.9812081 2.1227397 3.5282216 1.9344292 1.9344292 2.5949389 3.0432704 2.4275773 2.9169840 1.8597211 2.2227073 2.2486092 3.0034563 2.4727159 2.1814897 2.5525447 
AT2G14210.1_PACid_19638394_170_185 2.6601386 2.6323726 2.9605590 2.9605590 6.6728376 3.4558497 3.4558497 3.9675728 3.9675728 2.9458839 3.0950963 4.0177681 4.0177681 2.5924676 1.4809512 1.3132363 2.5924676 4.1607019 3.6458004 3.0950963 4.1607019 2.8800985 1.3332438 0.9386279 8.9372534 1.6925834 0.0000000 2.2983185 1.5109232 1.3132363 2.7056889 2.7056889 4.6293485 2.5924676 4.0758125 1.6896470 1.6896470 9.0000000 5.0275898 6.4203767 4.2905165 3.4800784 2.7571484 2.7501364 3.2235797 2.1609207 1.6896470 3.1539037 3.0888983 3.0888983 3.5307134 3.5307134 3.8445957 8.9999984 3.6736238 1.3332438 0.9386279 9.0000000 4.2905165 2.0049092 3.8056153 2.6850138 2.9280823 2.4980622 9.0000000 5.6736974 9.0000000 9.0000000 2.6104770 2.6262917 3.2770815 2.6104770 1.5790526 3.9191783 1.5790526 3.9191783 3.2770815 2.3034979 2.3034979 8.9999989 3.2420813 9.0000000 9.0000000 9.0000000 9.0000000 9.0000000 9.0000000 9.0000000 9.0000000 9.0000000 9.0000000 9.0000000 9.0000000 9.0000000 9.0000000 8.9999982 9.0000000 9.0000000 9.0000000 9.0000000 9.0000000 9.0000000 9.0000000 9.0000000 9.0000000 
AT2G03710.3_PACid_19640310_85_172  1.3332480 1.3060268 1.2612753 1.2612753 1.2309943 1.8755731 1.8755731 1.7745534 1.7745534 1.7885915 1.9349261 0.5879995 0.5879995 1.7545721 1.6146317 2.6326844 1.7545721 0.7288297 0.7094803 1.9349261 0.7288297 1.6834268 1.6418645 1.4630984 1.4103713 1.6942997 2.2983185 0.0000000 1.8825291 2.0657567 0.0113380 0.0113380 1.8931422 1.7545721 1.5868768 1.6518086 1.6518086 0.7014804 1.6788105 1.7201283 2.1239508 2.1404406 1.9280660 1.8351791 1.9796317 1.5058232 1.6537845 2.1169008 1.9811847 1.9811847 1.6537541 1.6537541 2.8022278 2.3865841 2.4811134 1.4079492 1.4630984 1.6657159 2.0572543 1.7759676 2.1195239 1.9190931 1.9514141 1.8865773 2.9511796 3.4520905 2.8884883 3.8022979 1.9662448 1.9699156 1.9422296 1.9663494 2.1415095 2.2239036 2.1415095 2.2239036 1.6151314 2.0074510 2.0074510 1.8955746 1.8684812 2.4999907 2.3981011 2.9922070 2.9593859 3.0223900 3.8539178 3.6994305 3.6994305 2.9944386 3.4672041 4.3914135 3.6213626 3.6213626 1.9056144 3.4626723 3.5350730 2.7287455 1.8491655 2.1375790 2.4598347 2.8976822 2.4834889 2.2329125 2.4673270 
AT2G22630.1_PACid_19642313_83_171  1.5919839 1.6252602 1.6949035 1.6949035 1.8094253 1.5139723 1.5139723 1.4108079 1.4108079 1.7003236 1.5608165 1.9625049 1.9625049 1.4044724 0.3196210 1.2098078 1.4044724 1.7306752 1.8900662 1.5608165 1.7306752 1.9883119 0.5006834 0.8142856 1.6913890 0.6951970 1.5109232 1.8825291 0.0000000 0.7410575 1.9366900 1.9366900 2.0999304 1.4044724 1.8490758 2.0257031 2.0257031 1.4644656 1.9405372 1.9901303 2.0591850 1.4401650 1.7185706 2.3645393 1.7631003 1.2839801 1.8008262 2.2675052 1.9658030 1.9658030 2.0041920 2.0041920 3.0317787 2.7250245 2.2840864 0.5345889 0.8142856 1.6516699 2.0328714 2.0640655 2.0117771 2.5495840 2.5957596 2.5114465 2.4670654 2.7365539 2.3781068 2.4056166 2.1555588 2.2337353 2.0353011 2.2298935 1.8666585 2.4596745 1.8666585 2.4596745 1.5535590 1.9477300 1.9477300 2.7507850 2.0037695 2.1895057 2.0925070 2.1311805 2.1071838 2.1307616 3.2815702 2.5581315 2.5581315 2.6610453 2.2756540 3.2064606 2.1947368 2.1947368 2.2163999 2.5998707 2.2267157 3.1957604 1.7764289 2.2779943 2.5329001 2.7224608 2.4430272 2.2470290 2.4830292 
AT2G22630.1_PACid_19642313_165_183 1.3443191 1.3638197 1.9962433 1.9962433 2.5338765 2.7101452 2.7101452 2.7965498 2.7965498 1.8794123 2.8359631 2.0873356 2.0873356 2.6386482 0.6528654 0.0514497 2.6386482 2.8890535 2.9017849 2.8359631 2.8890535 2.4316514 0.8975159 0.7767830 2.7765874 1.0279342 1.3132363 2.0657567 0.7410575 0.0000000 2.0657567 2.0657567 2.4164975 2.6386482 2.1512952 1.2686103 1.2686103 1.1930952 3.2769315 3.2769315 1.7286218 1.9492731 2.4064947 3.4016350 2.4064947 2.4646553 1.2686103 2.7294130 3.5574023 3.5574023 1.8305006 1.8305006 2.8961489 5.2479580 3.5154728 0.8975159 0.7767830 9.0000000 1.7286218 1.0302998 2.0248163 2.6015282 2.6015282 2.6015282 2.8471192 5.7053525 9.0000000 9.0000000 2.6117101 2.6117101 3.4401808 2.6117101 2.6998617 3.4743282 2.6998617 3.4743282 3.4401808 2.8949281 2.8949281 2.3561373 2.0210594 2.9399065 2.2933030 4.9126537 4.9126537 9.0000000 3.2360147 2.4865360 2.4865360 7.8257017 9.0000000 5.9491187 9.0000000 9.0000000 3.0659722 4.6529941 9.0000000 9.0000000 9.0000000 9.0000000 9.0000000 9.0000000 9.0000000 9.0000000 9.0000000 
AT2G03710.2_PACid_19640309_85_173  1.3456280 1.3182775 1.2729655 1.2729655 1.2178433 1.8940070 1.8940070 1.7924175 1.7924175 1.7702393 1.9540207 0.5649053 0.5649053 1.8122924 1.6653220 2.6326844 1.8122924 0.7019995 0.6840577 1.9540207 0.7019995 1.6834268 1.6945678 1.6889266 1.4103713 1.6942997 2.7056889 0.0113380 1.9366900 2.0657567 0.0000000 0.0000010 1.9150802 1.8122924 1.5868768 1.6518086 1.6518086 0.7014804 1.7345668 1.7201283 2.0697988 2.1984346 1.9923153 1.8094365 1.9796317 1.5923274 1.6537845 2.0074534 1.9936076 1.9936076 1.6537541 1.6537541 2.8022278 2.3263650 2.4210592 1.4717715 1.6889266 1.6657159 2.0014521 1.7846786 2.1195239 1.9410951 1.9295692 1.9546401 2.9511796 3.4520905 2.8884883 3.8022979 1.9415085 1.9056896 2.0164135 1.9420669 2.2281855 2.2239036 2.2281855 2.2239036 1.7017457 1.9270992 1.9270992 1.8955746 1.8684812 2.4999907 2.3981011 2.9922070 2.9593859 3.0223900 3.8539178 3.6994305 3.6994305 2.9944386 3.4672041 4.3914135 3.6213626 3.6213626 1.9056144 3.4626723 3.5350730 2.7287455 1.8491655 2.1375790 2.4598347 2.8976822 2.4834889 2.2329125 2.4673270 
AT2G03710.1_PACid_19640308_85_173  1.3456280 1.3182775 1.2729655 1.2729655 1.2178433 1.8940070 1.8940070 1.7924175 1.7924175 1.7702393 1.9540207 0.5649053 0.5649053 1.8122924 1.6653220 2.6326844 1.8122924 0.7019995 0.6840577 1.9540207 0.7019995 1.6834268 1.6945678 1.6889266 1.4103713 1.6942997 2.7056889 0.0113380 1.9366900 2.0657567 0.0000010 0.0000000 1.9150802 1.8122924 1.5868768 1.6518086 1.6518086 0.7014804 1.7345668 1.7201283 2.0697988 2.1984346 1.9923153 1.8094365 1.9796317 1.5923274 1.6537845 2.0074534 1.9936076 1.9936076 1.6537541 1.6537541 2.8022278 2.3263650 2.4210592 1.4717715 1.6889266 1.6657159 2.0014521 1.7846786 2.1195239 1.9410951 1.9295692 1.9546401 2.9511796 3.4520905 2.8884883 3.8022979 1.9415085 1.9056896 2.0164135 1.9420669 2.2281855 2.2239036 2.2281855 2.2239036 1.7017457 1.9270992 1.9270992 1.8955746 1.8684812 2.4999907 2.3981011 2.9922070 2.9593859 3.0223900 3.8539178 3.6994305 3.6994305 2.9944386 3.4672041 4.3914135 3.6213626 3.6213626 1.9056144 3.4626723 3.5350730 2.7287455 1.8491655 2.1375790 2.4598347 2.8976822 2.4834889 2.2329125 2.4673270 
AT4G11880.1_PACid_19643844_84_171  1.4408647 1.5687833 1.5722235 1.5722235 1.5429617 1.6443991 1.6443991 1.4398387 1.4398387 0.8518499 1.6984075 1.8575204 1.8575204 1.4110634 1.7832345 2.5080860 1.4110634 1.5878305 1.9206293 1.6984075 1.5878305 0.2841991 1.6325112 2.5456606 1.5946508 1.9989526 4.6293485 1.8931422 2.0999304 2.4164975 1.9150802 1.9150802 0.0000000 1.4110634 1.4998238 1.0190241 1.0190241 1.5859180 1.1116168 1.0991222 1.9590200 2.1558996 1.2112617 1.6736013 1.1983227 1.3564297 1.0867601 1.9099035 1.9823871 1.9823871 1.8336137 1.8336137 2.0315536 2.3916280 2.5484784 1.2448894 2.5456606 1.1312511 1.9861594 1.1096008 1.8926234 1.6137802 1.6051823 1.5907116 2.1801975 2.8740478 1.9726742 2.9985490 1.5847427 1.6397436 1.3960956 1.6313376 1.7097648 1.5555676 1.7097648 1.5555676 1.1612280 1.5738340 1.5738340 1.6025266 1.4228812 1.4716889 1.6584715 2.0192485 1.9197704 2.1145623 3.4666828 2.3405010 2.3405010 3.0942172 2.5295965 2.7256887 3.3421023 3.3421023 1.4837137 2.2186525 2.4097064 2.5574333 1.6880434 2.2960448 1.8784197 2.4665129 2.0512803 1.9030050 1.8737898 
AT4G09960.4_PACid_19648308_86_175  1.6945935 1.5905721 1.2964387 1.2964387 1.4629165 0.4756659 0.4756659 0.4771837 0.4771837 1.4536637 0.4436684 1.8591947 1.8591947 0.0000010 1.3113721 3.2162389 0.0000010 1.5486288 1.9240818 0.4697439 1.5486288 1.2572913 1.3543973 2.1336636 1.5960802 1.7115129 2.5924676 1.7545721 1.4044724 2.6386482 1.8122924 1.8122924 1.4110634 0.0000000 1.5505022 1.7195553 1.7195553 1.3968419 1.8786895 1.9279005 2.2410265 2.0401529 1.5823704 1.6820797 1.6218614 0.0000010 1.6636888 1.7874066 2.3486766 2.3486766 1.7025952 1.7025952 2.8308798 2.5760883 2.2570190 1.3529118 2.1336636 1.7969227 2.3540152 1.6616904 2.3364783 1.8132312 1.8442290 1.7809948 2.6745304 3.5713717 2.6101020 3.3807354 2.0383507 2.0932412 1.7986892 2.0894332 1.8349210 2.2710061 1.8349210 2.2710061 1.3690663 1.7993246 1.7993246 1.8852519 1.7293134 2.5236759 1.7515206 2.8099529 2.7771596 2.8417081 4.3015586 2.1955746 2.1955746 2.7694187 2.6194692 2.6863871 3.4460118 3.4460118 2.2962640 2.9206891 3.3632988 3.2204308 1.6036692 2.7263183 1.8836833 2.1395069 1.7934724 1.6268042 1.8512782 
AT3G30260.1_PACid_19662130_87_171  0.9349524 0.7984420 1.0083687 1.0083687 1.2865320 1.5096615 1.5096615 1.7543882 1.7543882 1.4299049 1.6845329 1.5778241 1.5778241 1.5505022 1.8158544 3.1234901 1.5505022 1.3190914 1.7197029 1.6845329 1.3190914 1.4709267 1.8010400 2.0544354 1.3492108 1.8380739 4.0758125 1.5868768 1.8490758 2.1512952 1.5868768 1.5868768 1.4998238 1.5505022 0.0000000 1.7088406 1.7088406 1.2502118 1.5999221 1.5999221 2.1133640 2.3108016 1.8419018 2.1686137 1.8419018 1.5581449 1.7693761 1.7013699 2.1945478 2.1945478 1.6534788 1.6534788 2.3685589 2.4696015 1.6110232 1.5291791 2.0544354 1.6086408 2.3037133 1.7496984 2.3323235 1.9417815 1.9417815 1.9417815 3.0102822 2.5627978 2.6128373 4.6154763 1.4693141 1.4901310 1.6455035 1.4901310 1.5891788 1.6473545 1.5891788 1.6473545 1.3478084 1.1002337 1.1002337 2.1538007 1.1197564 2.4158902 1.4936531 2.2279714 2.1560202 2.6458684 4.3028725 2.7779971 2.7779971 2.8836678 3.0875407 3.3542070 3.5324100 3.5324100 2.5776142 3.1877297 2.4667138 3.2842021 2.3096943 3.6004897 2.3684155 2.0694427 1.7947203 1.6480266 1.5798121 
AT5G62165.1_PACid_19672595_84_170  1.6504891 1.4258821 1.7696922 1.7696922 1.6229705 1.8214833 1.8214833 1.8291012 1.8291012 0.6648000 1.7488180 1.8872868 1.8872868 1.7195553 1.9619251 2.0024877 1.7195553 1.7466241 1.9805822 1.7488180 1.7466241 0.8441574 1.7980450 1.5451121 1.4892530 2.1555538 1.6896470 1.6518086 2.0257031 1.2686103 1.6518086 1.6518086 1.0190241 1.7195553 1.7088406 0.0000000 0.0000010 1.8007031 0.6732790 0.6732790 1.7565143 2.1582706 0.7756963 2.3954437 0.7756963 1.5659656 0.1789583 2.0003869 1.8997604 1.8997604 1.9535547 1.9535547 1.3353055 2.6788011 2.2356051 1.4537460 1.5451121 0.6319945 1.7430807 0.0000010 1.9630961 1.6535457 1.6535457 1.6535457 2.4063294 3.2739127 2.5521029 2.7644664 1.5574495 1.5186512 1.6402061 1.5186512 1.9396567 1.7620003 1.9396567 1.7620003 1.4862536 1.5679442 1.5679442 1.7310557 1.4989391 1.9078668 2.0847710 2.2699895 2.2287993 2.3030998 3.1922802 2.3231522 2.3231522 2.5723648 2.6362292 3.1537421 3.7516614 3.7516614 1.4612359 2.4920835 4.8092666 2.7118853 1.9845183 2.1044231 1.9313566 2.9617856 2.8235254 2.4374626 2.7000067 
