192
LOC_Os10g39130.1 0.0000000 0.0554236 1.0961634 1.0961634 1.7712823 2.7027906 4.0691051 4.0691051 1.4157613 0.8473258 1.2893350 4.6337512 1.2475951 1.9020537 1.0277296 0.8824462 6.0187673 2.0660509 4.0255953 2.6423689 2.6423689 2.0003312 1.9737358 3.0109900 2.1254832 1.4031375 1.2995189 2.1911224 2.1317881 1.0698411 1.7098799 1.2732013 1.2725610 1.2668586 1.2677335 1.9749502 0.8268175 1.2012506 1.1214450 1.1214450 3.1219449 2.0702422 1.2038483 1.2038483 1.5283156 2.7833175 2.2278557 2.3931027 1.3280668 2.9276819 2.0079137 3.1932223 2.4773694 1.6809435 1.4686818 2.6161151 2.2064179 2.2924886 1.0980939 0.7740218 1.0944076 1.2912771 1.2196248 1.0725781 1.5072415 1.5072415 1.6641009 2.6014052 1.9165712 1.1668782 1.3354529 1.1910358 1.1730933 1.2130152 0.7390674 1.0168843 4.0554679 4.7071985 0.7389878 1.3162907 0.8537833 2.3687043 1.8911038 1.0566315 2.1180133 1.9082107 2.0605404 1.6449675 1.6449675 2.0950716 1.8931262 1.9891981 0.8988469 1.3320656 1.1010812 0.7141776 1.0616819 1.3197000 1.3197000 1.4339934 1.2451787 1.2711152 1.7928651 1.1649453 1.1649453 1.1415617 1.2033046 1.7527583 1.7527583 1.6697274 0.9723179 0.6425645 4.9248743 2.1506100 2.4282727 7.1238946 7.1238946 5.9351163 4.6497126 9.0000000 7.3803519 8.9999989 7.4583874 7.3409508 6.0688388 9.0000000 8.9999986 6.4018683 5.6825594 4.2855597 4.2475272 6.9170045 5.6597060 5.2846956 7.2952487 5.8986534 8.9999988 4.7285033 4.1548710 4.1548710 8.0921821 9.0000000 7.1504568 7.6123873 5.3750355 5.4186295 5.8459417 9.0000000 6.0988262 5.8816376 4.3348020 4.4155297 4.5870307 8.9999984 5.7565871 4.3363739 4.8268175 6.9688987 4.3463889 5.8357786 6.2365857 6.2365857 5.7809329 5.7809329 6.8520806 5.1573182 8.0162948 4.4179286 8.1881378 8.1881378 5.5781725 6.2928832 9.0000000 4.1151288 5.5187381 5.3804245 5.6483571 5.7710895 7.8893850 5.3962723 8.9999987 4.4622400 7.3853477 4.2264748 5.1129383 5.1129383 1.9951737 9.0000000 5.6678776 5.8819577 7.8416795 6.7044483 
LOC_Os10g39130.2 0.0554236 0.0000000 0.8664563 0.8664563 1.3529380 2.7027906 3.3401974 3.3401974 1.2148714 0.8487088 1.0937125 4.5804708 1.1140974 2.1304721 0.7169472 0.8824462 5.9318575 2.3082858 4.8091363 3.0365274 3.0365274 2.3483763 2.2500741 3.4650207 2.3846511 1.1446727 1.1446727 2.4611843 1.7937503 0.8223740 1.4447396 0.9634704 0.9550535 0.9550535 0.9550535 1.2932791 0.8268175 0.8637601 0.8637601 0.8637601 2.7131986 1.9340476 0.8918022 0.8918022 1.2826592 2.3194375 1.7974720 2.0402282 1.1842485 2.5233835 1.9117612 3.1106902 2.0717569 1.2680791 1.2680791 2.0374998 1.9386805 1.6876206 0.9600547 0.7740218 0.8648926 0.9856596 0.9856596 1.4478755 1.2857512 1.2857512 1.7473256 2.3326308 1.9378090 0.9446557 1.0690220 0.8743104 0.8743104 0.7707383 0.7390674 0.7769524 3.1560015 4.0899241 0.6489425 0.9943332 0.6489425 1.6249607 1.9631631 0.8354272 1.9791322 1.4435352 1.7550380 1.1729040 1.1729040 2.3135549 1.6918432 1.4758121 0.7069369 1.0872957 0.8359711 0.7141776 0.8852163 1.2419584 1.2419584 1.4339934 1.1733947 1.0572107 1.8283698 0.8562015 0.8562015 0.8562015 0.9330313 1.3303136 1.3303136 1.3303136 0.9723179 0.6425645 4.5717987 2.0195189 1.7662522 6.4104125 6.4104125 5.9223389 4.0007218 8.9999985 7.3283070 8.9999985 7.8862492 6.4699641 4.9784133 8.9999982 8.9999989 6.3365183 5.0351618 3.5901923 3.5901923 6.1894441 4.9418294 6.4058190 6.6588369 5.8419995 8.9999986 5.7542207 3.6238137 3.6238137 8.9999980 7.6182244 6.2714012 6.8619899 6.1333551 5.0289197 5.6083935 8.4578677 5.0004365 5.4284412 3.6081542 3.6708703 5.1457940 8.9999988 6.5005922 4.4568780 4.9435194 6.0793744 4.6831254 5.4541369 8.1826645 8.1826645 6.0649943 6.0649943 7.9484652 5.5003528 6.5704314 4.6327535 7.8443153 7.8443153 6.5005922 6.3670646 8.9999987 4.6031852 4.4447450 4.3444090 4.5642956 8.8489010 8.9999982 7.8254322 6.7305286 4.2624715 8.9708515 3.8465522 4.5006442 4.5006442 1.9951737 8.2004185 4.7016075 4.7913636 8.4271927 5.9203967 
LOC_Os08g41950.1 1.0961634 0.8664563 0.0000000 0.0000010 1.7903006 3.1578195 4.8399219 4.8399219 1.5161542 0.9413472 1.3230885 7.2484487 1.2920970 2.4029729 0.8283305 0.8631099 4.4639440 2.5076651 4.7833728 3.8303714 3.8303714 2.1674707 2.2807198 2.4115127 2.5162211 1.4295425 1.2710348 2.6292795 3.1025239 1.0228380 1.5931214 0.9960142 1.0154760 1.0131319 1.0975394 1.6171928 0.5771915 1.2763871 1.2209597 1.2209597 3.8796497 2.3457267 1.2076086 1.2076086 1.4812226 3.0532198 2.6453532 3.2831283 1.4001269 2.9591891 1.8084153 3.8735521 2.7173325 1.1731508 1.0292800 3.5865345 2.5250559 2.8097419 0.8718975 1.0487041 0.8104232 0.9295337 0.8798247 1.6902966 1.5968862 1.5968862 2.1751155 3.2415276 2.5708334 1.2288685 1.3036557 1.3134941 1.3134941 1.2995802 0.8521001 0.6320407 4.3640830 5.3786018 1.4573936 1.1454629 1.6332149 2.4984808 2.5723032 0.2475376 2.1244779 1.9837295 2.2177121 1.3689305 1.3689305 2.1197329 1.9009251 2.6730515 1.3221940 1.3142024 1.1599593 0.9477484 0.7281994 1.2003748 1.1906805 1.6099860 1.1027166 1.0829745 1.7130950 1.1511995 1.1511995 1.1521324 1.4078292 1.2670758 1.2670758 1.2348367 1.0712518 0.7848442 4.1220105 2.1951906 2.2149950 7.4538101 7.4538101 4.4736692 4.0026149 8.9999984 6.7247009 8.9999983 5.8781740 6.3339276 4.9864767 6.4889818 6.2439118 4.9933252 5.9571678 4.0406378 3.9988123 6.6201095 6.1288418 4.4189616 7.5868354 5.2108449 8.9999988 4.6576144 4.6034390 4.6034390 7.0682068 6.2099514 4.6545253 7.0755900 5.8780665 5.3527113 5.0014533 5.2690333 4.8113127 5.1662164 4.1521615 4.3192639 3.8113572 8.9999987 4.3412163 5.3083248 5.3471680 5.2169817 5.6435842 7.4040908 5.6098165 5.6098165 4.9074288 4.9074288 5.1450854 5.3534346 5.0617982 3.6260429 5.1716802 5.1716802 4.7066034 6.1721051 5.4520797 3.1455195 4.7302738 3.9818466 4.5542836 5.0931648 6.5579795 7.4494967 7.6926106 3.8997990 4.9430273 4.5535058 4.8192674 4.8192674 3.0396794 6.6423489 4.4251482 4.7460823 7.0667018 4.7914540 
LOC_Os08g41950.2 1.0961634 0.8664563 0.0000010 0.0000000 1.7903006 3.2975581 4.5292120 4.5292120 1.4287945 0.9413472 1.3230885 4.7143630 1.2920970 2.1859124 0.7873660 0.8631099 4.4639440 2.2852128 4.6862275 3.7305149 3.7305149 2.1674707 2.0762406 2.3672007 2.2924041 1.4295425 1.2710348 2.3975253 2.9312211 1.0228380 1.5931214 0.9960142 1.0154760 1.0131319 1.0975394 1.6171928 0.5771915 1.1838686 1.1252486 1.1252486 3.8814478 2.2789083 1.2076086 1.2076086 1.4812226 3.0532198 2.6453532 3.1052620 1.2529587 2.9591891 1.8035651 3.9314078 2.7173325 1.1731508 1.0292800 3.4695434 2.3982740 2.8097419 0.8718975 1.0487041 0.8104232 0.9295337 0.8798247 1.6259560 1.4650487 1.4650487 1.9964788 2.9715394 2.3462379 1.2288685 1.3036557 1.3134941 1.3134941 1.2995802 0.8521001 0.6320407 4.0455544 4.8996663 1.2341575 1.1454629 1.4127175 2.3241619 2.3899148 0.2475376 2.0161106 1.9837295 2.0679100 1.3689305 1.3689305 2.0636482 1.8169690 2.5150421 1.2897259 1.3142024 1.1599593 0.9477484 0.7281994 1.2003748 1.1906805 1.4692049 1.1027166 1.0829745 1.6076335 1.1511995 1.1511995 1.1521324 1.2540006 1.2670758 1.2670758 1.2348367 0.9782648 0.6710830 4.0581728 2.0730971 2.1198728 7.6817499 7.6817499 5.3557085 4.6886004 8.9999983 7.7608139 8.9999989 6.6167933 6.1509790 5.0858842 8.9999986 7.9164708 5.5724087 6.3276478 3.6614713 3.6119320 5.7115717 6.6280929 4.4333395 7.1628668 5.4201047 8.9999985 4.3720472 3.9858987 3.9858987 8.3500714 5.2982518 4.5489163 6.4896232 4.6372131 6.6395546 4.9320678 5.1385804 5.0877496 4.7619420 3.8707111 4.0508934 4.3796738 8.9999987 4.4627703 5.4794808 5.8026947 4.9806205 5.2378124 6.1791840 5.5746639 5.5746639 5.1025677 5.1025677 6.7017799 5.3932581 4.9644540 4.1812132 5.6723059 5.6723059 4.9501213 6.2052663 6.4649856 3.5174246 4.9528034 3.9106853 4.8710589 5.3687497 6.7296507 8.1470147 7.9572724 3.4760662 4.3233883 3.9823156 4.1872946 4.1872946 2.3192685 5.6550562 4.6180313 5.1454146 7.0326403 4.8428692 
LOC_Os08g38590.1 1.7712823 1.3529380 1.7903006 1.7903006 0.0000000 2.9488734 7.6085057 6.7630617 1.6018555 1.3012347 1.9516690 3.8739289 1.6501129 2.6834143 1.9781191 0.9869643 4.4424104 3.0469021 5.3301872 5.8306933 5.8306933 2.7409677 3.0330614 5.8556098 3.0451428 2.0129787 1.7189414 3.2058465 2.6935473 1.8719434 3.4970786 2.0470547 2.0478431 2.0470547 1.9176138 3.8719045 1.1494435 1.6526809 1.6211785 1.6211785 4.1064943 2.3518929 1.8014291 1.8014291 1.7141336 3.0181293 2.6699693 3.3744488 1.5411012 3.0901878 1.9112433 5.0422313 3.0216201 2.0670235 1.7144277 3.6317178 2.8695429 3.2854969 1.6856575 1.4224519 1.9326211 2.0636044 2.0413986 5.2106259 2.0232653 2.0098358 2.6502125 2.3707541 2.5697256 1.6296461 1.7869618 1.6963584 1.6824494 1.7247631 0.8439860 1.8199303 4.9142948 6.6372294 1.8418630 1.8101604 2.4907467 2.4992555 2.3981313 1.8650427 1.9840780 0.9208069 2.2162854 2.0051331 2.0051331 4.5485887 1.8326378 2.6682350 1.7727370 1.8003744 1.6160811 0.9532758 1.7701307 1.8929210 1.8929210 1.5635549 2.0527958 2.1023984 1.8323389 1.8531683 1.8531683 1.8689534 1.7211577 2.1284865 2.1284865 2.0171361 1.1492219 0.8457484 6.8027391 2.1271871 2.1640493 6.6130523 7.9989529 8.9999987 4.7317496 8.6416316 8.9999987 8.9999981 8.9999984 7.6858549 7.2093545 7.7462370 8.9999989 8.9999984 4.1934485 5.2414963 5.2051047 5.1967147 7.2615311 4.9969639 7.1894415 8.9999989 8.9999986 4.7211298 5.3668623 5.3668623 5.8607197 8.9999989 6.2035823 6.4544591 4.7100659 3.6441575 6.2535453 4.9737901 7.4562663 6.4312567 4.6024317 4.6887916 5.4560549 7.1871906 6.0097217 4.0554049 6.4711635 6.0182008 8.9999986 6.8607613 7.7055222 7.7055222 6.0571891 6.0571891 6.6417740 8.9999984 5.7328003 6.1876000 8.0506553 8.0506553 4.5437123 4.6692742 5.1572947 5.2441620 4.4950299 5.8865735 6.8961801 5.8599529 8.4464103 5.1097651 5.5681290 5.9140611 6.6462144 4.6958063 4.9338770 4.9338770 3.3430756 8.8133090 4.9115700 6.8631290 8.9999984 8.3127216 
LOC_Os08g07520.1 2.7027906 2.7027906 3.1578195 3.2975581 2.9488734 0.0000000 4.1583963 4.1583963 4.1271578 2.9280683 3.3024375 5.3300080 2.4919933 3.6924367 3.2239336 2.7690416 3.9629188 3.6201519 4.4253181 3.2847961 3.2847961 4.2344049 3.8654268 9.0000000 3.9884374 3.0388394 3.0388394 3.6573643 3.6859260 2.9421064 7.8998010 3.7635831 3.2541065 3.2541065 3.2541065 9.0000000 3.1741272 2.9222344 2.9222344 2.9222344 3.3801431 2.8037194 2.8047877 2.8047877 2.9908787 2.8179243 2.7699233 2.2657892 3.2438712 2.6115981 2.7419967 4.2712558 2.7657519 3.2121067 3.2121067 3.0392562 2.6570819 2.1738097 3.0800444 2.7439636 3.1530312 3.3328699 3.3328699 8.9999989 2.8255882 2.8255882 2.8383096 2.9416997 2.7533017 2.0019898 2.6441848 2.6716243 2.6716243 2.6716243 2.6110112 3.0751336 4.3587356 4.8827867 2.8298251 3.1000009 2.8298251 3.0147075 2.3201704 2.9311018 2.4128118 3.4133399 3.3536781 3.4111193 3.4111193 7.5686680 2.1716210 2.8420911 3.0799421 3.1433011 2.0039535 2.4926956 2.8910687 2.9458868 2.9458868 2.4001416 2.8832558 2.8832558 2.1652212 3.0968204 3.0968204 3.0968204 3.1672850 3.2486084 3.2486084 3.2486084 3.3429773 3.0049954 4.1029507 3.7220562 3.0696474 7.9367077 7.9367077 9.0000000 5.0919682 5.2018169 2.6151265 3.4076748 8.9999981 6.6756312 6.0991341 4.6608458 9.0000000 9.0000000 2.5440299 4.6641696 4.6641696 6.7872812 9.0000000 9.0000000 6.5877026 4.0503911 5.5210921 4.1991940 8.4327504 8.4327504 5.2018169 7.6840693 5.6518541 6.5334086 5.0060262 2.2602074 5.3191314 3.7941433 8.9999989 4.9704085 6.9093008 6.9093008 0.8073425 4.9876960 4.1862533 5.1103956 4.0334532 7.6567429 2.8142206 3.3276629 3.8194440 3.8194440 5.0044667 5.0044667 0.9703818 1.9693350 3.5763895 5.5793319 6.4513237 6.4513237 4.1862533 4.1685905 4.6608458 0.8073425 4.6648560 9.0000000 3.8937593 2.4263887 9.0000000 1.7294016 1.9897862 5.3188517 5.9535930 6.2621541 6.2621541 6.2621541 6.7389635 5.1303181 5.7609449 4.0774465 9.0000000 6.1604329 
LOC_Os08g14640.1 4.0691051 3.3401974 4.8399219 4.5292120 7.6085057 4.1583963 0.0000000 0.0032903 4.5821480 4.3015212 5.4826651 3.3854993 4.3050202 7.4282296 4.0047443 2.8133035 2.5987601 7.7510895 3.4451204 4.1053100 4.1053100 7.0616833 6.3068360 5.1130346 7.8559665 4.9903264 5.9351665 7.1611648 8.7447376 3.4823181 4.1591649 4.3059300 4.4066375 4.3059300 4.4445910 6.5428793 2.9381563 4.9289590 4.9289590 4.9289590 6.0300251 5.9786245 5.6448369 5.6448369 5.6008167 6.7331387 5.6728501 6.8726480 4.6620348 4.9898699 5.6099231 3.7439023 6.1048828 4.0469785 4.1372996 5.2176381 6.5005212 5.2081644 5.1078774 2.8026823 3.4683616 4.8868996 4.3747744 8.9999986 5.1743819 5.0096335 6.5622766 8.0331124 7.4950163 4.6128250 4.0788735 4.7783697 4.6847417 4.7783697 3.1866846 4.9045680 2.5550404 6.6130154 4.0216515 4.4261042 5.4680999 5.3280637 8.2610668 4.3268374 5.9565909 8.1013077 6.4276591 5.9171328 5.9171328 6.2015772 6.2209053 6.4466501 4.8876777 5.2856597 5.0542287 2.9866395 3.3520179 5.3931015 5.3931015 4.9570319 4.8740567 4.8740567 6.8825081 3.7430496 3.7430496 4.2115743 5.3870145 3.8864216 3.8864216 4.5203927 4.3135281 3.7392913 9.0000000 7.0612642 5.4059711 6.7772339 8.9999987 8.0614542 8.9999985 5.8581470 8.9999987 8.9999988 8.9999980 8.9999988 8.9999986 8.9999987 5.8357213 8.3595292 8.9999980 5.8607845 5.8607845 7.7511872 8.7317398 8.9999985 9.0000000 8.9999988 6.7016680 8.7028965 6.7343929 6.7343929 6.3304915 7.8935623 8.9999982 6.1902920 6.0230991 8.9999984 6.7526975 7.2603387 8.9999981 8.9999986 5.7959893 5.7959893 7.2139896 8.9999985 8.9999985 7.4375790 6.1276374 8.9999988 6.1372726 8.9999987 5.9917086 5.9917086 6.3723883 6.3723883 8.6206976 5.3047209 8.9999990 8.9999984 6.4048995 6.4048995 8.9999984 8.9999986 7.6990648 8.9999987 8.9999983 8.9999989 6.2146010 8.5565899 6.6276561 6.1325714 4.2284750 8.9999989 8.9999988 6.8736225 7.1878428 7.1878428 4.9505041 6.8325975 7.1942032 6.3551560 4.2134082 8.9999981 
LOC_Os08g14640.2 4.0691051 3.3401974 4.8399219 4.5292120 6.7630617 4.1583963 0.0032903 0.0000000 4.5821480 4.3015212 5.4826651 3.4124267 4.3050202 7.1651321 4.0047443 2.8133035 2.5665832 7.1625173 3.3890507 4.1053100 4.1053100 6.7091354 6.0925785 5.1130346 7.6352546 4.9903264 5.9351665 6.8610989 8.3620479 3.4823181 4.1591649 4.3059300 4.4066375 4.3059300 4.4445910 6.5428793 2.9381563 4.9289590 4.9289590 4.9289590 5.8716317 5.9545296 5.6448369 5.6448369 5.6008167 7.5220504 5.6567473 8.4700934 4.6620348 5.1750985 5.6099231 3.9490780 6.0840918 4.0469785 4.1372996 5.4088357 6.4827672 5.3161869 5.1078774 2.8026823 3.4683616 4.8868996 4.3747744 8.9999984 5.1743819 5.0096335 6.8375750 8.0331124 6.9239744 4.6128250 4.0788735 4.7783697 4.6847417 4.7783697 3.1866846 4.9045680 2.4915183 6.9923307 4.0216515 4.4261042 4.4930638 5.3280637 8.2610668 4.3268374 5.9565909 7.1573944 6.4276591 5.9171328 5.9171328 6.2015772 6.2209053 6.4466501 4.8876777 5.2856597 5.0542287 2.9866395 3.3520179 5.3931015 5.3931015 4.9570319 4.8740567 4.8740567 6.8825081 3.7430496 3.7430496 4.2115743 5.3870145 3.8864216 3.8864216 4.5203927 4.3135281 3.7392913 9.0000000 7.0612642 5.3591878 8.9999989 8.9999989 6.6736604 8.9999985 8.9999981 8.9999987 8.9999989 8.9999980 8.9999980 8.9999989 8.9999980 5.8357213 8.9999985 8.9999983 5.8642920 5.8642920 6.8100254 7.9435723 8.9999985 9.0000000 8.9999982 7.7826861 9.0000000 7.2723010 7.2723010 7.0629486 8.9999987 8.9999985 6.1892844 6.1280107 8.9999988 6.7035352 7.2603387 8.9999987 7.3348457 6.7086353 6.7086353 7.2139896 8.9999981 8.9999985 6.9690501 6.1276374 8.9999990 5.9604889 8.9999989 7.8407130 7.8407130 5.5651784 5.5651784 8.2226527 5.6147628 8.9999989 8.5273891 7.8753666 7.8753666 8.9999984 8.9999986 8.9999988 8.9999987 8.9999989 8.9999983 7.6471676 8.9999990 6.2955075 6.0690744 4.2284750 8.9999989 8.9999980 5.7513191 7.1878428 7.1878428 4.9505041 8.9999982 8.9999989 7.9473777 3.8997061 8.9999989 
LOC_Os08g41960.1 1.4157613 1.2148714 1.5161542 1.4287945 1.6018555 4.1271578 4.5821480 4.5821480 0.0000000 1.2418474 1.8292950 4.4007426 1.5133309 2.8782437 1.4622680 0.9882811 4.8676050 3.0856693 5.6291248 5.9981293 5.9981293 2.9261524 2.9163925 3.0047997 3.0662404 1.5324728 1.5723847 3.2384831 2.2674927 1.4707143 3.1385372 1.2771247 1.2517223 1.2517223 1.2911424 1.6685146 1.0401565 1.4151986 1.4151986 1.4151986 3.3885646 2.1187130 1.4257778 1.4257778 1.7211680 3.2065468 2.7610845 2.7067800 1.0385370 3.6626245 1.9337438 4.5947391 2.7988212 1.4883492 1.4545833 2.7086914 2.3136917 2.8660271 1.4548039 1.1189636 1.4011274 1.3159116 1.2432903 2.3119546 1.7216552 1.7216552 2.6689210 2.5202550 2.9661553 1.5090788 1.4965771 1.4884327 1.4884327 1.4375752 1.0960247 1.3265006 3.5310386 4.5894297 1.5433949 1.4236155 1.5433949 1.8792578 2.0784547 1.4171325 1.9824822 1.6975649 1.8327064 1.4886746 1.4886746 2.6006910 1.7159177 2.4354781 1.4227354 1.7381752 1.4065040 0.6578406 1.4482911 1.8222548 1.8222548 1.5836173 1.6486458 1.6636138 1.7841715 1.4320009 1.4320009 1.4699590 1.4037970 1.6157873 1.6157873 1.5995384 1.4238390 0.9247169 6.6129592 1.7144957 2.1082127 9.0000000 9.0000000 5.7184744 5.5372391 8.9999985 8.9999986 9.0000000 7.7577359 8.9999984 7.7144581 8.9999981 8.2685963 5.4977069 8.9999984 5.0524223 5.1041904 7.4202932 5.8266578 4.8313107 8.9999987 9.0000000 9.0000000 5.5809060 4.5857336 4.5857336 9.0000000 8.9999989 7.4114703 8.9999990 6.0872926 8.9999982 5.5556618 9.0000000 7.6972219 6.4321931 4.6677603 4.6677603 3.9268354 9.0000000 4.5529866 5.7947266 5.7511833 7.5798842 8.9999988 8.9999988 8.9999984 8.9999984 8.4102151 8.4102151 8.9999990 8.9999983 8.9999990 4.4657151 8.0755831 8.0755831 4.7409843 7.2508489 9.0000000 3.7774823 5.1506222 8.0392253 7.7624813 8.9999989 9.0000000 8.9999988 8.9999989 5.3694016 6.6099635 5.0383672 4.8832446 4.8832446 3.3994875 8.9999986 5.2357680 7.9334319 6.7986453 8.9543171 
LOC_Os08g33488.1 0.8473258 0.8487088 0.9413472 0.9413472 1.3012347 2.9280683 4.3015212 4.3015212 1.2418474 0.0000000 1.0331477 3.5722456 0.5444126 2.5425107 0.8690556 0.5215956 5.7869510 2.6898664 3.7945294 3.6014648 3.6014648 2.6573454 2.6264902 1.8531415 2.7611422 1.0025016 0.9775120 2.8754786 2.0484342 0.8443041 1.2027976 0.9063776 0.8953565 0.8953565 0.8953565 1.0313611 0.8427015 0.8598866 0.8598866 0.8598866 3.2933162 2.0091525 0.8959268 0.8959268 1.2892793 2.5707136 2.1178199 2.3266780 1.1797458 2.9229320 1.5852982 2.7982812 2.2938960 1.0767081 1.0629505 2.1816263 2.1243777 1.9241806 0.9050767 1.2582255 0.8962049 0.8618602 0.8618602 1.6887316 0.8983591 0.8983591 2.0842105 2.3041818 1.9312694 0.8402119 0.9513987 0.4100669 0.4100669 0.3727554 0.3146322 0.8570595 3.3399160 4.4476235 0.8920235 0.4300989 0.8920235 1.5513011 1.9422913 0.9889450 1.5399325 1.5714233 1.8534679 0.9208711 0.9208711 1.5643197 1.6705855 1.6588914 1.0970557 1.0089638 0.8275797 0.5353978 0.9190939 1.2174845 1.2174845 1.2558567 0.9771291 0.9670467 1.6547662 0.8773279 0.8773279 0.8773279 0.8527476 1.1563041 1.1563041 1.1563041 1.0278416 0.7828679 4.3450869 1.8733930 1.8039293 6.4696552 6.4696552 3.9443837 3.4222057 7.5407646 6.0860510 8.9999986 5.6126598 5.9751307 5.0857226 8.2145435 4.0311360 4.1742793 4.0124696 3.3796671 3.3796671 5.2106569 4.0386580 4.1728650 6.6396419 4.7357825 8.9999986 3.6972347 3.2162947 3.2162947 7.6872992 6.0970961 4.5652396 6.6290291 4.6144709 4.0664000 5.3609276 6.5202384 4.3751057 4.4598100 3.1083150 3.1550359 3.1252716 6.7415045 3.8715969 4.3246760 4.3438956 4.9983292 6.5850051 4.6041949 4.9844677 4.9844677 4.5382666 4.5382666 4.6724322 7.9151619 4.3452890 3.9502225 4.9437133 4.9437133 3.8715969 6.8653408 7.8640680 3.3810693 3.6277405 3.9011264 4.1312224 5.0934989 6.5847400 5.2291243 4.9126673 3.3908257 4.7725530 3.3396277 3.8307855 3.8307855 2.4298128 6.1489616 3.7518946 4.4161940 5.0646842 4.8714811 
LOC_Os08g02070.1 1.2893350 1.0937125 1.3230885 1.3230885 1.9516690 3.3024375 5.4826651 5.4826651 1.8292950 1.0331477 0.0000000 4.2593608 1.3003466 2.3381524 1.2895929 0.8341768 4.9807299 2.5857689 5.6688239 3.8762923 3.8762923 2.2899663 2.4781754 3.1234516 2.5736567 1.5152678 1.3986366 2.7001793 2.5378186 1.2074653 1.8120281 1.3510005 1.3410920 1.3410920 1.4591019 2.0984070 0.8942732 1.2276510 1.1929623 1.1929623 4.4453503 2.6637425 1.3193429 1.3193429 1.4350390 2.8946644 2.7740236 2.8245079 1.6007580 3.3901576 1.7564928 4.7706426 2.8512094 1.5371081 1.3603454 3.0135064 2.3313172 2.7944192 1.3953115 1.3717046 1.2813186 1.2854292 1.1977713 2.1531566 1.5369878 1.5369878 2.0933160 3.5041816 2.5964970 1.4545601 1.3570666 1.3881611 1.3743270 1.3787549 0.8256558 1.3183308 5.6575540 4.5497335 1.6586130 1.3401151 1.6788438 2.4690886 2.2269217 1.4313688 1.8877381 1.9659783 2.1429851 1.6558267 1.6558267 2.6931935 2.1192135 2.4284650 1.4697991 1.3736380 1.3623132 0.8786931 1.2650526 0.7043286 0.6997973 1.4075513 1.3140658 1.2885035 1.9422645 1.4146180 1.4146180 1.3920171 1.2047129 1.4670156 1.4670156 1.4339555 0.9991337 0.8003020 4.3171868 2.3732977 2.3573810 5.2293523 5.2293523 5.8999542 4.1055020 5.2132918 5.7926812 8.3255045 6.7921365 5.3463883 4.3241961 4.5111514 6.5530630 5.8723664 5.5396276 3.6071812 3.6071812 4.4989245 5.7870909 4.5510576 5.9196824 5.3564447 7.5284359 5.3621137 3.3119449 3.3119449 5.1648266 3.8496419 4.1764329 4.1263308 4.4346993 4.8052648 4.7496158 6.4244080 3.9808317 4.7315668 3.1048763 3.1428984 4.4520172 7.6249555 5.1438397 4.7211538 4.2289711 4.1764352 7.5052596 4.6520778 6.1155071 6.1155071 5.7090302 5.7090302 6.2112838 8.1260428 4.9639267 4.3348594 6.2378421 6.2378421 4.1623212 4.3903546 4.8528445 3.8034540 3.6882683 3.9791452 4.4979355 4.4540095 5.6780840 6.4110085 4.4719321 4.6170017 6.8685026 3.6060325 3.8830031 3.8830031 1.8948101 4.0953120 3.8546564 4.6988814 5.0315654 4.2576489 
LOC_Os04g31804.1 4.6337512 4.5804708 7.2484487 4.7143630 3.8739289 5.3300080 3.3854993 3.4124267 4.4007426 3.5722456 4.2593608 0.0000000 4.4445592 4.8434297 4.8581839 2.8468414 0.4895289 5.7392316 2.8481262 6.3834167 6.3834167 5.4582834 4.7589468 3.6171363 5.7230203 4.4953101 4.8983100 5.6774537 5.1929445 4.1856443 7.3681313 3.7434977 3.7434977 3.7434977 3.9561726 5.2416241 3.0371464 4.5770977 4.5770977 4.5770977 4.6960148 3.8242414 4.6165351 4.6165351 4.6459972 4.9070510 5.3374407 4.2981037 4.8445672 5.0723823 3.9149173 4.5679648 3.4059871 3.7408546 3.8489739 7.1126331 3.2226992 4.3000221 4.2893711 3.2849197 3.8038387 3.9114547 3.9114547 7.7709081 4.1298917 4.1298917 4.1197706 5.5106074 3.6132546 4.5960752 5.3793499 4.4398683 4.3963157 3.7638396 2.7747586 4.8257424 2.0219348 9.0000000 3.4986383 3.9396754 4.0106060 4.9151731 3.4583534 4.8821988 3.4619848 4.5146446 5.3180666 4.1307026 4.1307026 6.2500289 3.9651863 5.1127769 4.3817816 5.8694448 4.6023229 2.9330998 3.4008621 3.9774818 3.9774818 3.6043184 3.8260764 4.1725427 3.6575845 3.8435333 3.8435333 3.9547840 4.3538718 3.7939501 3.7939501 3.7464722 4.7943972 4.6312095 3.0454791 4.5935277 4.0480260 8.9999986 8.9999986 6.4156749 9.0000000 8.9999988 8.0499190 9.0000000 7.1083460 7.0729591 8.9999984 8.9999986 9.0000000 4.8853397 8.5912506 8.9999988 8.9999988 7.1641118 7.7039145 8.9999984 6.6904602 8.9999987 8.9999983 8.9999989 8.3697532 8.3697532 4.5165974 5.8867296 7.5227701 6.6638003 8.9999989 9.0000000 9.0000000 5.5098844 9.0000000 8.9999989 6.6111638 6.5120649 7.5900185 9.0000000 9.0000000 6.3430469 9.0000000 8.9999983 5.6883674 8.6248036 5.2941673 5.2941673 5.5800725 5.5800725 9.0000000 9.0000000 9.0000000 9.0000000 5.1708367 5.1708367 9.0000000 9.0000000 9.0000000 8.9999984 8.9999982 9.0000000 8.9999988 9.0000000 8.9999983 6.8650005 4.2416437 9.0000000 9.0000000 9.0000000 8.9999986 8.9999986 8.9999989 5.9769241 8.9999983 8.9999987 4.9342628 8.9999989 
LOC_Os04g23910.1 1.2475951 1.1140974 1.2920970 1.2920970 1.6501129 2.4919933 4.3050202 4.3050202 1.5133309 0.5444126 1.3003466 4.4445592 0.0000000 2.7350646 1.2483059 0.5849534 5.7581589 2.7978931 3.1924991 3.4018285 3.4018285 2.3459941 2.7289712 2.0176949 2.8541252 1.1724147 1.1617372 2.9762521 2.5826171 0.9988595 1.4857650 1.2034431 1.1959677 1.1959677 1.1718718 1.6972115 0.8895089 1.1370999 1.1370999 1.1370999 3.8811539 2.1427099 1.1334454 1.1334454 1.4926835 3.2472078 2.8358720 3.2314189 1.4899741 2.7757791 1.7471091 3.2842734 2.8552376 1.3193077 1.2838858 3.3271120 2.4357008 2.5648267 1.2339037 1.2993272 1.1005331 1.1340765 1.0963694 2.0044290 1.3426430 1.3426430 2.0928005 2.4900467 2.2494608 1.2070067 1.0658018 0.7324116 0.7311430 0.7218839 0.4545682 1.1568391 3.6796987 4.3557542 1.3132648 0.6884210 1.3132648 2.3168526 2.3759127 1.3214470 1.6951497 1.9022586 2.5076548 1.2989128 1.2989128 2.1226825 2.0868490 2.4779508 1.4260897 1.2392806 1.2158617 0.6203296 1.1030272 1.4323538 1.4323538 1.3336415 1.1288974 1.1178249 1.8223568 1.2167977 1.2167977 1.1861752 1.2220965 1.3916430 1.3916430 1.5003540 1.0586787 0.8375576 4.0468649 2.2476750 2.3106541 8.9999987 8.9999987 4.5209632 5.1646431 8.6377935 8.9999984 9.0000000 6.8663192 7.7464407 6.2789491 8.9999987 5.2117565 4.8774231 6.7609279 4.7567047 4.7889954 5.8271079 4.4679216 4.3500330 8.9999981 6.0377038 8.9999984 4.9620281 5.0319298 5.0319298 8.9999982 7.2559206 5.0200099 8.9999981 5.3683050 6.4654311 4.7187423 6.4766646 5.4415745 5.3349632 4.7675455 4.8704092 4.0107329 8.9999989 4.4316700 4.2734818 4.8943425 5.3646043 6.6966310 5.5819043 5.8979462 5.8979462 4.9840233 4.9840233 6.0283334 7.6015216 6.6750172 4.8941224 5.6503122 5.6503122 4.0060586 8.9657396 8.9999984 2.8711489 4.3585512 6.3134899 5.5124169 6.8660614 7.0307116 6.8722800 6.0375423 3.4614300 4.5126782 4.9205380 4.4255383 4.4255383 2.6578315 8.1300889 4.2046361 5.7662268 5.0668585 5.6619741 
LOC_Os04g25870.1 1.9020537 2.1304721 2.4029729 2.1859124 2.6834143 3.6924367 7.4282296 7.1651321 2.8782437 2.5425107 2.3381524 4.8434297 2.7350646 0.0000000 2.4263923 1.9318137 6.3220430 0.1587370 5.0250217 3.6230158 3.6230158 0.2265656 0.2117275 4.1743976 0.2003754 2.5852920 2.3021153 0.1525440 3.6951383 2.5014847 4.2444712 2.5695992 2.3792206 2.3792206 2.3066599 3.6833473 1.8999956 2.7740871 2.7740871 2.7740871 3.2472351 1.3982585 2.8362009 2.8362009 2.4343565 3.4165089 2.6115442 2.2555193 2.6371540 3.4990091 2.5800791 5.8882334 2.2703298 2.2422747 2.1519306 4.7817076 1.0433757 2.4105494 2.6246539 2.2613276 2.7514363 2.4563054 2.3463903 3.3608628 2.4997992 2.5147719 0.5003264 3.5417717 1.0776379 2.2428246 2.4214089 2.5062218 2.5062218 2.4542034 2.2212699 2.4411375 5.2413205 4.1617480 2.5397732 2.6246632 3.1005251 3.1804262 3.4335198 2.1793185 2.4010909 2.3750445 2.7008404 2.4197322 2.4197322 4.1781616 2.4795657 2.4146786 2.6381891 2.4949091 2.1855281 1.5949232 2.8113393 2.7215109 2.7215109 2.0509394 2.3145213 2.2700572 2.6856354 3.1217055 3.1217055 3.0657348 3.0016135 2.1446485 2.1446485 2.0318644 2.6501694 2.0609409 5.6131074 3.6432493 3.1263394 8.9999981 8.9999981 6.5919526 4.6793743 8.9999982 6.3348323 6.0122807 5.3563620 8.9999988 5.6371228 6.8438857 7.8866869 6.8798327 8.9999985 5.0818117 5.0818117 5.0438139 5.9287425 6.3016407 8.2144152 4.5972914 8.7730667 8.6155801 5.0167935 5.0167935 6.2209093 6.9636453 4.3258821 8.9999988 8.9644875 8.3716377 5.6896714 8.9999983 5.6583775 4.2306692 5.4286892 5.3316897 5.0135392 6.1292399 7.5629957 5.0450118 6.6233046 6.0562472 8.4060302 6.8456596 5.3423998 5.3423998 5.8112211 5.8112211 5.5243855 8.2816736 8.2038924 6.1175040 4.6181530 4.6181530 7.5629957 4.5367859 7.1410740 5.1720673 5.2112031 5.8545043 5.7202786 7.1076961 5.5222198 8.9999987 9.0000000 8.6616836 8.0307753 5.6713549 4.9296037 4.9296037 3.8783733 7.1777407 3.8472212 5.8528485 4.4949774 5.7513425 
LOC_Os04g49150.1 1.0277296 0.7169472 0.8283305 0.7873660 1.9781191 3.2239336 4.0047443 4.0047443 1.4622680 0.8690556 1.2895929 4.8581839 1.2483059 2.4263923 0.0000000 0.9864761 4.7311680 2.5622456 4.8366588 3.1868152 3.1868152 2.2199734 2.4089356 2.4107190 2.5617909 1.2532681 1.2092475 2.7636956 2.6774427 0.9800483 1.5750706 1.0339000 1.0091588 1.0059154 0.9204813 1.6560079 0.5723362 1.2301700 1.1474931 1.1474931 3.3865560 2.2797036 1.1217598 1.1217598 1.5041696 3.5560273 2.7691410 2.6074943 1.3417442 2.9798958 1.7045711 4.0847242 3.3188475 1.2212037 1.0581527 3.2800546 2.2737956 2.6232003 0.8931164 0.9087979 0.7409536 0.9616182 0.9181370 1.6557204 1.2434093 1.2434093 2.0507939 2.7131412 2.3836306 1.0420802 1.2887409 1.2347778 1.2160446 1.2083120 0.8108647 0.3492182 3.6064897 5.7307788 1.0252143 1.2156384 1.2610312 2.3840230 2.1599686 0.7296553 1.8462254 1.8129039 2.3525714 1.4237527 1.4237527 1.9032580 1.7837947 2.1785168 1.2059595 1.2187942 1.0049422 0.8689590 0.6756397 1.1104035 1.1104035 1.4156043 1.2495742 1.2389742 1.5961912 1.1165439 1.1165439 1.1508847 1.3437360 1.2910683 1.2910683 1.2567563 1.0209889 0.7535763 4.0664369 1.9837761 2.3713655 4.2397708 4.2397708 3.3440132 2.9978103 5.9303263 5.8118614 6.7267770 4.5802164 4.7788644 3.7446837 4.2918494 5.7249044 4.6387926 4.0001273 3.5100749 3.5130337 3.9475565 4.0271893 4.5205072 5.0665909 3.7725472 8.9999988 3.2253882 3.1412864 3.1412864 3.4353619 5.1306644 3.3605528 4.5625612 4.1340041 4.2807940 3.6141660 8.1406388 3.7074503 3.5578926 3.0046148 3.0364447 3.5930223 6.6301026 4.6421634 4.1458219 3.4715396 3.5059948 3.4735749 4.5348482 5.2902040 5.2902040 6.7806298 6.7806298 8.0158089 4.0055732 3.9837633 3.0177428 7.5216735 7.5216735 4.2341559 4.9325777 3.6275113 3.4842932 3.3880345 3.3907008 3.3686953 4.9838262 4.1340589 5.0463731 4.4453566 4.0214535 5.4211150 3.4652530 3.9767027 3.9767027 2.2754025 4.7529149 3.3680422 3.5365328 5.3913884 3.6422376 
LOC_Os04g38770.1 0.8824462 0.8824462 0.8631099 0.8631099 0.9869643 2.7690416 2.8133035 2.8133035 0.9882811 0.5215956 0.8341768 2.8468414 0.5849534 1.9318137 0.9864761 0.0000000 4.5166990 2.0225783 4.5585210 2.1791762 2.1791762 2.0354065 2.2175629 8.9999984 2.0879734 0.8925010 0.8925010 2.2010836 1.6655754 0.8142151 1.9099171 0.8921246 0.8629657 0.8629657 0.8629657 9.0000000 0.8629657 0.7420036 0.7420036 0.7420036 3.0357152 1.6506368 0.7969028 0.7969028 1.0931205 1.8562487 1.4251382 2.0198979 0.9620555 2.3658823 1.3366967 1.9345203 1.8145932 0.7853103 0.7853103 1.7997022 1.5814302 1.5627259 0.6717209 1.0203209 0.7921652 0.8278257 0.8278257 9.0000000 0.7312011 0.7312011 1.6325788 1.6898101 1.9248256 0.8816491 0.7969988 0.3833048 0.3833048 0.3833048 0.3833048 0.9376530 3.5138590 5.6461971 1.0181689 0.2133643 1.0181689 1.2796909 1.6989886 0.8874635 1.2020888 1.2578966 1.4856059 0.7798131 0.7798131 4.0827013 1.1809928 1.3527160 1.1004481 1.0831807 0.7741454 0.5450204 0.9053717 0.9703958 0.9703958 1.2218590 0.9161628 0.9161628 1.1960223 0.8382869 0.8382869 0.8382869 0.8218560 0.8758215 0.8758215 0.8758215 0.9934091 0.8311215 5.6473971 1.6484721 1.2368099 9.0000000 9.0000000 9.0000000 2.4882264 9.0000000 8.9999990 9.0000000 9.0000000 6.6660447 6.2781457 9.0000000 2.8437041 9.0000000 9.0000000 2.7714448 2.7714448 4.6816162 9.0000000 9.0000000 8.9999982 5.3218234 9.0000000 9.0000000 2.9273293 2.9273293 9.0000000 2.0936346 4.4908296 8.9999988 4.8879303 9.0000000 4.5090278 7.1510602 4.3892071 3.4780350 2.3393223 2.3393223 9.0000000 9.0000000 9.0000000 3.8469257 2.8097394 4.3515648 4.7782636 7.3655308 5.9646101 5.9646101 3.2453163 3.2453163 9.0000000 9.0000000 9.0000000 2.1586300 9.0000000 9.0000000 9.0000000 6.8083059 9.0000000 9.0000000 3.1285311 3.5652011 3.7853160 6.0144365 9.0000000 9.0000000 9.0000000 4.5765451 9.0000000 3.2347514 3.2347514 3.2347514 2.3121481 2.4909288 3.2107046 4.5362069 9.0000000 5.7738206 
LOC_Os04g31790.1 6.0187673 5.9318575 4.4639440 4.4639440 4.4424104 3.9629188 2.5987601 2.5665832 4.8676050 5.7869510 4.9807299 0.4895289 5.7581589 6.3220430 4.7311680 4.5166990 0.0000000 7.2985997 1.8563992 8.9999989 8.9999989 7.3688530 5.7404140 3.5079266 7.0625461 4.7496953 4.6687975 7.2985997 6.0370477 4.6507557 9.0000000 3.8092571 3.8092571 3.8092571 3.9436357 4.4648390 3.4394882 5.1729717 5.1729717 5.1729717 4.3849774 5.4776594 5.0263415 5.0263415 8.9999989 5.2756175 4.7083933 4.9269862 4.4484924 5.7743784 5.1982873 4.7614222 3.3908847 4.4476486 4.3330861 6.9221943 3.7065893 3.7908333 5.2173656 4.0946130 4.6567316 3.6348916 3.6348916 8.9999988 3.9738589 3.9738589 5.4469774 9.0000000 4.1310810 5.3426108 6.5665599 5.5125094 5.5125094 4.5172612 3.9718215 5.2781926 2.2981441 7.7723925 3.8928269 6.0470196 5.1879284 5.7661443 4.4789416 4.8666067 5.0177936 4.0909201 5.0359634 6.7966275 6.7966275 8.9999980 4.2994660 8.9999983 4.6972011 5.2306723 5.1127103 5.0309851 4.3790020 5.5155429 5.5155429 5.3893399 4.6514118 4.0523713 5.3615083 6.3200697 6.3200697 6.3200697 4.5531928 4.7495106 4.7495106 4.3942713 4.4539976 4.2302610 5.9365079 6.7560197 5.2036916 8.9999985 8.9999985 3.5076059 2.9443806 7.5546089 4.7360589 8.9999986 2.8557665 6.5671960 8.1268463 6.6358271 9.0000000 2.5591907 2.2030812 6.7865198 6.7865198 8.9999986 5.9474292 9.0000000 5.1107163 5.5973406 8.9999990 5.0031678 4.8332400 4.8332400 4.6936065 8.9999990 6.5714405 6.4816687 7.6834819 6.7534873 5.1746909 6.1987064 8.9999982 6.9336927 5.0766484 6.0163982 9.0000000 6.6790914 9.0000000 5.6058007 7.1890481 6.1629005 4.7611367 8.9999989 8.9999982 8.9999982 7.4066694 7.4066694 8.9999983 9.0000000 3.6858613 3.4548608 9.0000000 9.0000000 9.0000000 9.0000000 7.1343837 9.0000000 6.7276663 4.8098956 8.9999985 8.9999988 8.9999989 8.9999983 4.5384420 8.9999988 8.9999983 9.0000000 8.9999983 8.9999983 8.9999986 9.0000000 8.9999987 8.9999985 4.3933535 9.0000000 
LOC_Os04g24790.1 2.0660509 2.3082858 2.5076651 2.2852128 3.0469021 3.6201519 7.7510895 7.1625173 3.0856693 2.6898664 2.5857689 5.7392316 2.7978931 0.1587370 2.5622456 2.0225783 7.2985997 0.0000000 5.2450972 4.0684002 4.0684002 0.0885897 0.1640140 3.8514827 0.0689521 2.7494690 2.4825859 0.0388964 4.3117786 2.5862192 3.7310197 2.6935735 2.5010169 2.5010169 2.4171332 3.2956382 2.1279086 3.0770419 3.0770419 3.0770419 3.3728591 1.4262477 3.1781306 3.1781306 2.7382855 3.0939582 2.7175525 2.4094403 2.8657204 3.2918127 2.7255184 7.1394157 2.2969624 2.4666462 2.3666184 5.5105636 1.0380061 2.4734704 2.8477794 2.6928953 2.9284181 2.4869330 2.3668931 3.2271315 2.4363805 2.4498766 0.4606172 3.5857138 1.0601159 2.2973623 2.5788079 2.7560393 2.7560393 2.7076455 2.5337736 2.6599818 5.3496561 4.1225154 2.7444972 2.8155319 3.2876731 3.2630821 3.6200929 2.3862886 2.5983959 2.6144696 2.8344325 2.6899133 2.6899133 4.5319166 2.7163935 2.6514255 2.6902726 2.7735783 2.4827581 1.8692069 3.0757165 3.1088335 3.1088335 2.2976860 2.4490530 2.3995923 2.9841609 3.5212811 3.5212811 3.4081245 3.2533412 2.3882603 2.3882603 2.2382346 3.0775559 2.4235095 5.6705721 3.9384034 3.5307891 8.9999981 8.9999981 6.8639615 4.8041017 8.9999990 6.5706325 6.5614553 5.6026880 8.9999989 7.0533127 6.6925987 7.2622191 6.6582181 8.9999985 7.2762487 7.2762487 5.9612603 6.1490002 6.5934251 7.9069467 5.3535585 8.9999982 8.9999987 6.3003541 6.3003541 8.4156378 5.8136841 5.4199090 8.9999985 7.8134401 8.9000953 6.8608933 8.9999982 6.6100160 5.1476305 7.4655290 7.2858367 6.1904107 6.4595471 7.7371008 5.4199791 6.8609914 7.8462712 8.9999981 7.7429439 6.5811047 6.5811047 5.8148042 5.8148042 6.0079662 8.9999987 8.9999980 5.8507969 4.9218741 4.9218741 7.7371008 5.6173301 6.9675443 6.2840358 6.9595860 7.5030202 6.9646957 6.5577616 5.4503666 8.9999988 9.0000000 8.9999990 7.5675496 7.6388284 6.8510783 6.8510783 5.3342429 6.4181507 5.1491791 7.0986791 5.5260405 7.8523607 
LOC_Os04g51180.2 4.0255953 4.8091363 4.7833728 4.6862275 5.3301872 4.4253181 3.4451204 3.3890507 5.6291248 3.7945294 5.6688239 2.8481262 3.1924991 5.0250217 4.8366588 4.5585210 1.8563992 5.2450972 0.0000000 5.7182339 5.7182339 6.0111512 4.3710718 3.4407327 4.6411132 4.0298009 4.4379714 5.4090915 7.0013277 3.1717394 3.0209543 3.1652303 3.1652303 3.1652303 3.1070065 2.7050937 3.8236659 4.4784309 4.4784309 4.4784309 5.5684404 5.8710229 4.7406146 4.7406146 6.1771686 5.5269546 4.8720098 5.5849624 4.1753948 3.9946584 6.6197133 3.3113350 4.7724570 5.5684178 4.9923975 4.2995277 5.4176095 3.8015366 4.3831198 4.7983755 3.9430167 3.5268387 3.3194543 3.1222901 3.6784814 3.6784814 4.2804507 6.5024628 4.2092455 3.2809926 5.1974645 4.2287604 4.0613218 4.1184553 4.4797285 3.9471230 1.9000916 4.5751292 4.6094557 4.5499836 5.1134987 8.9999982 3.5598319 4.4911588 7.6593527 4.1498022 4.9914344 3.9340886 3.9340886 2.9035175 4.6541211 6.5857151 4.3624312 4.8189023 3.4973556 4.1524406 4.4524298 6.1371572 6.1371572 6.1540323 4.0316650 4.1975373 5.8753063 6.0237901 6.0237901 6.3299840 5.1122386 6.0309089 6.0309089 7.2219036 7.1945333 6.0746698 3.9767809 5.3511135 5.2042598 8.9999980 8.9999980 5.4421206 6.0098372 4.6043404 4.8503475 9.0000000 3.3340343 9.0000000 6.4753217 5.2457894 9.0000000 5.9236085 4.9350094 7.3702760 7.3702760 4.9790336 4.3261793 6.8133330 9.0000000 4.2665865 6.9295871 5.4599650 7.8284044 7.8284044 4.0463333 5.9798159 6.1856002 5.3276335 3.8360793 7.4868482 7.0835329 7.1501390 8.3574283 6.8834621 5.3628131 5.3628131 8.5652628 9.0000000 5.4615437 9.0000000 5.8978565 6.5375284 8.7490604 8.9999982 6.7713513 6.7713513 5.7509017 5.7509017 4.3509545 9.0000000 5.4311390 6.7824516 6.4497813 6.4497813 6.5386421 8.9076921 3.4810419 6.9247694 5.2063981 7.6675359 8.9999984 9.0000000 9.0000000 4.5610346 7.4836879 5.8000083 5.5353045 6.3860164 6.1450384 6.1450384 8.9999984 5.9317826 5.4476429 8.9999986 4.5254905 3.8509326 
LOC_Os04g35510.1 2.6423689 3.0365274 3.8303714 3.7305149 5.8306933 3.2847961 4.1053100 4.1053100 5.9981293 3.6014648 3.8762923 6.3834167 3.4018285 3.6230158 3.1868152 2.1791762 8.9999989 4.0684002 5.7182339 0.0000000 0.0000010 4.0051453 3.7856777 5.3737253 4.2914117 4.4469044 4.8114462 4.0641320 4.4076721 3.3599969 3.8383708 3.2458329 3.0840797 3.0840797 3.0866944 4.5688241 2.2550121 3.6631038 3.6631038 3.6631038 5.4869637 3.6205100 3.7877795 3.7877795 5.9689257 2.6954098 2.9111913 3.2129763 5.5988522 4.3147517 3.5180116 4.4028022 2.5879188 3.7144246 3.5791791 3.8385237 3.6433684 2.4064266 2.8776525 3.7387908 3.3228258 2.9430934 2.9852195 3.4666277 4.7791443 4.6536805 3.7835873 5.3362446 3.4644427 3.5834032 3.3738808 3.0287998 3.0287998 2.9595080 2.3923189 3.1756274 3.5710639 4.2307298 3.0708061 3.2574106 3.0708061 4.5659802 3.7091769 3.4706645 3.3567586 4.9151284 4.3577774 2.8073468 2.8073468 6.6469343 4.8001728 4.1515921 4.2790852 3.6651212 3.7218307 3.2333288 3.7023353 3.6946469 3.6946469 3.4022994 3.2473766 3.2470129 4.6773489 4.0580896 4.0580896 3.7413781 3.7148981 3.6188668 3.6188668 3.7813781 3.5953078 3.1883910 4.8439784 4.2323872 4.1952705 4.0950326 4.0950326 3.5228052 3.8499107 3.4237371 3.8265061 5.9246591 3.7200874 4.3123617 3.5287193 3.4207437 3.0290355 3.5811717 3.2400712 3.6907327 3.6907327 3.9471848 3.2359106 4.1651298 4.9174156 2.9148982 4.9281051 3.1649307 3.8862457 3.8862457 3.5657464 3.3950085 4.0694220 4.3291756 3.9090580 3.5078656 3.8054904 4.3323900 4.9865068 3.7726097 3.5660433 3.5274665 3.7051974 5.2005889 3.7715108 4.4897762 3.7355179 4.1442766 4.8683234 4.4902861 4.1245132 4.1245132 4.4793648 4.4793648 3.0546249 4.9865418 3.8178543 3.3755795 4.2368431 4.2368431 3.4923666 3.8483661 3.3773277 3.5396719 3.2775203 4.0533756 2.9175772 3.5252938 3.4229445 3.7844809 3.0915969 3.5731381 4.2117053 4.3005947 4.7618271 4.7618271 5.8442362 3.0995507 3.4668178 2.9310406 2.8073751 3.5392127 
