162
CKAN_01596700                      0.0000000 1.4729901 3.2312771 1.7920972 1.6391702 1.4295634 2.5172002 1.4332578 1.5854845 2.5023548 1.9286767 1.4473906 1.6041729 1.7169673 2.4592510 1.4571791 1.9248209 1.6570135 1.7272045 1.8469498 3.5323729 1.4803022 1.4387807 1.4104047 2.2800207 1.7471750 2.3658025 1.4050609 1.7922170 1.8557182 1.3961741 0.3087188 0.2191712 0.2803702 0.2803702 0.2491648 0.2137712 0.2749650 1.9250039 0.3621194 0.3621194 0.4609410 0.3765632 0.3392297 0.4082582 0.4082582 0.3008793 0.3008793 0.3366814 0.3369719 0.4261729 0.4228790 0.3508201 0.4837646 0.4837646 0.4261729 0.4397371 0.8633270 0.4158588 0.4189921 0.4189921 0.4331656 0.4671915 0.3859200 0.4522017 0.3931745 0.4431181 0.3731869 0.8707137 0.3731869 0.4843794 0.4817875 0.5725418 0.6580333 0.9467251 0.4516830 0.4516830 0.7891337 0.4932601 0.4932601 0.8255776 0.7343849 0.5732245 0.7009708 0.7009708 0.5732245 0.5566821 0.5566821 0.5957793 0.8987785 0.8987785 0.5957793 1.1553815 0.6073998 0.6739431 0.7100208 0.6255002 0.6255002 0.6208509 0.6208509 0.8529878 0.9655871 0.5920235 0.5920235 1.2063831 2.4756394 0.9485302 1.1275413 1.2800028 0.7485618 1.1524544 1.1524544 1.1092222 1.6170172 1.3367508 1.1290155 1.0948125 1.1707045 1.2184610 1.1665736 2.0599515 1.4415466 1.2009928 1.0306887 2.2504681 0.9548130 2.1436769 1.9365241 1.9365241 1.8746730 0.8947112 2.0452753 1.8082019 2.2358920 1.4452406 1.4452406 1.9560893 1.4871151 1.4871151 1.4849558 1.1094958 1.4194679 1.4662636 1.4183187 2.1799783 1.1070161 1.3965678 1.0953288 2.1165290 1.4091839 1.8730700 2.3403362 1.4400692 1.6666434 1.1586292 2.3295017 1.1686429 0.9282918 1.9718731 1.7069218 1.0772272 1.2322899 
CKAN_01533600                      1.4729901 0.0000000 3.8949236 1.3625844 1.8154491 0.3377194 2.8286302 0.2698408 1.4089455 3.0438915 2.3771664 1.5884537 1.4432905 1.2929919 2.2208612 1.5324561 1.9067752 1.5430722 1.2751789 1.6805034 4.5438186 1.6514404 1.4490723 0.3835381 2.0353399 1.6674878 2.0132317 0.2846285 1.8393728 2.1963149 1.6032172 0.1627397 0.1909948 0.0210561 0.0210561 0.0210561 0.2423161 0.2424495 1.7344650 0.1668837 0.1668837 0.4393704 0.4030881 0.2914079 0.3069175 0.3069175 0.0422609 0.0422609 0.1675698 0.3688900 0.2193028 0.2957464 0.2405523 0.3590001 0.3590001 0.2193028 0.3468386 0.9477122 0.4263759 0.3862370 0.3862370 0.4620775 0.4856942 0.2785906 0.4079047 0.2952141 0.3222806 0.2448130 0.8406092 0.2448130 0.5442541 0.3577235 0.4066903 0.7319227 0.9540225 0.4840792 0.4840792 0.8674651 0.5412495 0.5412495 0.8567288 0.8113456 0.4968753 0.5556878 0.5556878 0.4968753 0.5814186 0.5814186 0.5284433 0.6733944 0.6733944 0.5284433 1.2236175 0.5272363 0.7348625 0.6909489 0.6347525 0.6347525 0.7188490 0.7188490 0.7950799 1.1838179 0.6865051 0.6865051 1.1972996 2.5594460 1.1300558 1.2417099 1.4949167 0.8234890 1.2240229 1.2240229 1.1635789 1.6824023 1.5124014 0.9105886 1.2578728 1.2285163 1.2600840 1.4356408 2.9659931 1.5120750 1.4072008 1.0597677 2.3493130 0.9534361 2.2382486 2.1843253 2.1843253 2.1197360 1.0565869 2.3069300 2.0497853 2.4138157 1.6513742 1.6513742 1.8568100 1.6957581 1.6957581 1.5668563 1.2579967 1.5339278 1.6302530 1.5146616 2.4370516 1.3428536 1.6075862 1.1611860 2.0738770 1.6566999 1.8568900 2.2364552 1.6893705 1.7194227 1.2723777 2.2264265 1.3002304 1.1199400 2.1029013 1.7052443 1.1116427 1.4117146 
CKAN_02447300                      3.2312771 3.8949236 0.0000000 4.0448940 3.7060502 4.0212227 4.2626728 3.9761299 3.7618809 4.1202054 4.2601858 3.7580640 3.6101516 3.6824587 5.1479704 4.6155227 4.5271683 3.9828235 3.9885508 3.8438828 0.3791627 3.9233929 3.5985184 4.4533577 4.3431385 3.6294410 4.3005616 3.9515875 3.6830356 4.0356855 3.8627373 1.9577014 1.7569843 1.8574787 1.8574787 1.8698121 1.7264755 1.6616210 1.3953532 1.9177267 1.9177267 1.8307804 1.9486382 1.7385584 1.5295729 1.5295729 1.7396375 1.7396375 1.9945403 1.7031348 2.0285707 1.8934991 2.1398702 1.5872272 1.5872272 2.0285707 2.2674262 1.6296153 1.6780149 1.6502819 1.6502819 1.8405793 2.0469876 1.8805414 1.7442064 1.9364296 1.5010684 1.6907059 1.7204144 1.6907059 1.6092144 1.5468448 2.0433009 1.8080123 1.9944106 1.9704773 1.9704773 1.8270467 1.9560047 1.9560047 2.2007381 1.7584656 1.8182209 1.4553209 1.4553209 1.8182209 1.8150978 1.8150978 1.6695504 1.8266824 1.8266824 1.6695504 2.1188119 1.9969429 1.6601630 1.6920717 1.9638207 1.9638207 1.8005865 1.8005865 1.9939836 1.8893082 1.6778232 1.6778232 2.0850296 1.6062012 2.1351534 0.3187029 2.1084207 1.5590358 0.5569805 0.5569805 0.6720120 0.8115717 0.6992326 2.6972150 0.7978495 0.8720933 0.7348958 2.6053213 2.1899976 1.5168251 0.8930260 0.7459247 2.0923805 0.7469423 2.1613817 1.8689204 1.8689204 1.7943416 2.3802914 1.9697520 0.7624259 2.2146527 2.0052778 2.0052778 1.0909413 2.0027190 2.0027190 2.9987422 2.0032147 2.0865589 2.2406163 1.1633746 0.9761307 2.6717989 2.9405594 1.9337234 2.6078207 2.4485135 2.8862597 2.0182644 2.6761932 0.9758051 1.7116790 2.0303255 1.6056943 2.3655083 1.5946874 0.6417259 0.6819231 1.3905513 
CKAN_01942000                      1.7920972 1.3625844 4.0448940 0.0000000 1.5580824 1.3710788 2.2930533 1.3429369 1.7282097 2.1999291 2.4886562 1.5527715 1.5297080 1.7582771 1.7473207 1.5506325 2.0566703 0.2902603 1.3986463 1.6319578 4.2661491 1.8922664 1.8642111 1.3660432 0.6724629 1.5942272 0.6861038 1.4273091 1.6460953 2.0143942 1.3419000 0.3970842 0.4014401 0.4030602 0.4030602 0.4399010 0.4151515 0.4453127 1.3685602 0.4071121 0.4071121 0.4613986 0.5706453 0.4351638 0.6154679 0.6154679 0.3884733 0.3884733 0.4370434 0.3979074 0.3762753 0.4838212 0.4866668 0.4938378 0.4938378 0.3762753 0.5513189 0.7988066 0.4459284 0.4858482 0.4858482 0.5025881 0.5931044 0.4047089 0.6302248 0.5021921 0.6494396 0.4741749 1.0536033 0.4741749 0.6448427 0.6449955 0.2020458 0.8685831 1.0751291 0.6898468 0.6898468 0.9788656 0.5546428 0.5546428 1.1005300 0.9301639 0.7622839 0.8138362 0.8138362 0.7622839 0.7607396 0.7607396 0.6731302 0.8101655 0.8101655 0.6731302 1.5299704 0.7114519 0.9181819 0.7072631 0.7205317 0.7205317 0.7726666 0.7726666 0.9996387 1.6759537 0.8320524 0.8320524 1.3335279 2.4740224 1.5012186 1.4843424 1.6140059 0.8852162 1.4230898 1.4230898 1.4910181 1.6787416 1.5073214 1.1412184 1.3828089 1.3779587 1.5133336 2.0857162 4.1080414 1.5285783 1.6682122 1.3675488 2.4306538 1.3450306 2.5670909 2.4392584 2.4392584 2.3684036 1.2842011 2.5841275 2.4093875 2.4138111 1.9139186 1.9139186 2.0292672 1.8535462 1.8535462 1.8587513 1.4911774 1.8915594 2.0076714 1.4282590 2.3313551 1.6354771 1.6372740 1.2871623 1.8911474 1.8683995 1.8562552 2.3325037 1.8440391 1.9035707 1.4792256 2.3218687 1.3354941 1.4386845 2.4753424 1.7802022 1.7070592 1.4362549 
CKAN_01906900                      1.6391702 1.8154491 3.7060502 1.5580824 0.0000000 1.7712413 2.7898779 1.6321885 1.6457599 2.7449212 2.4536008 1.6406393 1.6672295 1.6492146 2.6888117 1.5975815 0.2883428 1.8120484 1.6546897 1.9086057 3.5309377 1.5221652 1.4254572 1.6720156 2.1941274 1.7211580 2.2213688 1.6426375 1.3545016 1.8406990 1.5104313 0.5129751 0.4643091 0.5292901 0.5292901 0.4879512 0.4575079 0.5348356 1.0817453 0.5836740 0.5836740 0.2184141 0.4171535 0.3952009 0.3834066 0.3834066 0.4961887 0.4961887 0.6187882 0.2531882 0.6620954 0.5676582 0.5018066 0.4441040 0.4441040 0.6620954 0.5039149 0.7464023 0.1997704 0.3344977 0.3344977 0.3795528 0.2482217 0.5504079 0.5391806 0.5103251 0.6375342 0.5292522 0.8668101 0.5292522 0.4546423 0.6855367 0.4639734 0.7759972 0.9307636 0.7396307 0.7396307 0.7136917 0.3761736 0.3761736 0.9938167 0.6714921 0.7414491 0.9115179 0.9115179 0.7414491 0.6748204 0.6748204 0.7688226 0.9240087 0.9240087 0.7688226 1.2537723 0.7081293 1.0076911 0.7001023 0.7503747 0.7503747 0.7546267 0.7546267 0.8188758 1.2784229 0.7621056 0.7621056 1.3313936 1.6317263 1.2851326 1.1965068 1.2630297 0.7591821 1.1728145 1.1728145 1.2293379 1.6909423 1.3655047 1.0782496 1.3254440 1.1377471 1.3141282 1.6752793 1.9235090 1.2260494 1.3585533 1.3627028 1.6244889 1.2201874 1.5471587 1.6958247 1.6958247 1.6387080 0.8439857 1.7890699 2.0218993 1.5780430 1.3673026 1.3673026 1.7112454 1.4084568 1.4084568 1.5429176 1.0753197 1.2856519 1.4195102 1.4479675 2.3055850 1.2043809 1.4158586 1.2789198 1.6875536 1.4704598 1.6565370 2.3152158 1.5509049 1.6981656 1.0858109 2.3048368 0.8659735 1.2971697 1.6057303 1.7485183 1.6702284 1.2924018 
CKAN_01942500                      1.4295634 0.3377194 4.0212227 1.3710788 1.7712413 0.0000000 2.3032640 0.2727311 1.1894575 2.9896064 2.2739907 1.5885525 1.3156138 1.1366736 1.9198543 1.2366593 1.9055208 1.6267304 1.1405061 1.4128758 4.3682071 1.5870738 1.3527504 0.2096389 1.9746934 1.4923201 1.9661175 0.2847436 1.2036774 2.0244570 1.5040132 0.1147698 0.1634782 0.0637624 0.0637624 0.0209362 0.2136013 0.2137079 1.7344650 0.1404655 0.1404655 0.3798030 0.3465250 0.3224436 0.3324008 0.3324008 0.0422767 0.0422767 0.1891099 0.3135672 0.1916942 0.3182499 0.2390724 0.3318018 0.3318018 0.1916942 0.3682850 0.9745994 0.3643804 0.3294272 0.3294272 0.4040857 0.4488662 0.2793158 0.3718925 0.3181633 0.3099963 0.2193069 0.8658856 0.2193069 0.5083788 0.3444178 0.3706383 0.7558521 0.9801143 0.5062076 0.5062076 0.8928460 0.5632505 0.5632505 0.8826710 0.8371233 0.4594336 0.5374048 0.5374048 0.4594336 0.6044788 0.6044788 0.4619422 0.6329917 0.6329917 0.4619422 1.2564771 0.4632791 0.7134427 0.6963387 0.6387829 0.6387829 0.7190673 0.7190673 0.8141589 1.2020849 0.6654393 0.6654393 1.1468962 2.5594460 1.1478306 1.1645735 1.5341407 0.7980001 1.1476113 1.1476113 1.0869613 1.5833659 1.5560263 0.9105886 1.2964602 1.2665869 1.1791647 1.4547778 2.9659931 1.4728062 1.4474167 0.9883223 2.3093148 0.9038308 2.2004054 2.1419428 2.1419428 2.0780054 1.1469575 2.2618320 1.9366684 2.3700542 1.6399288 1.6399288 1.9324015 1.6840501 1.6840501 1.5668563 1.2300326 1.5070625 1.6193047 1.4210962 2.3006940 1.4513861 1.6375494 1.2112774 2.1383649 1.6870707 1.9133176 2.2523010 1.7196545 1.7721524 1.2607993 2.2422655 1.3002304 1.1535471 2.0419737 1.5354219 1.1116427 1.3004934 
CKAN_01894500                      2.5172002 2.8286302 4.2626728 2.2930533 2.7898779 2.3032640 0.0000000 2.6049419 2.7539446 2.3654151 3.4548726 2.6779523 2.8864519 2.6097587 4.0846909 2.7266406 3.3624545 3.0454010 3.0851539 3.2152354 3.6651930 2.6899538 2.4835106 2.1582807 3.1078904 2.7687606 3.2197041 2.5909749 1.8480970 2.7358632 2.7167460 0.4627239 0.4695877 0.4681326 0.4681326 0.4661762 0.5041287 0.4935004 1.3420941 0.5207228 0.5207228 0.6552733 0.4930254 0.6614678 0.6355992 0.6355992 0.4963772 0.4963772 0.5638095 0.6495208 0.5307719 0.6903876 0.6164832 0.7029065 0.7029065 0.5307719 0.6613801 0.9071941 0.6245906 0.5972389 0.5972389 0.6066579 0.7002813 0.6161154 0.5684044 0.7009562 0.0660450 0.5416039 0.8634561 0.5416039 0.6380401 0.0900821 0.7608523 0.7772545 0.9487680 0.6261992 0.6261992 1.0857855 0.5419940 0.5419940 0.8839682 1.0782050 0.6787349 0.2803247 0.2803247 0.6787349 0.6990236 0.6990236 0.8017715 0.6633702 0.6633702 0.8017715 1.2801673 0.7904159 0.4733365 0.7320097 0.6760470 0.6760470 0.7196033 0.7196033 0.8198159 1.2047604 0.5120233 0.5120233 1.2343046 2.0579009 1.2854906 1.0043224 1.0925129 0.6431648 1.0572485 1.0572485 1.1969384 1.4998482 1.2466014 1.0267874 1.2667666 1.0915716 1.3077006 1.4617446 2.6074168 1.5645492 1.2515041 1.0852616 2.0386296 1.0034128 2.1451717 2.0212210 2.0212210 1.9598106 1.0463350 2.1322018 1.7118735 2.0521472 1.6535456 1.6535456 1.5392456 1.7896365 1.7896365 1.3645250 1.3710193 1.7873431 1.9080794 1.2872899 1.8104068 1.3050570 1.5713305 1.1397161 1.6444761 1.4990435 1.4985133 2.4231687 1.5301531 1.6654346 1.7114488 2.4389492 1.2271710 1.7075432 1.8682267 1.3942270 1.0238959 0.9299228 
CKAN_01821800                      1.4332578 0.2698408 3.9761299 1.3429369 1.6321885 0.2727311 2.6049419 0.0000000 1.2540377 2.9031704 2.3236137 1.5597373 1.3704538 1.2162474 2.1452089 1.3587339 1.6729169 1.5714145 1.2045008 1.5382868 4.2180379 1.5542304 1.4476821 0.3363407 2.0108697 1.6904865 2.0023788 0.1619404 1.7143521 2.0513062 1.5460893 0.1627397 0.1909948 0.0210561 0.0210561 0.0210561 0.2423161 0.2424495 1.7344650 0.1668837 0.1668837 0.4393704 0.4030881 0.2914079 0.3069175 0.3069175 0.0422609 0.0422609 0.1675698 0.3688900 0.2193028 0.2957464 0.2405523 0.3590001 0.3590001 0.2193028 0.3468386 0.9477122 0.4263759 0.3862370 0.3862370 0.4620775 0.4856942 0.2785906 0.4079047 0.2952141 0.3222806 0.2448130 0.8406092 0.2448130 0.5442541 0.3577235 0.4066903 0.7319227 0.9540225 0.4840792 0.4840792 0.8674651 0.5412495 0.5412495 0.8567288 0.8113456 0.4968753 0.5556878 0.5556878 0.4968753 0.5814186 0.5814186 0.5284433 0.6733944 0.6733944 0.5284433 1.2236175 0.5272363 0.7348625 0.6909489 0.6347525 0.6347525 0.7188490 0.7188490 0.7950799 1.1838179 0.6865051 0.6865051 1.1972996 2.5594460 1.1300558 1.2417099 1.4949167 0.8234890 1.2240229 1.2240229 1.1635789 1.6824023 1.5124014 0.9105886 1.2578728 1.2285163 1.2600840 1.4356408 2.9659931 1.5120750 1.4072008 1.0597677 2.3493130 0.9534361 2.2382486 2.1843253 2.1843253 2.1197360 1.0565869 2.3069300 2.0497853 2.4138157 1.6513742 1.6513742 1.8568100 1.6957581 1.6957581 1.5668563 1.2579967 1.5339278 1.6302530 1.5146616 2.4370516 1.3428536 1.6075862 1.1611860 2.0738770 1.6566999 1.8568900 2.2364552 1.6893705 1.7194227 1.2723777 2.2264265 1.3002304 1.1199400 2.1029013 1.7052443 1.1116427 1.4117146 
CKAN_01848800                      1.5854845 1.4089455 3.7618809 1.7282097 1.6457599 1.1894575 2.7539446 1.2540377 0.0000000 3.4866960 1.6624286 1.2327496 0.8122921 0.2637757 1.6403289 1.2391789 1.9180880 1.5760289 0.7961295 0.9858685 4.0982467 1.5940048 1.5696053 1.1736767 2.0539527 1.3527210 2.2152758 1.1340182 1.3799235 1.8028679 1.2997235 0.0415049 0.1652825 0.1651393 0.1651393 0.1383059 0.2160011 0.2161108 1.4715595 0.0852889 0.0852889 0.3854350 0.2685431 0.3042112 0.4157467 0.4157467 0.2102380 0.2102380 0.0855485 0.3311916 0.1310291 0.2217720 0.1541967 0.4054488 0.4054488 0.1310291 0.2615937 0.8424588 0.4054450 0.3467140 0.3467140 0.3608711 0.4597989 0.1830059 0.4059251 0.2200938 0.3635841 0.2765673 0.7425196 0.2765673 0.4658682 0.4012021 0.4239315 0.6404507 0.8519027 0.3971487 0.3971487 0.8288543 0.4317547 0.4317547 0.7557025 0.8107381 0.4952658 0.6258815 0.6258815 0.4952658 0.4620423 0.4620423 0.4654331 0.5850591 0.5850591 0.4654331 1.1478768 0.5161023 0.7830233 0.7179881 0.4929749 0.4929749 0.5686018 0.5686018 0.8348790 0.9939005 0.6820412 0.6820412 1.1148031 2.2775421 0.9477060 1.2929573 1.3161471 0.7517537 1.2836451 1.2836451 1.1908028 1.7619685 1.4810162 1.3800720 1.2398131 1.1760924 1.3087890 1.2187838 3.2525075 1.4818443 1.4163314 0.9543194 2.3666809 1.0376651 2.2546909 1.9739454 1.9739454 1.9126206 0.9805301 2.0831391 2.0109472 2.1785580 1.5296528 1.5296528 1.7253549 1.7180783 1.7180783 1.6907662 1.1312952 1.5917853 1.6921954 1.4370490 2.3435684 1.2608544 1.7033452 1.0708322 1.7508806 1.5939378 1.6140242 2.2716937 1.6258738 1.7739093 1.2371921 2.2612887 1.1454849 0.8073335 1.8484042 1.6643092 1.1433280 1.1824667 
CKAN_02317200                      2.5023548 3.0438915 4.1202054 2.1999291 2.7449212 2.9896064 2.3654151 2.9031704 3.4866960 0.0000000 3.1184126 2.4514529 3.5110477 3.4427855 4.4981861 2.9260407 2.8369531 2.5307973 3.3435320 3.7135901 4.2453194 2.8466266 2.9663011 3.0295479 2.9614527 3.0711584 2.9030136 2.8941282 2.5047485 2.7710238 2.5783083 0.9231939 0.8083322 0.9903563 0.9903563 0.9335753 0.8403578 0.8728528 1.4090860 1.0159892 1.0159892 0.8122184 0.6884620 0.8046113 0.9371460 0.9371460 0.9493921 0.9493921 1.0812196 0.7879089 0.9215425 0.8840560 0.9026622 0.9656492 0.9656492 0.9215425 0.9186297 1.1380681 0.7040176 0.9506054 0.9506054 0.9092518 0.7127553 0.9462603 0.9720198 0.9542475 0.4983316 1.0382584 1.3226318 1.0382584 1.0586196 0.4625240 0.8582696 1.0530775 1.1082148 0.9121190 0.9121190 1.3047137 0.7977273 0.7977273 1.2709847 1.0992151 1.0268574 0.6449139 0.6449139 1.0268574 0.9876632 0.9876632 0.9070921 1.4553114 1.4553114 0.9070921 1.4345005 1.0859310 0.2692961 1.3918297 0.8871424 0.8871424 0.9511208 0.9511208 1.5988483 1.3963107 0.2748776 0.2748776 1.1487107 2.6817699 1.5024379 1.4132882 1.0603918 0.3026015 1.4007808 1.4007808 1.3828723 1.6832055 1.3873054 2.4533765 1.6073519 1.2874614 1.4223658 1.8572728 2.7891504 1.3475493 1.3440861 1.4604636 2.0481016 1.6375275 2.1547265 1.9814448 1.9814448 1.9187329 1.5751287 2.0933153 1.9411012 2.0122758 1.9980595 1.9980595 2.3700581 1.8982220 1.8982220 2.0268103 1.4838503 1.9479114 2.0551619 1.5525249 1.6034525 1.8586226 1.7463197 1.2474807 2.0595912 1.8274980 1.7666231 2.7953780 1.8035034 2.1864532 1.7640870 2.7826129 1.6178067 1.2876959 1.9037312 1.5892166 1.0614112 1.1388975 
CKAN_02742500                      1.9286767 2.3771664 4.2601858 2.4886562 2.4536008 2.2739907 3.4548726 2.3236137 1.6624286 3.1184126 0.0000000 0.0910844 1.6646127 1.7998928 2.8480338 2.4783914 2.7803050 2.7291671 1.6580570 1.7812494 4.1508507 2.1877917 2.1944596 2.2928270 3.3579121 2.6050029 3.3368584 2.1512265 2.9864213 2.4541606 2.0671338 0.9613354 1.4230909 1.3550895 1.3550895 1.3405304 1.4230909 1.4230909 3.8957402 1.0491127 1.0491127 1.4244657 1.5337977 1.3833679 1.4014919 1.4014919 1.3405304 1.3405304 1.0491127 1.3605150 1.0491127 0.9882472 0.9939254 1.4014919 1.4014919 1.0491127 1.1049976 1.6042007 1.4244657 1.4625156 1.4625156 1.5879446 1.6227681 0.9854460 1.2029414 0.9898677 1.4388382 1.4600482 1.6875229 1.4600482 1.6962810 1.4388382 1.3810886 1.7652779 1.9339164 1.2664996 1.2664996 1.9474744 1.4879966 1.4879966 1.7212618 1.7551620 1.4245054 1.5173157 1.5173157 1.4245054 1.4012392 1.4012392 1.5019592 1.6966613 1.6966613 1.5019592 2.0496809 1.5361767 1.8167061 1.7137953 1.3385697 1.3385697 1.4020843 1.4020843 1.4408368 2.8525594 2.2312617 2.2312617 2.3626669 8.9999982 2.5309666 2.7793421 2.5896041 2.7367100 3.0882268 3.0882268 2.7351931 2.7447900 2.9525423 1.3800720 1.8086296 2.5473934 2.8421363 3.8737907 8.9999985 5.9519467 2.7824314 2.3142603 8.8942779 2.9110045 8.8942779 6.8448030 6.8448030 6.5909375 2.0964876 6.8901269 1.7156857 8.2826001 7.2661668 7.2661668 6.3986369 7.1918783 7.1918783 2.6696364 6.8888817 7.5450383 7.4557917 3.5370496 3.3915507 2.1400333 3.9924693 2.1488789 3.1792273 3.4683923 2.8006118 5.8153618 3.4406753 4.0726207 6.3449106 5.8153618 2.9353756 2.9840938 5.8044523 6.0055256 4.7161870 8.0886460 
CKAN_00565900                      1.4473906 1.5884537 3.7580640 1.5527715 1.6406393 1.5885525 2.6779523 1.5597373 1.2327496 2.4514529 0.0910844 0.0000000 1.1769176 1.3816932 1.8308554 1.7718835 1.9369575 1.8012830 1.1987006 1.3093526 3.5231638 1.5376169 1.5059852 1.5609848 2.3241536 1.7275806 2.3163321 1.4430631 1.7567874 1.7848757 1.5267107 0.2072289 0.3642173 0.3140325 0.3140325 0.2803186 0.4288033 0.4293887 1.7339515 0.2644117 0.2644117 0.4527237 0.5288292 0.2810046 0.4001891 0.4001891 0.3649157 0.3649157 0.2657458 0.3745050 0.3226877 0.1685551 0.1393030 0.4937422 0.4937422 0.3226877 0.2423561 0.8831782 0.4394646 0.5187671 0.5187671 0.5772199 0.5101855 0.3422260 0.4481995 0.2008662 0.5222393 0.5114783 0.8636848 0.5114783 0.7023748 0.5642335 0.4175840 0.7914666 0.8742009 0.5955090 0.5955090 0.9775886 0.5405841 0.5405841 0.9466831 0.8455511 0.7746025 0.7449316 0.7449316 0.7746025 0.5968988 0.5968988 0.7163156 0.8166300 0.8166300 0.7163156 1.2834508 0.4930030 0.8702149 0.8749203 0.6319177 0.6319177 0.6561948 0.6561948 0.9426896 1.4484618 0.7892892 0.7892892 1.2943883 2.7023584 1.3815661 1.3341214 1.2093385 0.8536211 1.3493673 1.3493673 1.3910132 1.5516075 1.1098803 1.3800720 1.2806798 1.2517201 1.4323550 1.8494112 3.4859369 1.3110941 1.3994664 1.2296268 2.2031594 1.1626724 2.3177925 1.8020427 1.8020427 1.7426167 1.0794294 1.9025169 1.9506448 2.0217066 1.6242303 1.6242303 1.6198596 1.6429957 1.6429957 1.6907662 1.2665143 1.6919792 1.7739307 1.3245083 1.9270936 1.3312137 1.7529889 1.1194147 1.5654752 1.6951152 1.5190915 2.2194493 1.6726044 1.4699196 1.4567124 2.2091751 1.1641195 1.2846275 1.7696603 1.6752988 1.5483853 1.4001873 
CKAN_00566000                      1.6041729 1.4432905 3.6101516 1.5297080 1.6672295 1.3156138 2.8864519 1.3704538 0.8122921 3.5110477 1.6646127 1.1769176 0.0000000 0.8774593 1.3435568 1.2178592 1.9557360 1.5670138 0.4974237 0.5506862 3.8907629 1.8973470 1.7576378 1.3728824 2.0914814 1.6258105 2.1561431 1.3333100 1.3942114 2.1497426 1.3931899 0.0876263 0.1976929 0.2252982 0.2252982 0.2181782 0.2508683 0.2510154 1.4715595 0.0721180 0.0721180 0.4663181 0.3421286 0.3243197 0.4608928 0.4608928 0.2221479 0.2221479 0.1199013 0.3254963 0.1216148 0.3124102 0.2565839 0.3951394 0.3951394 0.1216148 0.3546315 0.9194224 0.4915303 0.3407824 0.3407824 0.4387069 0.4754021 0.2192729 0.4546218 0.3122115 0.4338666 0.3146508 0.8143980 0.3146508 0.5436504 0.4736002 0.3555475 0.7078570 0.9606873 0.4720761 0.4720761 0.9079150 0.5078215 0.5078215 0.9066573 0.8910374 0.4775100 0.7120006 0.7120006 0.4775100 0.4467801 0.4467801 0.5209500 0.5777189 0.5777189 0.5209500 1.1794013 0.6112918 0.8457032 0.7760543 0.5099851 0.5099851 0.5821964 0.5821964 0.8349405 1.1203885 0.6871557 0.6871557 1.1623535 2.3477070 1.0689490 1.1956576 1.5479293 0.8227167 1.2317210 1.2317210 1.0619580 1.6574995 1.4496391 1.3800720 1.2740626 1.1951678 1.1623584 1.3627495 3.9334426 1.4645409 1.5957242 0.8482809 2.2465887 0.9430217 2.1409493 1.9472575 1.9472575 1.8857046 1.0214278 2.0560143 1.8842249 2.0606398 1.5248642 1.5248642 1.7103575 1.7142291 1.7142291 1.8415502 1.1056499 1.5700050 1.6882439 1.2683019 2.1975951 1.3129323 1.7701375 1.1214086 1.8121332 1.6568784 1.6685600 2.3998379 1.6888657 1.8046078 1.1263177 2.3890012 1.1786585 0.9201217 1.6311976 1.4389853 1.1433280 1.0843718 
CKAN_00958900                      1.7169673 1.2929919 3.6824587 1.7582771 1.6492146 1.1366736 2.6097587 1.2162474 0.2637757 3.4427855 1.7998928 1.3816932 0.8774593 0.0000000 1.7713173 1.3146899 1.9222962 1.5748092 0.7870987 1.0605647 3.9939473 1.7389183 1.6173342 1.1568871 2.1345078 1.3650666 2.2252512 1.1648223 1.4860105 2.0170051 1.4248339 0.0647604 0.1966526 0.2459207 0.2459207 0.2168020 0.2496515 0.2497968 1.7344650 0.1108533 0.1108533 0.3624477 0.3213620 0.3384891 0.5023535 0.5023535 0.2426219 0.2426219 0.1567401 0.4302837 0.1127611 0.2502743 0.1797996 0.4491090 0.4491090 0.1127611 0.2926105 0.7821221 0.3814444 0.4481020 0.4481020 0.4624158 0.4368321 0.2141686 0.4524251 0.2490029 0.3964159 0.2815138 0.6981506 0.2815138 0.5753997 0.4352401 0.3438216 0.6445277 0.7319901 0.5048194 0.5048194 0.9457978 0.5046622 0.5046622 0.6362565 0.7755722 0.6072741 0.6478249 0.6478249 0.6072741 0.6431248 0.6431248 0.5842206 0.5962160 0.5962160 0.5842206 1.1935575 0.4798583 0.7491042 0.6826871 0.6113890 0.6113890 0.6899471 0.6899471 0.8003115 1.1740268 0.6715421 0.6715421 1.1265607 2.2775421 1.1214556 1.2625910 1.3317977 0.8229611 1.2148466 1.2148466 1.1615811 1.7186754 1.5494438 1.3800720 1.3289273 1.2359817 1.2764524 1.4189725 3.2525075 1.8000453 1.4806615 0.9321714 2.7935502 0.9786133 2.6584367 2.1998308 2.1998308 2.1368232 0.9886884 2.3198189 1.9003445 2.6002185 1.6768399 1.6768399 1.9489937 1.8827182 1.8827182 1.6907662 1.2514355 1.7274662 1.8528072 1.4899140 2.2670338 1.2671054 1.7055995 1.0790311 1.7743326 1.5972218 1.6357924 2.5501530 1.6288156 1.8350042 1.3164330 2.5386318 1.1686827 1.1286773 2.3898001 1.5537461 1.1955844 1.4369020 
CKAN_00861800                      2.4592510 2.2208612 5.1479704 1.7473207 2.6888117 1.9198543 4.0846909 2.1452089 1.6403289 4.4981861 2.8480338 1.8308554 1.3435568 1.7713173 0.0000000 2.1764828 3.2242555 2.1745887 1.0284203 1.2376241 5.5550800 2.9582278 2.7418498 2.0599717 3.2630874 2.2953297 3.3081461 1.9510759 1.6979582 3.4714871 2.4333178 0.0422441 0.1512250 0.1693858 0.1693858 0.1644693 0.2042356 0.2043412 1.7344650 0.0000010 0.0000010 0.3950397 0.3324796 0.3288473 0.4477205 0.4477205 0.1668837 0.1668837 0.0420885 0.3960110 0.0426675 0.2431274 0.2035958 0.3809386 0.3809386 0.0426675 0.3058646 0.9585583 0.4160269 0.4131723 0.4131723 0.4273932 0.4627317 0.1642849 0.4360171 0.2417758 0.4406993 0.2531025 0.8500157 0.2531025 0.4661114 0.4808123 0.3869325 0.7397161 0.9645818 0.4593982 0.4593982 0.9481708 0.5576268 0.5576268 0.8665315 0.9318684 0.5266253 0.6763811 0.6763811 0.5266253 0.5956443 0.5956443 0.5070509 0.4775539 0.4775539 0.5070509 1.3051696 0.5298000 0.8574373 0.7432974 0.5982682 0.5982682 0.6762281 0.6762281 0.8404196 1.1746150 0.6974584 0.6974584 1.0845692 2.3477070 1.1206087 1.2799400 1.5273356 0.8358976 1.2755731 1.2755731 1.1436210 1.7628700 1.6041624 1.3800720 1.3635730 1.3675405 1.2489907 1.4262139 3.9334426 1.6491774 1.5321977 0.9141808 2.5899644 0.9523681 2.4666644 2.1586153 2.1586153 2.0945412 1.1379189 2.2792591 1.9966053 2.3997452 1.5973417 1.5973417 1.9003850 1.7947480 1.7947480 1.8415502 1.1757927 1.6450556 1.7668679 1.5060705 2.3228635 1.4560384 1.8999602 1.1646809 2.0594649 1.7785453 1.8962492 2.3212466 1.8108542 1.8642132 1.2112727 2.3108323 1.2022833 1.0115009 2.0978829 1.6097392 1.1116427 1.4592932 
CKAN_00958800                      1.4571791 1.5324561 4.6155227 1.5506325 1.5975815 1.2366593 2.7266406 1.3587339 1.2391789 2.9260407 2.4783914 1.7718835 1.2178592 1.3146899 2.1764828 0.0000000 1.7572470 1.6982427 1.3987378 1.2762819 4.3896274 1.9613693 1.6601274 1.1687295 2.1443478 1.6136145 2.1354702 1.3246750 1.6072634 2.3205891 1.4769480 0.1420238 0.0210105 0.2129939 0.2129939 0.2128949 0.0641807 0.0642150 1.9250039 0.1777717 0.1777717 0.3093051 0.3175950 0.2696214 0.3720568 0.3720568 0.2168369 0.2168369 0.2300867 0.3318561 0.2333296 0.3644565 0.3116597 0.3100192 0.3100192 0.2333296 0.3492572 0.8312111 0.3246612 0.3472330 0.3472330 0.3612449 0.3987188 0.2576820 0.4560018 0.3679735 0.3445005 0.1886988 0.7572998 0.1886988 0.4506135 0.3791486 0.3907887 0.6537076 0.8689597 0.4328654 0.4328654 0.7881961 0.4911320 0.4911320 0.7711042 0.7751331 0.5314007 0.5319326 0.5319326 0.5314007 0.5641894 0.5641894 0.5415309 0.6490840 0.6490840 0.5415309 1.1446368 0.5198978 0.7175948 0.6848946 0.6077413 0.6077413 0.6888941 0.6888941 0.8202975 1.0273753 0.6075335 0.6075335 0.9887014 2.4756394 1.1408234 0.9457865 1.3309397 0.6627182 0.9846888 0.9846888 0.9086585 1.3648165 1.2671534 0.8882831 1.0324393 1.0097092 1.0059822 1.2441164 2.0926093 1.4688097 1.2278640 0.8435836 2.0223813 0.9502990 1.9295979 1.7105944 1.7105944 1.6541077 1.1264008 1.8031688 1.6317350 1.9838305 1.4197962 1.4197962 1.8850445 1.5264402 1.5264402 1.4849558 0.9942525 1.3970223 1.5049121 1.1403657 2.0331003 1.3967826 1.6293634 1.1659372 1.9811504 1.5450876 1.8076984 2.1203416 1.5766923 1.5246503 1.0843609 2.1108182 1.1975645 1.2993797 1.6295494 1.2868544 1.1037652 0.8890132 
CKAN_01290200                      1.9248209 1.9067752 4.5271683 2.0566703 0.2883428 1.9055208 3.3624545 1.6729169 1.9180880 2.8369531 2.7803050 1.9369575 1.9557360 1.9222962 3.2242555 1.7572470 0.0000000 2.3988658 1.8666751 2.2140639 4.1310974 2.2165405 1.9658173 1.8747071 3.0183964 2.0417895 2.9995231 1.7074554 1.6481825 2.3177280 1.9112073 0.4591464 0.3964963 0.4932674 0.4932674 0.4606016 0.4195654 0.4586210 1.3253011 0.5228722 0.5228722 0.1613170 0.2949368 0.3890275 0.2978558 0.2978558 0.4679810 0.4679810 0.5877774 0.2903966 0.5947720 0.4771236 0.4197523 0.3298449 0.3298449 0.5947720 0.4054925 0.7996301 0.1171520 0.4103499 0.4103499 0.3412043 0.1693372 0.5247994 0.5196612 0.4429572 0.5601261 0.4185175 0.8122385 0.4185175 0.3671131 0.6047416 0.5585504 0.7292402 0.7817502 0.5612899 0.5612899 0.8402935 0.3518098 0.3518098 0.8279734 0.7391458 0.5629693 0.8105403 0.8105403 0.5629693 0.6065846 0.6065846 0.5828603 0.7693146 0.7693146 0.5828603 1.3224274 0.5478453 0.9686873 0.6702751 0.6760795 0.6760795 0.6812030 0.6812030 0.7752412 1.1638937 0.6912104 0.6912104 1.1638685 1.9589957 1.1712295 1.1880802 1.2090117 0.7156784 1.2234289 1.2234289 1.1147819 1.7512123 1.5038936 1.2357647 1.4154762 1.0367019 1.1973114 1.5192964 2.1974765 1.3542981 1.2739775 1.2621407 1.9866798 1.2629637 1.9287588 1.9175466 1.9175466 1.8575357 0.9048193 2.0225410 2.0808471 1.8532731 1.5352299 1.5352299 1.9059902 1.5784796 1.5784796 1.5429176 1.1483049 1.4672471 1.6204917 1.3986435 2.3454945 1.0352769 1.3626145 1.0913078 1.7401682 1.3739521 1.6307378 2.3435669 1.4486369 1.9106368 1.0591602 2.3329785 0.9482019 1.0731608 1.9460347 1.6007041 1.4431991 1.1946260 
CKAN_01352300                      1.6570135 1.5430722 3.9828235 0.2902603 1.8120484 1.6267304 3.0454010 1.5714145 1.5760289 2.5307973 2.7291671 1.8012830 1.5670138 1.5748092 2.1745887 1.6982427 2.3988658 0.0000000 1.4743270 1.5868803 4.6468930 1.9724199 1.8775699 1.5562315 0.8057036 1.8122130 0.7686039 1.6272888 1.7216512 2.4678760 1.6825946 0.3551192 0.3978319 0.3676806 0.3676806 0.4037059 0.4115325 0.4418011 1.4508518 0.3640901 0.3640901 0.4869122 0.5870709 0.5133537 0.6126402 0.6126402 0.3528868 0.3528868 0.3929055 0.4576872 0.3345204 0.4343928 0.4386163 0.4871382 0.4871382 0.3345204 0.5234956 0.8420127 0.4718752 0.5535387 0.5535387 0.5183367 0.5360919 0.3609158 0.6561274 0.4747527 0.6027387 0.4687668 1.1037861 0.4687668 0.6665552 0.5986684 0.2105823 0.9131751 1.0554881 0.6763503 0.6763503 1.0340203 0.5413078 0.5413078 1.0327613 1.0029864 0.7499967 0.7600393 0.7600393 0.7499967 0.8179201 0.8179201 0.6587997 0.7453221 0.7453221 0.6587997 1.5400032 0.7781521 0.9538215 0.7861774 0.7754730 0.7754730 0.8320186 0.8320186 1.0531652 1.6133143 0.7468481 0.7468481 1.2423473 2.5695464 1.4435644 1.4532395 1.5834890 0.9420710 1.4127206 1.4127206 1.4801399 1.5728985 1.5346372 1.5370546 1.4089398 1.4382295 1.5026056 2.0731455 4.4300240 1.6886621 1.6194470 1.3792151 2.6001958 1.3290162 2.7478818 2.4333312 2.4333312 2.3623515 1.3367308 2.5782625 2.3761261 2.5211288 2.0416667 2.0416667 1.9411822 1.9972768 1.9972768 1.8587513 1.5740775 2.0394526 2.1621744 1.6021341 2.2961977 1.7041771 1.7376383 1.3434403 1.9708368 1.9429178 1.9327618 2.2272216 1.9178476 1.7725514 1.5780058 2.2169826 1.2871647 1.2276260 2.4664620 1.7037767 1.5888213 1.6889741 
CKAN_00283400                      1.7272045 1.2751789 3.9885508 1.3986463 1.6546897 1.1405061 3.0851539 1.2045008 0.7961295 3.3435320 1.6580570 1.1987006 0.4974237 0.7870987 1.0284203 1.3987378 1.8666751 1.4743270 0.0000000 0.6713940 4.2961435 1.6680210 1.7122112 1.2040497 1.9944654 1.4435979 2.0230279 1.1538668 1.2929592 1.9385597 1.4876855 0.0634557 0.1703185 0.1178511 0.1178511 0.1399524 0.2224471 0.2225649 1.7344650 0.0428193 0.0428193 0.4218985 0.3590309 0.3035082 0.4214349 0.4214349 0.1633647 0.1633647 0.0429315 0.4217965 0.0878176 0.2268414 0.1795913 0.4108849 0.4108849 0.0878176 0.2696641 0.8950641 0.4441599 0.4392883 0.4392883 0.4534404 0.4731737 0.1608428 0.4403147 0.2252017 0.4357121 0.2803037 0.7910523 0.2803037 0.5382498 0.4754546 0.4045397 0.6851660 0.9029680 0.4093030 0.4093030 0.8827892 0.5055516 0.5055516 0.8058041 0.8653997 0.5362452 0.6689633 0.6689633 0.5362452 0.5402907 0.5402907 0.5358833 0.5264207 0.5264207 0.5358833 1.2253467 0.5587232 0.8483373 0.7337168 0.5922806 0.5922806 0.6736357 0.6736357 0.8371653 1.1194797 0.6894173 0.6894173 1.1397938 2.3477070 1.0678920 1.3075506 1.4334903 0.8256472 1.3025237 1.3025237 1.1703354 1.8010984 1.4978911 1.3800720 1.2690732 1.2698352 1.2774082 1.3635594 3.9334426 1.5923958 1.4320930 0.9369069 2.5515093 1.0020126 2.4292226 2.1178920 2.1178920 2.0537009 1.0190950 2.2373496 2.0402833 2.3600107 1.6110939 1.6110939 1.8299730 1.8118791 1.8118791 1.8415502 1.2027316 1.6775079 1.7833614 1.5399215 2.3768809 1.3125235 1.7945134 1.1151422 1.9240462 1.6788126 1.7716027 2.2295623 1.7111144 1.7373709 1.2220293 2.2193627 1.2022833 0.9181004 2.0372437 1.6709175 1.1116427 1.4117146 
CKAN_00109600                      1.8469498 1.6805034 3.8438828 1.6319578 1.9086057 1.4128758 3.2152354 1.5382868 0.9858685 3.7135901 1.7812494 1.3093526 0.5506862 1.0605647 1.2376241 1.2762819 2.2140639 1.5868803 0.6713940 0.0000000 4.6924175 1.8994710 1.8148666 1.5820438 2.1351743 1.6990188 2.3012005 1.4789773 1.4022219 2.2052126 1.3470563 0.0636359 0.1764550 0.1937881 0.1937881 0.1883168 0.2297772 0.2299039 1.7344650 0.0208698 0.0208698 0.4245275 0.3611189 0.3571573 0.4763154 0.4763154 0.1910230 0.1910230 0.0633785 0.4243226 0.0212079 0.2671865 0.2267573 0.4085247 0.4085247 0.0212079 0.3329462 0.9168365 0.4471122 0.4419893 0.4419893 0.4562553 0.4934522 0.1883004 0.4635133 0.2662133 0.4100624 0.2478885 0.8896413 0.2478885 0.4955660 0.4496101 0.3573232 0.7031222 0.9241092 0.4900351 0.4900351 0.9920693 0.5263803 0.5263803 0.8263775 0.9179216 0.5575068 0.6654942 0.6654942 0.5575068 0.6285819 0.6285819 0.5397560 0.4691261 0.4691261 0.5397560 1.2529805 0.5628154 0.8198538 0.7033474 0.5652904 0.5652904 0.6416616 0.6416616 0.8020043 1.2249610 0.6603795 0.6603795 1.1320957 2.3477070 1.1687690 1.3271868 1.4656167 0.8794577 1.3217533 1.3217533 1.1910171 1.8187471 1.6262120 1.3800720 1.4130118 1.3035292 1.2980494 1.4840427 3.9334426 1.7202628 1.5529314 0.9560679 2.7006317 0.9943398 2.5707261 2.2285336 2.2285336 2.1640795 1.0828842 2.3523668 2.0554909 2.5082726 1.6686449 1.6686449 1.9613054 1.8754558 1.8754558 1.8415502 1.2404935 1.7193864 1.8454624 1.5599978 2.3879656 1.3881080 1.8137319 1.1046141 1.9676804 1.6985043 1.8126013 2.4184658 1.7303909 1.9266507 1.2904271 2.4076412 1.2022833 1.0994249 2.2013386 1.6619082 1.1955844 1.6035246 
CKAN_02197200                      3.5323729 4.5438186 0.3791627 4.2661491 3.5309377 4.3682071 3.6651930 4.2180379 4.0982467 4.2453194 4.1508507 3.5231638 3.8907629 3.9939473 5.5550800 4.3896274 4.1310974 4.6468930 4.2961435 4.6924175 0.0000000 4.5561003 3.8987069 4.6207227 4.7257842 4.2167864 4.6770057 4.0517870 3.3923414 3.9149835 4.2598865 2.0226018 1.6697865 1.7769309 1.7769309 1.7794482 1.6728207 1.5873123 1.3953532 2.1094208 2.1094208 1.9381693 2.0359855 1.6888530 1.5156553 1.5156553 1.8054496 1.8054496 2.0234414 1.8055088 2.1946736 2.0543360 2.0757794 1.7486197 1.7486197 2.1946736 2.0251619 1.4490998 1.7833121 1.7917947 1.7917947 1.9495830 2.1258807 1.7902381 1.7112869 2.1026299 1.3048071 1.8233320 1.4850384 1.8233320 1.7569002 1.3454866 1.9354113 1.6838476 1.7817311 1.8330109 1.8330109 1.4767254 1.8264656 1.8264656 1.7552630 1.4352735 1.8687453 1.2921406 1.2921406 1.8687453 1.6825260 1.6825260 1.7520001 2.0539531 2.0539531 1.7520001 1.7631479 2.1987270 1.5340558 1.6240131 1.8503920 1.8503920 1.7145587 1.7145587 1.8649918 1.8772114 1.5435840 1.5435840 2.2983391 1.6062012 2.1432688 0.3349143 1.9723240 1.4530200 0.5958947 0.5958947 0.6033533 0.7918965 0.6074711 2.5800244 0.6585232 0.6727521 0.6606851 2.5903085 2.1866395 1.5745737 0.7196508 0.6923095 1.9706451 0.9064504 2.0354009 1.8643424 1.8643424 1.7908144 2.2769252 1.9645609 0.8682208 2.0573173 2.1339753 2.1339753 1.3247211 2.1324489 2.1324489 2.9690946 2.2097031 2.2436088 2.3855956 1.2207779 1.1249556 2.5224651 2.7234968 1.7951086 2.4024597 2.2328829 2.2611072 1.8023483 2.4367076 0.8491277 1.8968944 1.8532034 1.6167123 2.3748961 1.5905016 0.5857453 0.8012075 1.5843054 
CKAN_02109000                      1.4803022 1.6514404 3.9233929 1.8922664 1.5221652 1.5870738 2.6899538 1.5542304 1.5940048 2.8466266 2.1877917 1.5376169 1.8973470 1.7389183 2.9582278 1.9613693 2.2165405 1.9724199 1.6680210 1.8994710 4.5561003 0.0000000 0.3135400 1.5417935 2.4083181 1.7557246 2.3949529 1.5325443 1.2820848 1.2204690 1.4232534 0.4513241 0.4849465 0.4004294 0.4004294 0.4004294 0.4437871 0.4922923 1.8377646 0.5214461 0.5214461 0.5200511 0.4643048 0.4443990 0.5812083 0.5812083 0.4303115 0.4303115 0.4572725 0.3464416 0.5706151 0.3526693 0.3399577 0.6911574 0.6911574 0.5706151 0.4784073 1.0340008 0.5106200 0.4312845 0.4312845 0.4200704 0.5792968 0.5369392 0.4116174 0.3585813 0.5673424 0.5802947 0.9507884 0.5802947 0.5201634 0.5870469 0.5426046 0.8943930 1.0312997 0.7164561 0.7164561 1.0361050 0.5227181 0.5227181 1.0095496 0.9487324 0.8096998 0.8201230 0.8201230 0.8096998 0.7170179 0.7170179 0.7256078 1.1871316 1.1871316 0.7256078 1.3005349 0.4484922 0.6332276 1.0285596 0.8016762 0.8016762 0.8127926 0.8127926 1.1825142 1.3413349 0.7251359 0.7251359 1.3065000 3.1115219 1.2286049 1.6525566 1.2898992 0.6897870 1.5167634 1.5167634 1.5064913 1.6962253 1.4845872 1.0490377 1.1680684 1.2796392 1.5617901 1.6439694 2.4118693 1.4421427 1.2396186 1.5172119 2.2096110 1.3744060 2.1056915 2.1157911 2.1157911 2.0526008 1.3423022 2.2333036 1.8184638 2.4147022 1.9222436 1.9222436 1.8059985 2.1194227 2.1194227 1.7032690 1.5553696 1.9586748 2.0467668 1.3432383 2.0465396 1.6554640 1.5578779 1.4761712 2.1440460 1.8479357 1.8135081 2.8397072 1.8391601 1.7881407 1.7929825 2.8264688 1.5827403 1.3548186 2.0759687 2.3443435 1.5290844 1.4519272 
CKAN_02199500                      1.4387807 1.4490723 3.5985184 1.8642111 1.4254572 1.3527504 2.4835106 1.4476821 1.5696053 2.9663011 2.1944596 1.5059852 1.7576378 1.6173342 2.7418498 1.6601274 1.9658173 1.8775699 1.7122112 1.8148666 3.8987069 0.3135400 0.0000000 1.3748230 2.3066514 1.5599461 2.2936011 1.3750368 1.4478523 1.1928267 1.3259650 0.3858654 0.3875502 0.3698487 0.3698487 0.3925365 0.3498043 0.3931589 1.6862100 0.4441222 0.4441222 0.4303721 0.4550901 0.4382058 0.5605996 0.5605996 0.3450598 0.3450598 0.4393701 0.3692442 0.4905749 0.3772898 0.3639336 0.6060488 0.6060488 0.4905749 0.4527444 1.0938930 0.4176983 0.4228196 0.4228196 0.4358763 0.4890610 0.4787816 0.3487240 0.3434446 0.4754425 0.4641664 0.9629497 0.4641664 0.5274021 0.4923758 0.4554952 0.9061652 1.0715553 0.5812536 0.5812536 1.0529934 0.4808767 0.4808767 1.0340391 0.9351714 0.6659843 0.6877288 0.6877288 0.6659843 0.6399586 0.6399586 0.6575641 1.0142065 1.0142065 0.6575641 1.3812855 0.3714690 0.6114757 0.9753705 0.7540195 0.7540195 0.7917042 0.7917042 1.1209059 1.4727091 0.6980849 0.6980849 1.3015300 2.1911349 1.3523695 1.4169542 1.1883386 0.6861460 1.3280406 1.3280406 1.4316019 1.4420492 1.4171361 1.0490377 1.2116804 1.2759848 1.5650238 1.7963911 2.1070560 1.5404009 1.3182030 1.4406333 2.2268889 1.1224266 2.3461068 2.2999691 2.2999691 2.2336029 1.2954058 2.4305097 2.0060080 2.4362609 1.9278770 1.9278770 1.8665798 1.9058368 1.9058368 1.7032690 1.5424045 1.9446673 2.0886259 1.3024052 2.1672624 1.6003608 1.5736726 1.4946714 2.0749715 1.8185819 1.8424871 2.6985036 1.8515474 1.6555568 1.9070650 2.6859563 1.4596539 1.6780974 2.4282677 2.1280203 1.7160793 1.7455142 
CKAN_02189300                      1.4104047 0.3835381 4.4533577 1.3660432 1.6720156 0.2096389 2.1582807 0.3363407 1.1736767 3.0295479 2.2928270 1.5609848 1.3728824 1.1568871 2.0599717 1.1687295 1.8747071 1.5562315 1.2040497 1.5820438 4.6207227 1.5417935 1.3748230 0.0000000 1.9456103 1.6298103 1.9371249 0.3364577 1.2125937 1.9616645 1.5871154 0.1852161 0.2351268 0.0852764 0.0852764 0.0420359 0.2863890 0.2865726 1.4715595 0.2121909 0.2121909 0.4649349 0.3734048 0.3494420 0.3587113 0.3587113 0.1067662 0.1067662 0.2131165 0.3399308 0.2159707 0.3442343 0.2634247 0.4106747 0.4106747 0.2159707 0.3961637 0.9044716 0.4530564 0.3564861 0.3564861 0.4315002 0.5358456 0.3574172 0.4324566 0.3446786 0.2599547 0.2635864 0.8778486 0.2635864 0.5373893 0.2938747 0.3990913 0.6943888 0.9120618 0.5366012 0.5366012 0.9049562 0.4715024 0.4715024 0.8152593 0.7971027 0.4886512 0.5452062 0.5452062 0.4886512 0.5719088 0.5719088 0.4932293 0.6888944 0.6888944 0.4932293 1.1612873 0.5543609 0.6553748 0.6846577 0.5398981 0.5398981 0.6183747 0.6183747 0.8026104 1.1653012 0.6074603 0.6074603 1.2867338 2.5594460 1.1122826 1.2852221 1.3968748 0.8093456 1.3078849 1.3078849 1.2075806 1.7340374 1.5296933 0.9105886 1.3025926 1.0934308 1.3056718 1.4146894 2.9659931 1.4357073 1.4232616 1.1018306 2.3160888 1.0477253 2.2066882 2.2496329 2.2496329 2.1847304 1.0323556 2.3751543 2.1054664 2.3775299 1.7416955 1.7416955 1.8258939 1.7875600 1.7875600 1.5668563 1.3390268 1.6162734 1.7168392 1.4731695 2.5005512 1.3110537 1.4847081 1.0830404 1.9209752 1.5304650 1.7208981 2.3936004 1.5625881 1.8328031 1.3711622 2.3828563 1.2751649 1.0864738 2.0087077 1.7526273 1.2284052 1.3112569 
