135
Prupe.1G290600.1.p_Kbox            0.0000000 1.3532499 0.3920571 0.9765225 1.4393087 0.4744566 1.1206028 0.8874071 1.3699305 1.4329438 1.0639630 0.8712501 1.4559640 1.6152501 1.2572093 1.6529470 1.5946568 1.9610337 2.3699893 2.0569852 1.8908929 2.0505669 1.3962320 2.4559524 1.7530021 2.1759338 2.0215948 2.3594716 2.3273243 2.2829842 2.3873608 1.3118883 3.1924162 2.9060619 2.0362694 0.4403593 0.3592529 0.5349353 0.5349353 1.0871259 1.4456237 1.4456237 1.4988089 1.4988089 1.3546028 1.4942767 1.1113113 1.1113113 1.3105386 1.5379915 1.9253079 1.3105386 0.9084664 1.1703549 1.4942767 0.9084664 1.4863932 1.6116338 1.3605490 1.1569062 1.7991340 2.2533196 1.2007384 1.7972929 1.4343690 1.2007384 1.6494538 0.8837133 1.7548553 1.7548553 1.4917361 1.4917361 2.1128892 1.8593872 1.9127594 1.9161660 1.9127594 1.3785543 1.8328740 1.6397967 2.3842611 2.3842611 2.0349715 2.0349715 2.3714840 2.6722173 1.7208212 1.4408572 1.3605490 1.4863412 2.1128892 1.7484279 2.1888607 2.1888607 2.3913456 3.1773626 2.5222027 4.8338783 1.5549013 1.5122170 1.5329075 1.5122170 1.6293984 1.6629505 1.6293984 1.6629505 1.1568667 1.2864840 1.2864840 2.0692518 1.2613831 2.0034065 1.7234667 1.8870959 1.7718965 2.3018065 6.3811433 3.1889742 3.1889742 2.7478681 3.1143338 3.6299396 4.4690601 4.4690601 1.9465286 2.7229268 3.7583428 3.2946660 1.8046594 2.4085920 2.2893461 3.1560742 2.3321580 2.4583257 2.4838481 
Prupe.4G070500.1.p_Kbox            1.3532499 0.0000000 1.1696620 1.3671034 0.4477873 1.4781898 1.4038804 1.6749418 1.3923524 0.3677344 1.7270609 1.5870937 1.7983049 1.4732198 1.3379156 2.0526954 1.8270727 1.8632460 2.7542780 1.9702605 2.2592754 1.9115321 1.9065569 2.3947892 2.2117521 2.1933076 2.1240499 1.9627683 2.2818826 2.1242689 2.3631129 2.4651118 3.0454601 2.8255333 2.4487568 1.3333260 1.1963614 1.0848343 1.0848343 1.3616571 0.3295488 0.3295488 0.4706192 0.4706192 1.3560938 0.3546391 1.6123283 1.6123283 0.4734127 1.2480068 3.7232847 0.4734127 1.5133247 1.6916299 0.3546391 1.5133247 1.4757969 0.9842937 2.2824303 1.3731466 1.1880785 4.9968720 1.3866730 1.3070382 3.2970555 1.3866730 1.3744848 1.4084428 1.7659663 1.7659663 1.8938935 1.8938935 2.1701286 2.1922220 1.7568817 1.7048919 1.7568817 0.4961829 1.9483568 1.8205407 2.2811039 2.2811039 1.6859886 1.6859886 3.1121419 2.1914083 1.8249047 1.4647309 2.2824303 1.9879435 2.1701286 1.7599114 2.4996224 2.4996224 2.7406519 3.3123986 2.7224689 3.0724597 2.4438530 2.5270379 2.3187929 2.5270379 2.1933832 2.7075994 2.1933832 2.7075994 1.5737599 2.0167389 2.0167389 2.4546961 2.1085021 2.9011552 2.1252453 2.7030645 2.7665817 2.6174932 2.9966387 2.7074372 2.7074372 3.2600143 3.1213172 2.9518038 3.0968109 3.0968109 3.3629838 4.0121835 1.9538497 3.0877273 1.7040578 2.5348865 1.8087760 2.6312113 2.0954073 2.0087088 2.0701135 
Prupe.5G208500.1.p_Kbox            0.3920571 1.1696620 0.0000000 1.0613913 1.3280608 0.3948467 1.2215409 0.9487179 1.3544571 1.3687278 1.1133903 0.9165672 1.4964807 1.4928392 1.3190773 1.9932077 1.7064150 2.0185794 2.3538260 1.8956450 1.9037644 1.8231718 1.3992131 2.4335892 2.1242056 1.9653065 1.9391586 1.9477482 2.1512141 1.8625657 2.1513861 1.2891538 3.3566230 2.9766413 2.2457864 0.5719952 0.6469686 0.4187690 0.4187690 1.0931023 1.3403859 1.3403859 1.2892622 1.2892622 1.4933801 1.4187289 1.2262646 1.2262646 1.1763782 1.5179640 2.4114795 1.1763782 0.8791498 1.2906784 1.4187289 0.8791498 1.6778194 1.4331839 1.3400586 1.0236156 1.7573225 2.5828579 1.2514867 1.6162966 1.6951897 1.2514867 1.6267644 0.9032041 2.0426201 2.0426201 1.9236295 1.9236295 2.2054072 1.9035901 1.9763745 1.8345716 1.9763745 1.1848453 1.7774008 1.8180669 2.0365899 2.0365899 1.8919110 1.8919110 2.0504743 2.8365550 2.0207897 1.4063852 1.3400586 1.8030429 2.2054072 2.0342545 2.0296531 2.0296531 2.6876077 3.1501616 2.4791389 4.5159152 1.6674455 1.6880924 1.7085110 1.6880924 1.7572130 1.9552675 1.7572130 1.9552675 1.1537209 1.4041932 1.4041932 1.9408442 1.4500177 2.2480532 1.8896277 2.0127022 1.9247985 2.9432249 6.8325183 3.0624189 3.0624189 2.9990162 3.3171799 3.3227673 4.5413486 4.5413486 2.2699297 2.1295665 1.9836400 2.9916841 2.1234932 2.4355908 1.8621564 2.3103257 1.8604026 1.6967929 2.0383481 
Prupe.5G208400.1.p_Kbox            0.9765225 1.3671034 1.0613913 0.0000000 1.2078853 1.0875167 0.8220461 0.4443896 1.4853302 1.5150582 0.2909648 0.3754259 1.6271627 1.7588442 0.9685579 1.7023863 1.5864425 1.7921985 2.9711729 1.9262213 1.6986599 1.8969692 1.8680372 2.5839562 2.1939020 1.6551122 1.7444778 1.5452778 1.6777948 1.8712673 1.8345012 1.5265949 3.2285587 3.0112410 1.3491740 1.0013891 0.8470289 0.7125499 0.7125499 0.9587195 1.2979779 1.2979779 1.3096526 1.3096526 1.5240743 1.3522296 0.4229663 0.4229663 1.1132030 1.6299712 2.5023396 1.1132030 0.3873091 0.4540170 1.3522296 0.3873091 1.3813880 1.4456859 1.7076641 0.9167205 1.5279913 3.1940520 0.5258122 1.7720529 1.9751703 0.5258122 1.4725868 1.5184348 1.8422596 1.8422596 1.8954491 1.8954491 2.2317880 2.0323414 1.8291399 1.8525004 1.8291399 1.0948931 1.7613610 1.9117266 2.0625596 2.0625596 1.9970226 1.9970226 2.4553284 2.7340346 2.0292955 1.6812781 1.7076641 1.8052548 2.2317880 1.8800746 2.0131327 2.0131327 3.5821298 3.9648465 2.7899801 4.3392098 1.9861139 1.9707291 1.6470042 1.9707291 1.8694821 1.8615323 1.8694821 1.8615323 1.3543857 1.6701013 1.6701013 1.9221834 2.0438862 2.6734440 2.0538112 2.5524544 2.6170362 3.1724384 5.3060631 3.3103355 3.3103355 3.4204111 3.2366954 3.9311828 4.4790243 4.4790243 1.8275245 2.8199589 3.1882020 2.4925676 1.9793039 1.9886905 2.4359984 2.8859885 2.1763810 2.2490736 2.4146014 
Prupe.1G549600.1.p_Kbox            1.4393087 0.4477873 1.3280608 1.2078853 0.0000000 1.4920755 1.4433765 1.4989690 1.1540044 0.3879461 1.5844101 1.4662392 1.3697056 1.3341200 1.4936010 1.6672966 1.5026500 1.7698495 2.6743016 1.7880167 2.1552441 1.7370161 1.7422364 2.4077549 2.0969039 2.2207395 1.8805842 2.0638114 2.3203722 1.9489832 2.3892880 2.0797441 2.5039320 2.6093172 1.8344030 1.4586554 1.3646367 1.0840263 1.0840263 1.4197344 0.4612306 0.4612306 0.3719454 0.3719454 1.0703980 0.4654167 1.5883744 1.5883744 0.1900392 1.0605688 2.8766777 0.1900392 1.3553770 1.6688719 0.4654167 1.3553770 0.9987440 0.9988197 2.2667676 1.5391799 1.2841892 3.0004489 1.2230202 1.2003819 2.2133559 1.2230202 1.0767958 1.5234084 1.5544131 1.5544131 1.6980635 1.6980635 2.2365911 1.9823352 1.6710860 1.4582601 1.6710860 0.2002772 1.9001110 1.8708092 2.3609177 2.3609177 1.6993981 1.6993981 2.4322167 2.1579857 2.0962878 1.2491227 2.2667676 1.6957284 2.2365911 1.5489357 1.9576436 1.9576436 2.8435163 3.5610857 2.5334223 3.0718903 2.1249180 2.1912249 2.1177948 2.1912249 1.9613859 2.3089737 1.9613859 2.3089737 1.5992011 1.9302845 1.9302845 1.8689733 1.8426448 2.5160713 1.9772291 2.7173194 2.8301490 3.0182535 4.1340931 2.2220072 2.2220072 2.6414713 2.6501764 2.8126740 3.4289343 3.4289343 2.0603892 3.2484705 2.2710318 2.8954232 1.5748219 2.6183246 1.7638284 2.1777767 1.8510211 1.6573070 1.9176405 
Prupe.3G249300.1.p_Kbox            0.4744566 1.4781898 0.3948467 1.0875167 1.4920755 0.0000000 1.1741295 1.0244440 1.3077207 1.5092480 1.1615785 1.0420673 1.6632726 1.5347145 1.3763717 1.8329632 1.6274700 2.3105738 2.3308874 1.9282385 2.1625738 1.9117543 1.2666150 2.3378494 1.9380917 1.8743403 1.7907151 1.7881075 1.8739438 2.1893981 2.0454305 1.4407892 3.0154885 2.6248600 2.2626977 0.5891767 0.6030270 0.5894256 0.5894256 1.3888514 1.4262419 1.4262419 1.3945402 1.3945402 1.7157723 1.5289678 1.3792256 1.3792256 1.2983950 1.6150886 1.9341894 1.2983950 1.0520073 1.4160767 1.5289678 1.0520073 1.8041412 1.6101992 1.2087769 1.2030320 1.6891603 2.6210123 1.4862845 1.5000582 1.4761342 1.4862845 1.7752054 0.8126917 1.9459424 1.9459424 1.8164150 1.8164150 2.2025475 2.0930527 1.8521132 2.4112797 1.8521132 1.3706118 1.8672797 1.6313073 2.3305941 2.3305941 1.7169080 1.7169080 2.0559007 2.5550468 1.9193884 1.3556143 1.2087769 1.8078049 2.2025475 1.9381122 2.1241547 2.1241547 2.5208714 3.0338257 2.7254582 4.3119642 1.6377561 1.6592756 1.7251131 1.6592756 1.7777676 1.9245917 1.7777676 1.9245917 1.2605532 1.1969630 1.1969630 2.0261961 1.3146243 2.0263582 1.9225612 1.8979092 1.8150118 2.5546503 6.3776710 2.9337570 2.9337570 3.2054725 3.1332580 3.7061763 3.7128003 3.7128003 2.4146947 2.2663682 4.0847292 2.7709710 2.3451577 2.7628450 2.2743213 2.3116399 1.8585637 1.7228559 1.9486473 
Prupe.2G151000.1.p_Kbox            1.1206028 1.4038804 1.2215409 0.8220461 1.4433765 1.1741295 0.0000000 0.9060228 1.5783038 1.4544594 0.7168987 0.7929105 1.4716811 1.6394438 0.6713827 1.4733187 1.6002962 2.2454230 2.2970132 2.1931240 1.6907799 2.1545683 2.3746440 1.9924005 1.7936320 1.9124191 2.0679511 1.8932970 2.0343831 2.1034039 2.2206351 1.5489619 3.0608888 3.8268498 2.0668912 1.1044924 1.0199460 1.1683899 1.1683899 0.4015742 1.3341857 1.3341857 1.2532174 1.2532174 1.5569061 1.3328379 0.7706088 0.7706088 1.3606679 1.5285296 3.0953143 1.3606679 0.6894812 0.7971029 1.3328379 0.6894812 1.6508926 1.2957471 1.8214116 0.4889598 1.5239155 5.9701318 1.1383815 1.4633830 2.5975413 1.1383815 1.8925016 1.5149488 1.7477477 1.7477477 1.8164004 1.8164004 2.2664360 1.4672021 1.9175688 2.0345824 1.9175688 1.3973995 1.5502051 1.6212427 2.3133885 2.3133885 2.0970089 2.0970089 2.2807913 2.3072999 1.9364827 1.3923119 1.8214116 1.7775374 2.2664360 1.7832631 1.7829326 1.7829326 2.7641398 3.1155851 2.7128519 3.9851571 1.5637550 1.5477568 1.7177687 1.5477568 1.7411735 1.8647224 1.7411735 1.8647224 1.4320626 1.5591050 1.5591050 1.7038926 1.3020796 2.6043464 1.6749917 2.2596630 2.3152035 2.8097486 4.2612908 3.2135703 3.2135703 2.9223244 2.9962403 3.7348923 4.0697738 4.0697738 1.9029168 3.5273899 3.3148044 3.4596029 1.7057327 1.8605495 2.9510750 3.1960384 2.6087053 2.1423582 2.6826352 
Prupe.1G290500.1.p_Kbox            0.8874071 1.6749418 0.9487179 0.4443896 1.4989690 1.0244440 0.9060228 0.0000000 1.4175961 1.7079426 0.4918691 0.5090378 1.6032248 1.6298770 1.1706940 1.7906917 1.5523149 2.1136883 2.6755460 2.2311086 1.9783647 2.1145765 1.6766366 2.6408717 2.7260272 1.6769966 2.0794592 1.7955801 1.8618785 2.1042450 1.9242667 1.4921165 3.7552039 3.4957615 1.6914531 0.9599553 1.0201230 0.8532055 0.8532055 0.9051036 1.5787349 1.5787349 1.4778345 1.4778345 1.4537832 1.5773101 0.6439211 0.6439211 1.3243811 1.5815523 1.6810143 1.3243811 0.5880625 0.6829102 1.5773101 0.5880625 1.3186228 1.4073916 1.5288522 0.9621258 1.6981584 2.9383032 0.5801491 1.6244375 1.4431397 0.5801491 1.3804651 1.5758067 1.9182786 1.9182786 1.8982227 1.8982227 2.4093722 2.3671018 1.8492240 2.0004851 1.8492240 1.3019216 1.9498288 2.0755422 2.0190190 2.0190190 1.9291133 1.9291133 3.0452239 2.8454809 2.7479769 1.4196072 1.5288522 1.7412536 2.4093722 1.9582427 2.1888094 2.1888094 3.0902091 3.5154994 2.7860310 4.4817879 2.1600500 2.1401916 1.9444670 2.1401916 1.8966059 2.2093739 1.8966059 2.2093739 1.7197596 1.8889803 1.8889803 2.2120873 2.2419842 2.4791398 2.1104030 2.4825871 2.5397787 2.9402110 5.3998017 3.7606189 3.7606189 3.8519271 3.7935679 4.2251789 4.2752202 4.2752202 1.7635948 3.0970136 2.7715515 2.9697150 1.8914768 1.9173501 3.0383576 2.8362645 2.3293802 2.2212684 2.3066053 
Prupe.8G073700.1.p_Kbox            1.3699305 1.3923524 1.3544571 1.4853302 1.1540044 1.3077207 1.5783038 1.4175961 0.0000000 1.5348804 1.5116584 1.4104886 1.5488524 0.3922045 1.5756605 1.7564607 1.7788355 2.5358252 2.4829347 1.9916774 2.0469250 1.7305277 1.8107940 2.7256382 2.4473621 2.3272964 2.0996817 2.1892981 2.1967298 1.8294234 2.3542960 1.9153169 2.1498969 3.2093312 2.1335809 1.3888567 1.2930376 1.1762689 1.1762689 1.4924791 1.2019509 1.2019509 1.0065153 1.0065153 1.4774954 1.2167635 1.4207992 1.4207992 0.9679789 0.3762502 1.0269249 0.9679789 1.2645683 1.4116728 1.2167635 1.2645683 1.6955289 0.3515116 0.7204850 1.3032651 0.2304856 1.6208955 1.6244671 0.4106070 0.5722939 1.6244671 1.6512769 1.3992431 2.0137158 2.0137158 1.9020411 1.9020411 2.2694263 1.4877413 1.7322182 2.5642374 1.7322182 0.9380200 1.9578346 1.9508804 1.5168849 1.5168849 1.8489114 1.8489114 2.0177315 2.3627486 2.6032094 0.4087748 0.7204850 1.7782833 2.2694263 1.9523962 2.4189696 2.4189696 2.7043472 1.8492956 2.1868067 2.5536483 1.7877969 1.9144907 1.8755785 1.9144907 1.6668484 2.1359868 1.6668484 2.1359868 1.4978969 1.6448305 1.6448305 2.3305301 1.7072434 2.4922212 1.8846654 2.3884869 2.4132755 2.0815783 3.8785877 2.3468546 2.3468546 2.3903550 2.4291563 3.0638960 2.2597699 2.2597699 2.5469030 2.4596515 3.1436678 3.1840590 1.7325173 2.5055049 2.1100766 2.3702328 1.8626312 1.5867925 1.9957394 
Prupe.3G170600.1.p_Kbox            1.4329438 0.3677344 1.3687278 1.5150582 0.3879461 1.5092480 1.4544594 1.7079426 1.5348804 0.0000000 1.7580859 1.6967864 1.5852701 1.6196310 1.3882313 1.9961633 1.7479436 1.8185431 2.7588061 2.2026544 2.4425038 1.8587793 1.8533325 2.2790085 2.2174459 2.0365820 1.8677170 1.8830410 2.1080157 2.3515211 2.1301886 2.4532824 3.2055728 2.7685902 2.7161340 1.6041010 1.5663803 1.3899508 1.3899508 1.3974269 0.1592715 0.1592715 0.4399397 0.4399397 1.2392201 0.2021304 1.8764238 1.8764238 0.4154633 1.3612329 4.3710590 0.4154633 1.5795964 1.9654099 0.2021304 1.5795964 1.2376644 1.1256169 2.6633048 1.4545070 1.4377345 4.7479806 1.4879237 1.3952494 3.8751177 1.4879237 1.4572797 1.5118361 1.8899391 1.8899391 1.9908159 1.9908159 2.4336046 2.3354168 2.1351048 1.7985083 2.1351048 0.4145986 2.2482199 1.6612951 2.8201433 2.8201433 1.6707167 1.6707167 3.1860317 2.1910081 2.1685846 1.4903762 2.6633048 2.0016694 2.4336046 1.8832125 2.5857906 2.5857906 3.0037589 3.9969117 2.9150997 3.4721638 2.5333256 2.6121409 2.3920341 2.6121409 2.2245023 2.6261056 2.2245023 2.6261056 1.6543132 1.9986218 1.9986218 2.5386863 2.0289559 3.0555471 2.2234006 2.7230499 2.8298941 3.1729454 4.1719698 2.7780519 2.7780519 3.4567969 3.2674075 3.2141469 3.8122110 3.8122110 2.8715950 3.8948631 2.7989771 3.1240706 1.6394044 3.0743765 2.2584946 2.8013190 2.3311988 2.1228460 2.0924576 
Prupe.3G249400.1.p_Kbox            1.0639630 1.7270609 1.1133903 0.2909648 1.5844101 1.1615785 0.7168987 0.4918691 1.5116584 1.7580859 0.0000000 0.3580119 1.7896612 1.8040197 1.1667060 1.7101289 1.9312933 2.1069606 2.6855453 2.3265402 1.7035270 1.9588951 1.8875254 2.5802677 2.1382145 1.8619057 2.0151683 1.7709053 1.9972547 2.1202852 2.1771568 1.4340895 3.8176868 3.4940819 1.7333799 1.0624964 0.9951430 1.0362122 1.0362122 0.7033184 1.3766221 1.3766221 1.4130678 1.4130678 1.4752023 1.3799650 0.2197402 0.2197402 1.4031988 1.7673526 2.8220478 1.4031988 0.2891255 0.2459764 1.3799650 0.2891255 1.5278337 1.4980216 1.8104273 0.8630940 1.5402831 4.4731581 0.6671841 1.7524072 2.1844414 0.6671841 1.5570349 1.5246502 2.0746208 2.0746208 2.0653787 2.0653787 2.0706226 1.9668190 2.0616685 2.0263594 2.0616685 1.3512918 1.8409695 1.7939156 1.9613335 1.9613335 1.8450053 1.8450053 2.2628975 2.5675731 2.0111535 1.5532936 1.8104273 1.9141683 2.0706226 2.1209741 2.0106357 2.0106357 3.4396895 3.4534106 3.0174415 4.2645943 1.9423725 1.9864132 1.6640532 1.9864132 1.8277510 1.9235411 1.8277510 1.9235411 1.4091263 1.6946770 1.6946770 1.9199258 2.0145304 2.5899694 1.9970249 2.3703879 2.4557229 2.9416782 4.6060236 3.8649085 3.8649085 3.9025149 3.6282219 4.2585846 3.7078725 3.7078725 2.0835719 2.9385542 3.1094860 3.1538344 1.6802982 2.2862853 2.9757894 2.9891489 2.5233708 2.3659020 2.4338631 
Prupe.1G223600.1.p_Kbox            0.8712501 1.5870937 0.9165672 0.3754259 1.4662392 1.0420673 0.7929105 0.5090378 1.4104886 1.6967864 0.3580119 0.0000000 1.7927467 1.5896377 1.0380483 1.8379277 1.9756985 1.9654863 2.4286606 2.4383337 1.8452907 1.9522872 1.8100876 2.1570385 2.1159331 1.7560079 2.3161058 1.9784470 2.0249553 2.4305451 2.1457422 1.5413651 3.2743374 3.0316775 1.9117059 0.7801417 0.7917325 0.7373773 0.7373773 0.8180307 1.4339650 1.4339650 1.2849232 1.2849232 1.6007561 1.4565490 0.3004722 0.3004722 1.2991868 1.3653054 2.4734744 1.2991868 0.1555277 0.3311062 1.4565490 0.1555277 1.5520231 1.3898896 1.4566174 0.8750317 1.6182759 3.2469641 0.6691494 1.3570654 1.9292105 0.6691494 1.5906445 1.3861358 1.9337210 1.9337210 2.0715688 2.0715688 2.1992251 1.9111609 2.2086315 2.0115354 2.2086315 1.2581603 2.1189523 2.1604160 2.0750602 2.0750602 2.4098441 2.4098441 2.2806276 2.6128780 2.1466508 1.4881648 1.4566174 1.8798145 2.1992251 1.9772662 2.2694562 2.2694562 3.8865394 3.3398127 2.7991994 4.3047208 2.0317138 2.0549502 1.8310360 2.0549502 1.7985667 2.0915794 1.7985667 2.0915794 1.4443496 1.6128504 1.6128504 2.1639582 2.0627206 3.2442485 2.0508053 2.6148178 2.6823520 3.0473210 4.8515578 3.1828226 3.1828226 3.5717393 3.2559449 3.9285598 3.4958603 3.4958603 2.4271517 3.1431235 3.0998041 3.8658865 1.6383923 2.1667872 2.8147032 2.8298674 2.3002044 2.1386111 2.3278893 
Prupe.2G151200.1.p_Kbox            1.4559640 1.7983049 1.4964807 1.6271627 1.3697056 1.6632726 1.4716811 1.6032248 1.5488524 1.5852701 1.7896612 1.7927467 0.0000000 1.7503299 1.5390803 0.7001693 0.7087507 1.8324669 2.6854536 1.3474945 2.1054154 1.9292547 1.8234100 2.2629145 1.9059395 2.3450576 2.0867023 2.4628805 2.3893001 2.3355992 2.7138442 2.3167503 2.7734008 2.8691291 1.7148329 1.5370203 1.4908885 1.4453893 1.4453893 1.3929435 1.2041984 1.2041984 1.1781404 1.1781404 0.3476472 1.2457163 1.9480013 1.9480013 1.1399196 1.8538825 3.4141367 1.1399196 1.5668887 1.9644497 1.2457163 1.5668887 0.6507875 1.5396587 2.3165871 1.2997890 1.6587350 3.4090521 1.6890382 1.8840235 2.3812485 1.6890382 0.8629644 1.5383370 0.5976807 0.5976807 0.7499110 0.7499110 1.9462741 2.1487873 0.8918146 1.8097999 0.8918146 1.1175727 0.8705518 1.8620298 2.0635639 2.0635639 2.1587377 2.1587377 1.1679710 2.5382130 2.1546150 1.5084716 2.3165871 0.7054442 1.9462741 0.6060766 1.6237851 1.6237851 2.8080305 3.1504831 2.7120649 3.0131822 1.5448820 1.5526209 1.5827599 1.5526209 1.7590411 1.4745679 1.7590411 1.4745679 1.4667217 1.5211310 1.5211310 1.5682203 1.3375624 1.4778363 1.7291878 1.6927180 1.6068883 2.6568250 3.8122574 2.2394291 2.2394291 2.3911315 2.4377099 3.1558720 3.7077570 3.7077570 1.7430585 2.4501902 1.6788283 2.9550011 1.7320208 2.0831299 2.3887735 2.8346680 2.4126839 2.2050685 2.1382701 
Prupe.6G208900.1.p_Kbox            1.6152501 1.4732198 1.4928392 1.7588442 1.3341200 1.5347145 1.6394438 1.6298770 0.3922045 1.6196310 1.8040197 1.5896377 1.7503299 0.0000000 1.7472609 1.9465527 1.8479158 2.7959434 2.4555644 2.0893173 2.1166238 2.2955014 2.0083879 2.2235985 2.8128213 2.7713609 2.3314142 2.3932798 2.3876011 2.1721646 2.6899207 2.0009014 2.1634823 3.0876173 1.9907700 1.6259994 1.5345049 1.3793432 1.3793432 1.5286645 1.3834185 1.3834185 1.1467601 1.1467601 1.6215404 1.3139138 1.7628775 1.7628775 1.1018783 0.3816207 1.3157656 1.1018783 1.5010736 1.7513336 1.3139138 1.5010736 1.9976053 0.5336250 0.4944884 1.2789509 0.6191021 1.5945630 1.8735946 0.4275833 0.7764381 1.8735946 1.9459614 1.8482350 2.1108371 2.1108371 1.8782625 1.8782625 2.2440981 1.8050606 1.5865644 2.6469143 1.5865644 1.0204753 1.9277982 2.2227980 2.0983863 2.0983863 2.1163818 2.1163818 3.3728354 2.2968051 2.6766845 0.5811959 0.4944884 1.7446238 2.2440981 2.0019963 2.5719469 2.5719469 2.7692612 2.7094237 2.8736182 3.0663177 2.0708658 2.1678192 2.3517465 2.1678192 2.2140860 2.5119947 2.2140860 2.5119947 1.6126600 1.9369628 1.9369628 2.6018242 1.7107614 2.5331672 2.5563512 2.5272281 2.5566256 2.4154465 3.8244687 2.3228634 2.3228634 2.5830739 2.4917927 3.0915703 3.0112546 3.0112546 2.6572486 2.3534794 3.3290601 2.8740004 1.5124609 2.3628365 2.1836656 3.0981489 2.5832812 2.1641726 2.3361816 
Prupe.2G287000.1.p_Kbox            1.2572093 1.3379156 1.3190773 0.9685579 1.4936010 1.3763717 0.6713827 1.1706940 1.5756605 1.3882313 1.1667060 1.0380483 1.5390803 1.7472609 0.0000000 1.5957894 1.6131967 2.3779975 2.6487118 1.5688284 1.9493864 2.4357331 2.3811701 2.5104941 1.4794515 2.2092627 2.4726758 2.2647441 2.1520458 2.1353541 2.4292043 1.4607154 2.7781688 3.1409537 2.6932814 1.1508726 1.0821866 1.2118738 1.2118738 0.7747755 1.1629828 1.1629828 1.3887215 1.3887215 1.5410315 1.2095074 1.0500907 1.0500907 1.3630569 1.6843902 3.6733117 1.3630569 1.0229437 1.0849529 1.2095074 1.0229437 1.2638367 1.4488810 1.9891325 0.6833489 1.7148734 4.3416409 1.2250780 1.7781980 2.5529491 1.2250780 1.5286983 1.5435003 1.4694529 1.4694529 1.7082905 1.7082905 1.8883960 2.0271397 1.8125784 2.3699938 1.8125784 1.3636435 1.7074815 2.0161915 1.7505339 1.7505339 2.6593859 2.6593859 1.5779705 2.2670717 1.4018843 1.6484837 1.9891325 1.7304539 1.8883960 1.4985507 1.7277501 1.7277501 2.7818647 3.2656701 2.5901563 4.1572798 1.6008544 1.6468458 1.8511241 1.6468458 1.6225844 1.9565134 1.6225844 1.9565134 1.4670594 1.4931347 1.4931347 1.6546853 1.3634082 2.2984483 1.7403007 2.2031926 2.1999539 2.6712802 4.0862431 2.8255303 2.8255303 3.0337779 2.9123798 3.1893256 3.7963566 3.7963566 2.6713164 3.1883332 3.3441722 3.8158348 2.2170473 2.7965663 2.1692560 2.9106953 2.2673169 2.0398225 2.4496043 
Prupe.2G287500.1.p_Kbox            1.6529470 2.0526954 1.9932077 1.7023863 1.6672966 1.8329632 1.4733187 1.7906917 1.7564607 1.9961633 1.7101289 1.8379277 0.7001693 1.9465527 1.5957894 0.0000000 0.7255309 2.4257170 2.5888387 1.7735070 1.7902597 1.9426896 1.8822973 2.3436054 2.1901152 2.5950431 2.1829223 2.8208484 2.7679001 2.1700951 2.7829920 1.9518509 2.8311690 3.1074809 1.7866196 1.7479008 1.6910789 1.5518935 1.5518935 1.6813127 1.7602957 1.7602957 1.4799822 1.4799822 0.5832640 1.9197968 1.8501606 1.8501606 1.3636722 1.6355694 3.4232554 1.3636722 1.8863711 1.9036792 1.9197968 1.8863711 0.7842086 1.4824045 1.8610208 1.6712513 1.8735238 2.7276323 1.7854626 1.5600832 2.3444507 1.7854626 0.8088036 1.8297524 0.6044305 0.6044305 0.7260877 0.7260877 1.3887875 2.2342146 0.8200362 2.5000791 0.8200362 1.3795657 0.7382680 1.9778764 2.3316008 2.3316008 2.3093541 2.3093541 1.5164791 2.2805790 2.4418802 1.6268752 1.8610208 0.7931768 1.3887875 0.6454817 2.3645388 2.3645388 2.7294673 3.5402672 2.4159107 2.8407317 1.4069363 1.5355216 1.4628678 1.5355216 1.7214233 1.7516528 1.7214233 1.7516528 1.2801677 1.6394808 1.6394808 2.2175121 1.6475858 1.8049955 2.0219789 1.9589601 1.8294318 2.5455766 4.1775376 2.5654081 2.5654081 2.5752032 2.5253686 3.0503482 3.5760506 3.5760506 1.5637402 2.5951542 2.2316046 3.4835811 2.5235306 1.7946831 2.4732336 2.6162553 2.7144226 2.4541851 2.5444442 
Prupe.5G087500.1.p_Kbox            1.5946568 1.8270727 1.7064150 1.5864425 1.5026500 1.6274700 1.6002962 1.5523149 1.7788355 1.7479436 1.9312933 1.9756985 0.7087507 1.8479158 1.6131967 0.7255309 0.0000000 2.4615709 2.4001466 1.8729955 2.0642766 2.3057567 2.1429580 2.2893322 2.5485263 2.2993906 2.1340522 2.4881064 2.3975888 2.3457237 2.6338483 1.9638797 3.0679949 3.0299220 1.1765608 1.7519104 1.6415120 1.6705653 1.6705653 1.9238578 1.7769495 1.7769495 1.5043916 1.5043916 0.7105600 1.8615141 2.3289704 2.3289704 1.1634040 1.8930263 3.0050761 1.1634040 1.7448192 2.3494736 1.8615141 1.7448192 0.6063748 1.7417416 1.8502634 1.6887876 1.8781538 3.0174104 1.9551242 1.9918475 2.3243769 1.9551242 0.6750311 1.6225434 0.8779718 0.8779718 1.0185031 1.0185031 2.6133322 2.6248215 1.1211491 2.1341274 1.1211491 1.1932502 0.9226591 2.0202115 2.0583845 2.0583845 2.0744636 2.0744636 1.8663713 2.5200354 2.6356043 1.4853569 1.8502634 0.9632693 2.6133322 0.8939882 1.4144916 1.4144916 3.2592600 3.2377145 2.6834630 3.3302847 1.3734178 1.3864596 1.3396245 1.3864596 1.5246123 1.4649012 1.5246123 1.4649012 1.1822527 1.3619752 1.3619752 1.4338907 1.2277998 1.6836993 1.5454693 2.0709976 2.0121983 3.2484403 4.5448231 2.6871231 2.6871231 2.7239312 2.9280383 3.3113778 3.8365510 3.8365510 1.4177605 2.5812096 1.5995850 2.8594006 1.6794769 2.3793289 2.1970946 1.7759308 1.6855008 1.5730318 1.6390791 
Prupe.1G548000.1.p_Kbox            1.9610337 1.8632460 2.0185794 1.7921985 1.7698495 2.3105738 2.2454230 2.1136883 2.5358252 1.8185431 2.1069606 1.9654863 1.8324669 2.7959434 2.3779975 2.4257170 2.4615709 0.0000000 3.8083896 2.6800463 2.6141855 2.6367060 2.7885560 2.9637288 2.6353403 2.5690483 2.5524223 2.8060739 3.0900482 2.7071499 3.0345134 3.3527124 3.7891140 3.0118659 2.8109216 1.8096136 1.7506790 1.8520393 1.8520393 2.0647026 1.9643986 1.9643986 2.1420454 2.1420454 1.9669450 1.9918397 2.2871127 2.2871127 2.0303611 2.1293363 4.8654822 2.0303611 2.2505522 2.3998962 1.9918397 2.2505522 1.9929352 2.0462207 2.7809024 1.9914305 2.4447183 2.4776553 1.9105498 2.5173100 7.0046778 1.9105498 2.0068061 2.3057123 2.3068008 2.3068008 2.2566162 2.2566162 2.5110307 2.4864456 2.7574875 0.3885100 2.7574875 2.0318631 2.5166646 2.2877973 2.8604129 2.8604129 2.4482290 2.4482290 2.8699981 4.1130758 2.3582759 2.1955430 2.7809024 2.1445776 2.5110307 2.3609495 2.9375243 2.9375243 3.1942106 5.7717801 3.5377476 3.9204056 3.0088669 2.9387347 2.7923605 2.9387347 2.6554485 2.9149016 2.6554485 2.9149016 2.0516931 2.4130705 2.4130705 2.8488286 2.4179644 2.5158368 2.9455806 2.0029059 2.1388934 3.4950219 7.6846917 3.4782351 3.4782351 3.1889965 3.6623225 3.0076771 5.4087516 5.4087516 2.5248093 3.5665830 4.1079063 4.3444465 2.7286369 1.9102810 3.4078815 2.3530816 2.2007220 2.1677871 2.0749389 
Prupe.7G164100.1.p_Kbox            2.3699893 2.7542780 2.3538260 2.9711729 2.6743016 2.3308874 2.2970132 2.6755460 2.4829347 2.7588061 2.6855453 2.4286606 2.6854536 2.4555644 2.6487118 2.5888387 2.4001466 3.8083896 0.0000000 2.3289171 2.9311649 3.1767433 2.7784079 1.0448657 2.3265561 2.4182008 3.3171305 2.5612208 2.4894428 2.8507737 3.0393942 2.9309913 3.6612172 4.2900152 1.9343143 2.4714500 2.8211849 2.2530357 2.2530357 2.3780922 2.5579023 2.5579023 2.5925831 2.5925831 2.7990916 2.6519983 2.5443055 2.5443055 2.7598909 2.0945657 3.3507747 2.7598909 2.0219110 2.6105763 2.6519983 2.0219110 2.3701781 2.0507407 2.6313424 1.8447756 2.1949467 5.7842076 2.7153537 2.3934334 2.8517821 2.7153537 2.2475305 2.6795661 2.8457231 2.8457231 3.0332093 3.0332093 2.6860971 2.2131321 3.0864066 3.2579362 3.0864066 2.9281670 2.3373110 2.3685099 2.4576697 2.4576697 3.1471375 3.1471375 3.5704157 1.1633903 2.3200662 2.2336144 2.6313424 2.7701577 2.6860971 2.8703264 3.1980184 3.1980184 2.5306062 4.2541624 3.2770743 4.2168568 2.4363325 2.4843096 2.8558229 2.4843096 2.9128612 2.9668869 2.9128612 2.9668869 2.3331257 1.8985531 1.8985531 3.0258715 1.7475952 2.2862451 2.7940547 2.1576768 2.3324840 2.7703381 3.9689422 3.6776549 3.6776549 3.7318182 3.2035734 3.5379152 4.3310997 4.3310997 2.4960043 2.7229621 3.2258020 4.1044749 1.6505720 4.2999273 3.5380700 3.5348916 3.3971721 3.0988302 3.1375109 
Prupe.4G113500.1.p_Kbox            2.0569852 1.9702605 1.8956450 1.9262213 1.7880167 1.9282385 2.1931240 2.2311086 1.9916774 2.2026544 2.3265402 2.4383337 1.3474945 2.0893173 1.5688284 1.7735070 1.8729955 2.6800463 2.3289171 0.0000000 2.3456260 2.5611598 1.7565168 2.2622765 2.0477016 2.6848616 1.9347113 2.4529984 2.4126086 1.8837538 2.8245677 2.7988512 2.9059357 3.0784001 1.6328645 2.0203984 1.8733382 1.8155537 1.8155537 2.1576769 1.5010545 1.5010545 1.8116649 1.8116649 1.5259945 1.6037904 2.1795824 2.1795824 1.5803893 2.1836881 2.2442127 1.5803893 2.3547805 2.1983572 1.6037904 2.3547805 1.6027698 1.8477788 2.9737497 1.9106362 2.0019968 4.3467107 2.3237800 2.1389763 2.1345387 2.3237800 1.5998630 2.2091703 2.1062062 2.1062062 2.1065019 2.1065019 1.2085390 2.8118923 2.0887623 2.1680967 2.0887623 1.6266427 1.6832155 1.7087948 1.7609457 1.7609457 2.2334862 2.2334862 1.9038579 2.3080823 1.7338065 2.1254750 2.9737497 2.0216338 1.2085390 2.1650907 2.0344289 2.0344289 2.6367754 3.5812539 2.7535305 3.0066920 1.9013801 2.0588739 2.2385979 2.0588739 1.9825611 2.1766967 1.9825611 2.1766967 1.8534912 2.0270065 2.0270065 2.0510121 1.7349036 1.1961552 1.9665158 1.4850876 1.4593784 2.8339792 4.4701984 2.7895208 2.7895208 2.6378731 2.5351115 2.5453677 3.9925050 3.9925050 1.9292678 3.1311438 2.6361004 3.1102174 1.8606324 2.4058742 3.5726695 2.5100923 1.9742926 1.9356004 2.0130470 
Prupe.2G023100.1.p_Kbox            1.8908929 2.2592754 1.9037644 1.6986599 2.1552441 2.1625738 1.6907799 1.9783647 2.0469250 2.4425038 1.7035270 1.8452907 2.1054154 2.1166238 1.9493864 1.7902597 2.0642766 2.6141855 2.9311649 2.3456260 0.0000000 2.0345847 2.5025971 2.4991973 2.3464302 2.6591617 1.8931032 2.6321443 2.8218632 0.7456163 2.8923704 2.3221305 3.4217663 4.0029040 1.9158854 1.4534032 1.4959067 1.6526314 1.6526314 1.6901832 2.2779594 2.2779594 2.3503621 2.3503621 2.1141191 2.2096439 1.6398656 1.6398656 2.0521402 1.6541613 4.2897073 2.0521402 1.6022731 1.6895474 2.2096439 1.6022731 1.9303667 1.6703483 5.7279240 1.6659130 1.9862758 4.0827181 2.1986444 1.6568921 3.0010853 2.1986444 2.0332391 1.8939147 2.1340629 2.1340629 2.2453472 2.2453472 1.8578116 0.8276994 2.5126921 2.3303639 2.5126921 1.9912135 1.5128571 1.7522862 1.4167861 1.4167861 2.1871244 2.1871244 2.0874550 3.3357744 2.2054481 1.7076621 5.7279240 2.1823657 1.8578116 2.0174149 2.6760849 2.6760849 2.3006964 2.4901267 2.0230981 2.5841671 2.4152897 2.6293545 2.6082193 2.6293545 2.7826038 3.0182229 2.7826038 3.0182229 1.8418031 1.9934063 1.9934063 2.5618547 2.4048889 2.7601409 2.7463927 2.9377426 2.8683700 2.1036325 3.5158542 3.9597113 3.9597113 3.7102111 3.5967319 2.5424224 2.9390169 2.9390169 1.9635849 2.0788618 2.3421053 3.7624753 1.6819713 2.4187191 2.7488380 2.2923084 2.5000498 2.5142554 2.3544812 
Prupe.8G069300.1.p_Kbox            2.0505669 1.9115321 1.8231718 1.8969692 1.7370161 1.9117543 2.1545683 2.1145765 1.7305277 1.8587793 1.9588951 1.9522872 1.9292547 2.2955014 2.4357331 1.9426896 2.3057567 2.6367060 3.1767433 2.5611598 2.0345847 0.0000000 1.5081298 3.1247932 2.1441512 1.1150870 0.9326246 1.2238116 1.2655885 1.8320106 1.1034005 2.5062761 3.1500771 3.4528773 2.6873279 1.7949483 1.8025114 1.8805453 1.8805453 2.0017901 1.6838579 1.6838579 1.7908080 1.7908080 2.0314630 1.7172462 1.8700853 1.8700853 1.6416001 1.9259178 2.8686519 1.6416001 2.0114310 1.9419984 1.7172462 2.0114310 1.7350030 1.7581386 2.0083508 2.2886400 1.8480798 2.5361569 1.7623477 2.0749001 2.3996610 1.7623477 1.9269285 1.7771884 2.2366521 2.2366521 2.2897307 2.2897307 2.6284159 2.3291788 2.5510503 2.6186908 2.5510503 1.6231097 1.9783282 0.9015522 2.4203878 2.4203878 0.9187064 0.9187064 1.1379029 2.5979460 1.7751460 1.5026774 2.0083508 2.6075266 2.6284159 2.3053792 3.1977592 3.1977592 3.0817638 4.7578813 3.2917268 3.8217781 2.9767784 3.3142846 3.3565810 3.3142846 2.8666979 3.7346293 2.8666979 3.7346293 2.3128550 2.6779554 2.6779554 2.9877120 2.2606706 3.0039205 3.0830294 2.6406992 2.8648460 3.0573973 4.8183502 2.8409527 2.8409527 3.4089210 3.0697832 2.8886404 3.9254571 3.9254571 3.2944335 2.7216309 4.7383883 4.0141359 3.0183556 2.2402547 3.1096764 2.2340811 2.1077677 1.5543976 2.1096114 
Prupe.5G149400.1.p_Kbox            1.3962320 1.9065569 1.3992131 1.8680372 1.7422364 1.2666150 2.3746440 1.6766366 1.8107940 1.8533325 1.8875254 1.8100876 1.8234100 2.0083879 2.3811701 1.8822973 2.1429580 2.7885560 2.7784079 1.7565168 2.5025971 1.5081298 0.0000000 2.3281458 2.1140384 2.3174498 1.8257948 2.3053362 2.3561047 2.0368014 2.7628852 1.9712615 2.9293681 3.9852170 2.4735521 1.8775952 1.5551339 1.6140175 1.6140175 2.1295401 1.6512215 1.6512215 1.9665209 1.9665209 1.8219494 1.7381924 1.6783889 1.6783889 1.6160237 2.2869403 1.9659193 1.6160237 2.0469905 1.7711237 1.7381924 2.0469905 1.7200082 2.0369373 1.7798946 1.9978122 2.2367610 1.6279891 1.9035904 1.9934593 1.5745911 1.9035904 1.6959590 1.7416852 2.5966298 2.5966298 2.5682315 2.5682315 1.6531661 2.5157864 2.8168468 2.7730606 2.8168468 1.5914557 2.4582358 1.9075264 2.6424795 2.6424795 1.6939087 1.6939087 1.7140778 2.4864504 2.1247557 2.0968501 1.7798946 2.5045281 1.6531661 2.6723671 3.2375877 3.2375877 2.8440646 3.2207325 3.1159794 3.1619181 2.0595966 2.2507532 2.4076564 2.2507532 2.4696116 2.7374811 2.4696116 2.7374811 2.0697485 1.9500828 1.9500828 3.0497875 2.0060843 2.2859915 2.7685840 2.4803129 2.5084861 2.5534792 4.0234950 3.6324251 3.6324251 3.8092126 3.3137991 2.7243979 3.9175191 3.9175191 3.1869873 3.0950889 2.7598476 2.9584136 2.1667276 3.3077400 3.2081763 2.6139686 2.2078310 1.9665799 2.0179471 
Prupe.1G371300.1.p_Kbox            2.4559524 2.3947892 2.4335892 2.5839562 2.4077549 2.3378494 1.9924005 2.6408717 2.7256382 2.2790085 2.5802677 2.1570385 2.2629145 2.2235985 2.5104941 2.3436054 2.2893322 2.9637288 1.0448657 2.2622765 2.4991973 3.1247932 2.3281458 0.0000000 2.5807908 2.3459449 2.8206157 2.5826267 2.5699402 2.4356354 2.7149077 3.3949461 2.7369751 3.0996487 2.9716722 2.2064622 2.2934696 1.9853064 1.9853064 1.9783540 2.1841599 2.1841599 2.2464547 2.2464547 2.1308622 2.0902111 2.3687460 2.3687460 2.1348675 2.1815880 4.2367672 2.1348675 2.1181972 2.4228581 2.0902111 2.1181972 2.5996543 2.3295041 2.3198451 1.8103495 2.5157694 5.8810013 2.3766018 2.4387169 3.5966795 2.3766018 2.7182868 2.4859390 2.6913404 2.6913404 2.5425451 2.5425451 2.5703633 2.2955230 2.6193850 2.7773680 2.6193850 2.0624178 2.3260612 2.2791162 2.5025456 2.5025456 3.2400930 3.2400930 3.6160638 0.9540036 2.3086807 2.3653605 2.3198451 2.3426610 2.5703633 2.7877018 2.9922701 2.9922701 2.1021129 4.0619462 2.7974511 4.4571301 2.5526868 2.5471127 2.8011021 2.5471127 2.7744774 2.9958342 2.7744774 2.9958342 2.2123257 1.9775174 1.9775174 2.8464970 1.7895963 2.8068002 2.5352952 3.0964343 3.1022226 3.1298346 5.4659310 3.3475552 3.3475552 3.8820258 3.6281774 3.1804920 4.8294501 4.8294501 2.8377037 3.2950909 2.6646955 3.9077106 2.2558452 4.8179338 2.8301195 2.3400608 2.0425109 1.8743645 1.8483290 
Prupe.1G489400.1.p_Kbox            1.7530021 2.2117521 2.1242056 2.1939020 2.0969039 1.9380917 1.7936320 2.7260272 2.4473621 2.2174459 2.1382145 2.1159331 1.9059395 2.8128213 1.4794515 2.1901152 2.5485263 2.6353403 2.3265561 2.0477016 2.3464302 2.1441512 2.1140384 2.5807908 0.0000000 2.8510987 2.0332232 2.8579914 2.9490706 2.6406784 3.2976136 2.1777220 3.9314070 3.8224783 3.6114313 1.9887621 2.2093416 1.9670481 1.9670481 1.7709503 1.8398461 1.8398461 2.0785228 2.0785228 2.3824562 1.9001029 2.2277694 2.2277694 2.0384392 2.5309283 5.3427461 2.0384392 1.9024087 2.2996885 1.9001029 1.9024087 2.1905761 2.3138412 4.7907802 1.6863123 2.7979934 4.8674831 2.9899773 2.2677287 4.8290773 2.9899773 2.5506001 1.8591121 2.6017637 2.6017637 2.2735049 2.2735049 1.9827133 1.9039045 2.5961342 2.8431200 2.5961342 2.0398082 2.4127859 1.6768615 1.9939820 1.9939820 2.0477434 2.0477434 1.7038565 2.6930056 0.4223149 2.3116548 4.7907802 2.3348610 1.9827133 2.6829394 2.6176131 2.6176131 2.6851024 3.5978939 3.0796968 3.1779450 1.9339232 2.0981465 2.3087986 2.0981465 2.1846173 2.6853619 2.1846173 2.6853619 1.9494595 1.9110746 1.9110746 2.5877992 1.7617013 2.3801413 2.4324982 2.2362048 2.2484958 2.6058886 4.9615944 2.9669621 2.9669621 3.1717106 3.3058405 3.4913535 4.0518086 4.0518086 2.9347132 3.7027816 4.4381244 3.8914205 2.3155808 5.7036100 3.9681217 2.6335512 2.1488460 1.7363638 2.1413565 
Prupe.1G531100.1.p_Kbox            2.1759338 2.1933076 1.9653065 1.6551122 2.2207395 1.8743403 1.9124191 1.6769966 2.3272964 2.0365820 1.8619057 1.7560079 2.3450576 2.7713609 2.2092627 2.5950431 2.2993906 2.5690483 2.4182008 2.6848616 2.6591617 1.1150870 2.3174498 2.3459449 2.8510987 0.0000000 0.9321196 0.1704629 0.1796864 2.4725518 0.1273870 2.6540092 3.3321720 3.0880785 2.0245133 2.1518969 2.3413768 2.1773736 2.1773736 2.2248076 2.1415845 2.1415845 2.4580089 2.4580089 2.4557784 2.1780301 1.8771985 1.8771985 2.5974441 2.3710980 2.4487895 2.5974441 2.1629689 1.9326993 2.1780301 2.1629689 1.9180969 2.1787020 2.6260770 2.1971506 2.8685965 4.5444406 1.6123196 2.7737247 2.4449019 1.6123196 1.9229026 2.3981671 2.4886625 2.4886625 2.7010166 2.7010166 3.0770099 2.7961851 2.8079911 2.8577481 2.8079911 2.6279705 2.5583136 0.7784196 2.3367088 2.3367088 0.7462327 0.7462327 1.4857337 2.5607804 2.3878845 1.6253123 2.6260770 2.9494678 3.0770099 2.4010186 3.3830781 3.3830781 2.5655848 4.2387309 2.5901199 3.3944767 2.8845971 2.9958492 2.8605116 2.9958492 2.5486546 3.5796423 2.5486546 3.5796423 2.1412112 2.4822602 2.4822602 3.1752871 2.0871308 2.8124178 2.4823036 2.7982179 2.9037426 3.0139819 4.2560971 2.9761506 2.9761506 3.2500945 3.7742426 2.3781677 4.1119072 4.1119072 2.7170254 2.9199367 2.3164067 4.1177022 2.2893266 3.3876946 2.9053907 2.6015559 2.2258151 1.9391590 2.2684651 
Prupe.6G199000.1.p_Kbox            2.0215948 2.1240499 1.9391586 1.7444778 1.8805842 1.7907151 2.0679511 2.0794592 2.0996817 1.8677170 2.0151683 2.3161058 2.0867023 2.3314142 2.4726758 2.1829223 2.1340522 2.5524223 3.3171305 1.9347113 1.8931032 0.9326246 1.8257948 2.8206157 2.0332232 0.9321196 0.0000000 0.8400316 0.8730825 1.7425543 0.9366596 2.5279767 2.7138524 3.3709980 2.4924197 1.8962027 1.8061228 2.1437352 2.1437352 2.3357292 1.6684601 1.6684601 2.0377093 2.0377093 2.1584494 1.6785231 2.1581633 2.1581633 2.0589684 1.8698935 2.1111943 2.0589684 2.6652310 2.2251606 1.6785231 2.6652310 1.6211644 1.6500061 2.2458368 2.2582773 2.0955245 2.8180556 2.0741673 1.9389014 2.1019375 2.0741673 2.0746481 1.6954876 1.9714984 1.9714984 2.8574780 2.8574780 2.3970263 2.4711848 3.3002086 2.4462240 3.3002086 1.9638387 1.8778443 0.6286127 2.5441387 2.5441387 0.4666138 0.4666138 1.0902260 2.7735440 1.6722290 1.7498139 2.2458368 2.8848870 2.3970263 2.0326450 2.9944570 2.9944570 3.0598282 4.4413515 3.0324024 4.0400685 2.8957394 3.1301409 2.8000304 3.1301409 2.6210172 3.2333930 2.6210172 3.2333930 1.7099003 2.3384388 2.3384388 2.9478634 2.2812082 2.7673122 2.8061452 3.1191597 3.1946472 3.1475152 4.1803006 2.6555346 2.6555346 2.9845143 2.9156113 2.6326269 4.4901254 4.4901254 1.8720933 2.9298368 2.7278396 3.2128550 2.3153460 2.9768033 3.1430213 2.0830793 1.9020416 1.4937753 1.9029066 
Prupe.1G531700.1.p_Kbox            2.3594716 1.9627683 1.9477482 1.5452778 2.0638114 1.7881075 1.8932970 1.7955801 2.1892981 1.8830410 1.7709053 1.9784470 2.4628805 2.3932798 2.2647441 2.8208484 2.4881064 2.8060739 2.5612208 2.4529984 2.6321443 1.2238116 2.3053362 2.5826267 2.8579914 0.1704629 0.8400316 0.0000000 0.1029444 2.5254847 0.2102365 2.7585322 3.4247306 3.5705679 1.8928694 2.4066112 2.6509227 2.5064118 2.5064118 2.4397535 2.2273880 2.2273880 2.3872628 2.3872628 2.7124604 2.2354356 2.1031593 2.1031593 2.4508393 2.0172394 2.4705749 2.4508393 2.3499705 2.1646167 2.2354356 2.3499705 2.2539525 2.0034333 2.2317888 2.2393625 2.6403656 4.0258493 1.8087720 2.4569391 2.4727848 1.8087720 2.3091401 2.5321008 2.7768712 2.7768712 3.1924969 3.1924969 2.8674853 3.2925179 2.9871534 2.6350460 2.9871534 2.3781210 2.7798259 0.7980843 2.4137356 2.4137356 0.6721838 0.6721838 1.6335577 2.9225014 2.1785551 1.6813070 2.2317888 3.4972645 2.8674853 2.6037933 3.1611567 3.1611567 3.0699694 3.9392055 3.1528037 3.7175005 2.7679464 2.8760178 2.6204801 2.8760178 2.2909505 3.3301338 2.2909505 3.3301338 1.8756981 2.4985193 2.4985193 2.9988891 1.9497388 2.5211677 2.1954562 2.6798910 2.7783544 2.7147523 3.9178512 3.0212374 3.0212374 3.4953099 3.5479083 2.4119820 3.7287639 3.7287639 3.0383515 2.7313747 3.3851082 3.6491747 2.3459246 4.0320235 3.0669498 1.9508053 1.6780697 1.3547698 1.7543500 
