99
Glyma.16G091300.1.p                       0.0000000 1.6768206 2.6548903 1.7895398 0.5562394 1.6966972 0.6841500 1.6597023 1.3570957 4.4421679 1.6504279 1.7153903 2.0358160 1.8611912 1.9697732 1.6040829 1.9618174 1.6124913 0.1672885 1.8394704 1.6452288 1.8968478 2.0098761 1.4780447 1.9529605 1.8203512 0.0305755 1.3316281 1.5899258 1.8950749 0.8533051 1.7769311 1.9341664 1.8353472 1.6452677 2.2869353 0.1334318 1.6082203 1.9276887 2.1188988 1.6869934 1.5686288 2.1482146 1.3968150 4.2161743 2.1026976 1.3164097 2.4184570 1.6978073 1.9732825 1.4583726 1.9159567 1.9248473 1.6240511 1.4833735 2.1075429 1.6990135 1.6148702 2.9310731 1.9303696 1.9770549 0.9156510 1.3740193 0.6344145 1.7246620 1.9195766 1.9489846 1.3341356 1.6150222 1.8903282 1.9419782 2.7657428 0.5608199 1.9149635 2.6090590 1.6736727 1.7344774 1.4388307 1.8090924 0.9493054 1.4955377 1.3314074 1.7294379 1.4450013 1.4756406 1.5770871 1.0747585 0.3311973 5.4142627 3.0805479 2.0492130 1.6948237 1.7510547 1.7813843 1.8553712 1.4695472 1.5307573 1.3664043 1.6042935 
Glyma.16G200700.1.p                       1.6768206 0.0000000 2.5501126 2.0215298 1.6002244 1.6599076 1.5731971 1.7633383 1.3294857 4.6182196 2.0470983 0.7272780 2.4299562 2.3083522 2.3720175 1.3460210 2.5410311 1.7911969 1.7390672 2.1913608 1.9914531 0.7313350 2.4811279 1.3704049 2.0527070 1.7428464 1.6887239 1.2878917 1.6671697 2.4266250 1.7782348 2.2288777 2.3463135 2.2942173 1.3729962 2.3379682 1.7201261 2.2222041 2.0676224 2.3695150 1.6623348 1.8777736 2.5576908 1.1429673 5.0811057 2.6305219 1.3752230 2.2308000 0.0856741 2.3483715 1.9015157 2.4630230 2.4172994 1.2036779 1.3534229 2.6319619 1.7371231 2.3000200 3.4949360 2.0848212 2.1834272 1.7754971 1.3301082 1.6445571 1.7372001 1.8075397 2.2872931 1.3050574 1.7894042 2.1674883 2.4210063 3.2783542 1.5160751 2.3334890 2.6522467 1.6361023 2.0509059 1.1515187 1.9347110 1.8220970 1.3464425 1.3395774 1.2744534 1.9050955 1.3595197 1.6367713 1.8470511 1.6998248 5.6955501 2.6755700 2.1801073 1.6223387 1.7883027 1.8325220 1.7655768 1.4571238 1.4119549 1.3376863 1.6351567 
Glyma.04G027200.1.p                       2.6548903 2.5501126 0.0000000 1.7544247 2.5651144 2.0877154 2.3608691 2.4736509 2.5953579 5.2678820 2.7306903 2.4877451 1.9910358 2.4913467 2.3834558 2.7459387 2.3045458 2.0940431 2.7413520 2.5876660 2.7423024 2.7737723 2.6042131 2.7281442 2.6997602 2.1252682 2.7055261 2.4016977 2.1887868 2.4940335 2.3612074 2.2637620 2.3510440 2.2680020 2.7310470 0.9431114 2.6871328 2.3453732 2.3159251 2.6594735 2.0781626 2.4839143 3.1292672 2.2499840 5.0100124 2.7471315 2.5781067 1.0280312 2.5648904 2.6495322 2.4567420 2.3129533 2.0354354 2.3439766 2.7092849 2.5184463 1.9280907 2.3554033 3.0562160 2.4216866 1.8229717 2.7291363 2.6434346 2.3841201 2.6829471 2.1355499 3.0346857 2.4199712 2.0685306 1.8853338 2.7105554 3.0299146 2.4406171 2.6849625 0.0402003 2.1014969 1.7519331 2.2981208 2.2215984 2.6435924 2.7210641 2.6097885 2.3064054 2.4449883 2.7034419 2.1615253 2.7653278 2.7467743 8.1921969 0.7245907 1.9309869 2.2802244 2.1079374 2.2106363 2.1092404 2.7148422 2.6761790 2.5727113 2.9627012 
Glyma.04G245500.2.p                       1.7895398 2.0215298 1.7544247 0.0000000 1.8836804 1.6302418 1.8168343 2.2118261 1.9100249 2.9658085 2.3528829 2.1881254 1.6517130 1.8653005 1.7392068 2.0720742 2.2270246 1.7009923 1.8233824 2.2353074 2.3174242 2.2259807 2.1582808 1.9067834 1.8189208 1.8708785 1.7796694 1.8771774 1.6700881 2.1152123 1.7712588 2.0753320 1.7288829 2.1225617 2.1337981 1.5030273 1.7915053 1.8827353 2.0651240 2.0950847 1.8683867 2.0125894 2.0963935 1.6914346 2.6920414 2.0493202 1.9011029 1.4396053 2.1211455 2.4183468 1.9854114 2.1589891 1.6435296 1.8192720 1.8951848 2.1537485 1.8171390 1.8197305 2.7564908 2.0466235 0.2393126 1.8717300 1.9422509 1.8288626 2.2022311 1.9222828 2.0015482 1.9090588 1.6716794 0.2301731 2.1603595 2.7386143 1.7814879 2.3154258 1.7423532 1.6574717 0.0394952 1.6955777 1.7320776 1.8484309 1.9102774 1.9119764 1.8111598 1.9402166 1.9044414 1.6700881 1.9806705 1.8473332 5.5708206 1.7995982 0.6752650 1.9257345 1.7580486 1.6710331 1.6447741 1.8143066 1.8382483 1.8780906 2.3836670 
Glyma.04G159300.1.p                       0.5562394 1.6002244 2.5651144 1.8836804 0.0000000 1.6812179 0.4753756 1.8157369 1.1978914 4.0656653 1.7201974 1.7297005 2.1361172 1.8557070 1.9363306 1.2760150 2.1914001 1.6188890 0.6533624 1.9067773 1.6793751 1.7232275 2.0635332 1.2272255 1.7863219 1.8408727 0.5931406 1.4233245 1.5471865 1.7110996 0.8068779 1.7245208 1.9216181 1.8382936 1.3128231 2.3542082 0.6265224 1.7227074 1.8310092 2.0879723 1.6714919 1.6933085 2.0589263 1.2909373 4.0209279 2.0487308 1.4346994 2.5255268 1.6513083 2.0227473 1.5794382 1.8907284 2.0148969 1.4200230 1.2467091 2.0084665 1.6712981 1.7600045 2.6750728 1.8352936 2.0731994 0.8705706 1.1648829 0.4331051 1.8527720 1.9247808 1.8895502 1.4131217 1.6214251 2.0425236 1.9199004 2.6315400 0.0775337 1.9107520 2.5653899 1.6560863 1.8623655 1.3029155 1.9976667 0.8731756 1.2503510 1.4337229 1.5879577 1.5028283 1.2166418 1.5345007 0.9544451 0.7026721 5.7547845 2.4747377 2.1679755 1.7430401 1.6335002 1.8690002 1.8285360 1.4434979 1.4194623 1.4121751 1.4329432 
Glyma.04G257100.1.p                       1.6966972 1.6599076 2.0877154 1.6302418 1.6812179 0.0000000 1.8030020 1.4690566 1.4129439 3.4194802 1.7314838 1.6327266 2.1819765 1.4593313 1.8449768 1.4486720 1.6249379 0.5928466 1.8702796 1.6216305 1.6743145 1.6704563 1.9055719 1.4831744 1.8418172 0.6949192 1.7190460 1.5538521 0.6241887 1.4475070 2.0653233 1.5881557 1.7902027 1.6685160 1.5169440 2.4333032 1.8097975 1.4870543 2.1872975 1.8768529 0.6073926 1.7212408 1.8612013 1.4127605 3.2891814 1.8361781 1.6297199 2.3437896 1.6969864 1.7453360 1.4843151 1.7012711 2.2702692 1.5568041 1.4062056 2.0936744 0.5837330 1.5660813 2.6074134 2.1191317 2.0990354 2.2513515 1.3940204 1.8291821 1.5872916 0.7247369 1.9573710 1.5500037 0.6300980 2.0212168 1.6288307 2.7547621 1.5658544 2.1257635 1.9964309 0.0220678 1.6253714 1.3996443 1.5175663 2.1468531 1.4102451 1.5967608 1.5781727 1.4532176 1.4414650 0.6284975 2.1659806 1.8315005 4.9381584 2.1272121 2.3731669 0.6137066 0.2840592 0.7021012 0.6532297 1.5661026 1.5371438 1.5495312 1.6732998 
Glyma.17G081200.1.p                       0.6841500 1.5731971 2.3608691 1.8168343 0.4753756 1.8030020 0.0000000 1.7848267 1.3226350 3.9781048 1.9229066 1.7707609 2.0765556 2.1145812 2.0827286 1.3412976 2.2340979 1.5656427 0.8232706 2.0335433 1.9260063 1.7875917 2.0403215 1.3853541 1.8116132 1.8259766 0.7060093 1.3744849 1.6253436 1.9450111 0.8860214 1.8578915 2.0444270 2.0346071 1.3568040 2.0449926 0.7716991 1.8527505 1.8197952 2.2979655 1.7398463 1.7740132 2.0930722 1.3312227 3.8170701 2.2122405 1.4327296 2.1231376 1.5683720 2.2131909 1.6049003 2.0843973 1.9953864 1.5320436 1.3726534 2.2961389 1.7160542 1.9020138 3.2273589 1.7940818 1.9274228 0.9175665 1.2996464 0.0926049 1.8794856 1.9028787 1.8426042 1.3645189 1.5680738 1.9593986 2.2122896 3.0511517 0.4407108 1.9366706 2.3822821 1.7602553 1.7890230 1.3368374 2.0261871 0.8815323 1.3726534 1.4072633 1.6457146 1.6210948 1.3853042 1.5971159 1.0473940 0.7710589 6.0105529 2.4616690 1.9653396 1.8324803 1.8542029 1.8065289 1.8788100 1.4882113 1.4326723 1.4683694 1.5566038 
Glyma.17G132700.5.p                       1.6597023 1.7633383 2.4736509 2.2118261 1.8157369 1.4690566 1.7848267 0.0000000 1.4713594 4.2374536 1.1114853 1.7448374 2.4838282 1.7422939 1.9206396 1.5549758 2.0435721 1.7418177 1.8003809 2.1888394 1.1139110 1.7820667 2.0320011 1.7802032 2.0941185 1.6165467 1.6703640 1.4320704 1.7579558 1.8031006 1.7437722 1.9634874 1.9078694 2.0349951 1.5539731 2.3070918 1.7854366 1.7179224 1.9147748 2.2042106 1.7254852 0.7767612 2.1828749 1.4618916 4.2016000 1.9697412 1.5682225 2.3105354 1.9214100 2.2059562 0.8096850 2.0432094 2.4862872 1.5877183 1.7967260 2.1650394 1.6710625 1.7542375 3.4677917 1.8653988 2.3432378 1.7946851 1.4690205 1.8170426 0.0912033 1.6515481 2.1987557 1.4389641 1.7565951 2.3679531 1.8364838 3.2890516 1.7999971 2.2561502 2.5037453 1.4482908 2.2382375 1.4687942 0.8962942 1.7120541 1.8199959 1.5317309 1.6443764 0.7647542 1.7081178 1.7273140 1.8322577 1.6050541 5.7670455 2.3157540 2.6407825 1.6049484 1.4804202 1.7609479 1.8292921 1.9480620 1.7162987 1.5072580 1.7677989 
Glyma.17G080900.1.p                       1.3570957 1.3294857 2.5953579 1.9100249 1.1978914 1.4129439 1.3226350 1.4713594 0.0000000 4.1557396 1.5796896 1.6087700 2.1500467 1.9915467 1.8044971 0.6623413 1.8675772 1.5340306 1.3719553 1.6148050 1.5838428 1.5676182 2.0497044 0.5858972 1.8075726 1.4056545 1.3962636 0.6575118 1.4455120 1.8083792 1.4380819 1.7200886 1.7445213 2.1320570 0.6608712 2.2518061 1.3215712 1.7984016 2.5881779 2.0977942 1.4372884 1.5004439 2.2605508 0.9483284 3.6920543 2.1592793 0.7113852 2.2349161 1.3873254 1.7156251 1.3355520 2.2177795 2.2100497 1.2965407 0.6091639 2.4220204 1.4359154 1.8183317 2.7715794 2.6041534 1.9877830 1.6181226 0.0504798 1.3315187 1.4505610 1.4228100 2.0772732 0.6490455 1.5681066 1.9808274 2.1361329 2.7012395 1.1654821 2.2251781 2.6308562 1.3948592 1.9136726 0.9803809 1.7102883 1.5778232 0.6190237 0.7029380 1.2869009 1.3255613 0.6084742 1.4197281 1.6161971 1.3958017 4.4169745 2.5722096 2.1308212 1.4085697 1.4352826 1.4791704 1.4535381 0.7356805 0.7728187 0.7656787 0.7295251 
Glyma.20G034000.3.p                       4.4421679 4.6182196 5.2678820 2.9658085 4.0656653 3.4194802 3.9781048 4.2374536 4.1557396 0.0000000 3.8589858 3.9983789 4.3413565 4.4383437 4.3813731 3.7379534 3.9955007 3.6158517 4.5259052 3.2978685 3.8783918 4.1158254 3.5566620 4.2794126 3.1405639 3.4788112 4.5364759 3.9744868 3.6561637 3.8535868 3.9698224 3.1241544 4.2762404 3.4810163 3.7573739 4.0439776 4.6258841 3.6921242 3.6110759 3.4366263 3.5589360 3.2798857 3.7001405 3.6558083 0.1446385 4.5016573 4.5147079 3.9986052 4.6878425 3.3187260 3.4741531 3.5875250 4.7317939 4.3116242 4.0021582 3.9186928 3.4310894 3.7005421 3.0246852 3.6881189 3.4384064 4.3973165 3.9996673 4.0335564 4.4324240 3.2543177 3.4949624 4.0045705 3.4723641 3.4365966 4.0646030 2.8960303 4.0320809 3.6599137 5.0649672 3.3918347 2.9629883 3.7920126 3.9288924 4.0792169 4.1054811 4.2913243 4.0273505 3.4891243 4.2043328 3.6039305 4.3287680 4.6844669 8.9999984 5.3244226 3.6566923 3.8391905 3.1418187 4.0860636 3.8520401 4.5876332 4.4260015 4.3766221 4.0642441 
Glyma.20G154200.3.p                       1.6504279 2.0470983 2.7306903 2.3528829 1.7201974 1.7314838 1.9229066 1.1114853 1.5796896 3.8589858 0.0000000 2.1197608 2.4532939 1.8341449 1.8215968 1.7362806 1.9029637 1.7846429 1.7573259 2.1580637 0.0722771 2.1104115 2.1463294 1.8329394 2.0163848 1.8739088 1.7055758 1.7722702 1.7987268 2.2472785 1.7337288 2.1269988 1.7985291 2.3223692 1.7906923 2.7262001 1.7718903 2.0446813 1.9606351 2.1448823 1.9010860 0.9666576 2.1185408 1.6945704 3.8291083 2.0577126 1.8116793 2.7549136 2.0733982 2.2537891 0.9107427 2.3232376 2.4154175 1.8369882 1.8778128 2.1286837 1.8110572 2.0095486 2.9895803 1.9386685 2.2812622 1.9629356 1.5517502 1.9412650 1.1603474 1.9302958 2.3868263 1.7748987 1.9174344 2.2894594 2.0763192 2.7915280 1.7437644 2.5000507 2.6821827 1.6925237 2.3594429 1.6734583 0.9933280 1.9872250 1.9075242 1.8271320 1.9379484 0.9005513 1.8170156 1.7822949 2.0432802 1.5953918 5.5209101 2.9974851 2.7469877 1.6998307 1.7290591 1.9504068 2.1418700 2.2059703 1.9426704 1.8335336 1.9004245 
Glyma.20G153700.3.p                       1.7153903 0.7272780 2.4877451 2.1881254 1.7297005 1.6327266 1.7707609 1.7448374 1.6087700 3.9983789 2.1197608 0.0000000 2.5426206 1.9392841 2.5774518 1.4309855 2.4850449 1.7553954 1.8571761 2.3033940 2.0887063 0.1137565 2.3068645 1.4222785 2.2671876 1.6272707 1.7746833 1.4638066 1.7311446 2.3480956 1.9368827 2.0366831 2.5698849 2.0921500 1.4316828 2.5152715 1.7855562 2.1230635 2.3656051 2.5026217 1.5865152 1.9161488 2.7535645 1.2396966 4.0670756 2.7573661 1.5678580 2.4150498 0.7147581 2.4949895 1.9160470 2.2083742 2.5047424 1.4576680 1.4406565 2.5344800 1.6846859 2.1223910 3.6311666 2.4260778 2.5087967 1.9271224 1.5781373 1.7204078 1.7335532 1.6557487 2.3829659 1.4830367 1.6750845 2.4901544 2.1663746 3.4132641 1.6038947 2.6047538 2.5385353 1.6099365 2.1524059 1.2837173 1.6682960 1.9092377 1.4332376 1.5368388 1.4369397 1.9141823 1.4750566 1.7174833 2.0258362 1.9422950 6.0132233 2.7471864 2.1287566 1.5674476 1.6601090 1.7561481 1.7858234 1.5906686 1.6192829 1.5243060 1.7845857 
Glyma.20G001900.1.p                       2.0358160 2.4299562 1.9910358 1.6517130 2.1361172 2.1819765 2.0765556 2.4838282 2.1500467 4.3413565 2.4532939 2.5426206 0.0000000 1.8720584 2.2463850 1.9653956 2.4034781 2.1811926 2.0508495 2.1786144 2.3048433 2.5022685 2.4574858 2.1901906 2.2333300 2.2540465 2.0330860 2.1064086 2.0822426 2.1840588 2.1858086 2.1577871 2.1942708 2.2171812 2.0732359 1.9518385 2.0903131 1.9929443 2.3747930 2.3918745 2.2818770 2.3646502 2.6115475 1.8143988 4.1362316 2.1257602 2.1007685 1.9577150 2.5567135 2.2790232 1.9962664 2.2920601 0.0753833 1.9790487 2.0973271 2.6636473 2.1534708 2.0134129 3.0015538 2.3306044 1.9241799 2.3626857 2.1349302 1.9932156 2.5776728 2.2414707 2.3275936 2.1111679 2.2032208 1.8674888 2.0429505 3.0274469 2.1153557 2.5136408 1.8920832 2.1825122 1.5970438 1.8800764 2.2026829 2.3754850 2.1568050 2.0869723 2.0306783 1.9175703 2.2543391 2.0691663 2.2419013 1.9822303 5.0971423 2.2840851 1.8503939 2.2968274 2.2960006 2.3531339 2.3511955 2.3345051 2.2120009 2.1677390 2.3116432 
Glyma.02G216600.13.p                      1.8611912 2.3083522 2.4913467 1.8653005 1.8557070 1.4593313 2.1145812 1.7422939 1.9915467 4.4383437 1.8341449 1.9392841 1.8720584 0.0000000 1.6709528 2.0054759 1.5954186 1.5385817 1.9578733 1.7345589 1.7467074 2.0345608 1.6954911 1.9235980 2.1689970 1.3674141 1.8889443 1.7735081 1.5877210 0.9619328 2.2331641 0.6273296 1.6635743 0.4838412 2.0730138 2.5643277 1.9373313 0.5001924 1.6888883 1.9511487 1.4070678 1.4729522 1.9929646 1.9032520 4.3736996 2.0134620 1.8776392 2.5383691 2.1068191 1.7665549 1.4612190 0.4878211 1.9381751 2.0091010 1.9899773 2.1858849 1.3353982 0.5440516 2.5627042 1.6894848 1.9338999 2.3493687 1.9240694 2.1324546 1.7508996 1.4624726 2.1168308 1.7875511 1.5309979 1.9586440 0.0697224 2.5430870 1.8076206 1.6488640 2.3800628 1.4533607 1.8030150 1.9381539 1.5137235 2.2252682 2.0008348 1.9120684 2.0259177 1.4351236 1.9014075 1.5842116 2.3174054 2.0003633 5.0934352 2.4447608 2.2912874 1.5239485 1.4591164 1.5231546 1.6162674 1.9934059 2.0099883 1.9519959 2.0268155 
Glyma.02G041500.1.p                       1.9697732 2.3720175 2.3834558 1.7392068 1.9363306 1.8449768 2.0827286 1.9206396 1.8044971 4.3813731 1.8215968 2.5774518 2.2463850 1.6709528 0.0000000 1.8145959 1.8582341 1.7403268 1.9751981 2.1859588 1.7467147 2.5542742 0.7203090 1.9820535 2.5292468 1.7604923 1.9893664 2.1060181 1.7767991 1.8746396 1.9931366 1.6382131 0.0309213 1.7428626 1.8430819 2.7410900 1.9646429 1.6942076 1.1011253 0.8582127 1.8517558 1.7851648 0.8185267 2.0722781 3.8506557 2.1051409 2.2355457 2.7050677 2.3508287 2.2833277 1.7847364 1.7839821 2.3270995 2.2457644 1.9468836 1.0996745 1.7755632 1.6905975 3.3969790 1.0526283 1.9389587 1.9560955 1.8073653 2.1491327 2.0455387 1.7204348 2.4767626 2.0889601 1.8593288 1.9994122 1.8533388 3.3605104 1.9348680 0.7936354 2.2729174 1.8071562 1.6859184 2.1355727 1.8112503 1.9075300 1.9980558 2.1751041 2.4041867 1.7482816 1.9695491 1.7599262 2.1718692 2.0637986 6.0746063 2.3626693 2.1034062 1.8941549 1.9953239 1.9454296 1.9266393 1.9221901 1.8647691 2.0516546 2.0866765 
Glyma.02G121500.1.p                       1.6040829 1.3460210 2.7459387 2.0720742 1.2760150 1.4486720 1.3412976 1.5549758 0.6623413 3.7379534 1.7362806 1.4309855 1.9653956 2.0054759 1.8145959 0.0000000 1.8754029 1.5275580 1.7567946 1.7955004 1.7535264 1.3629626 2.2717612 0.6167369 1.5451328 1.5761458 1.6599710 0.7449795 1.5342203 1.9152815 1.4324891 1.7153412 1.7940837 2.1470580 0.0420182 2.4227571 1.6271078 1.8327046 2.2156885 2.0876381 1.5959878 1.6049257 2.3624403 0.9466492 3.7049087 2.0930875 0.8132181 2.4441581 1.4118472 1.8402590 1.3829543 2.1962955 2.0198734 1.2533589 0.6116704 2.4107936 1.5576378 1.8841869 2.8998011 2.1589632 2.3412403 1.6327166 0.6359377 1.3747206 1.5374093 1.6197292 1.7684532 0.7262664 1.5741346 2.3887429 2.1313551 2.8222582 1.1896618 2.2976431 2.7615897 1.4353803 2.0337211 0.9786225 1.8128670 1.5493811 0.6129504 0.7748682 1.2478237 1.3873360 0.6148092 1.5030271 1.5450677 1.6519639 5.1551441 2.3744240 2.1934377 1.4997266 1.4536857 1.6100997 1.6075748 0.6858278 0.7942298 0.8006295 0.7385957 
Glyma.02G185500.3.p                       1.9618174 2.5410311 2.3045458 2.2270246 2.1914001 1.6249379 2.2340979 2.0435721 1.8675772 3.9955007 1.9029637 2.4850449 2.4034781 1.5954186 1.8582341 1.8754029 0.0000000 1.6762248 2.0249050 2.2602247 1.9101222 2.5508062 1.9103510 2.1095186 2.4895642 1.7859431 1.9267601 1.9602773 1.7001295 1.7026732 2.2732403 1.6793425 1.8385522 1.9147045 1.9605002 2.6515306 2.1342119 1.7742595 2.2004797 1.7491709 1.6808271 2.0376581 2.1237171 2.0210316 3.8292986 1.1029036 2.0517253 2.5705014 2.6703793 2.4059742 1.7011157 1.9642311 2.4072899 2.0751810 2.0802635 2.2197218 1.6343312 1.7627802 3.1857621 2.0501868 2.3975319 2.2356041 1.8769252 2.1431022 2.0995054 1.8399265 2.2730251 1.9636726 1.7144988 2.3988298 1.8245433 2.9808661 2.1335678 2.0992989 2.2141038 1.5877941 2.2295751 2.0832499 1.9642938 2.1984491 2.1292172 2.0132959 2.1327305 1.6824069 2.1684257 1.7001295 2.2456827 2.2590828 7.2481069 2.4341727 2.3096110 1.6972496 1.6146374 1.7904474 1.8622326 2.2738249 2.2336034 2.0037187 2.2848205 
Glyma.02G287700.3.p                       1.6124913 1.7911969 2.0940431 1.7009923 1.6188890 0.5928466 1.5656427 1.7418177 1.5340306 3.6158517 1.7846429 1.7553954 2.1811926 1.5385817 1.7403268 1.5275580 1.6762248 0.0000000 1.7734022 1.7204415 1.7568295 1.7209624 1.8642647 1.5509004 2.0241617 0.5574149 1.6512472 1.6533962 0.1579909 1.5754766 2.1157436 1.6564908 1.7244214 1.7768485 1.5865131 2.2822076 1.6759373 1.4978419 2.0144712 1.9034434 0.5030624 1.6034338 1.8705984 1.2935298 3.4609652 1.9549033 1.7663466 2.2526361 1.8289750 1.8339210 1.4512221 1.8194466 2.2423480 1.4705895 1.5031153 2.2086068 0.5038746 1.4871007 2.9180294 2.1505159 2.0704197 2.3287491 1.5026257 1.6019263 1.8762824 0.6108700 2.0032427 1.6528781 0.0611613 2.0312331 1.7783475 2.9564545 1.5510200 2.1110534 2.0060914 0.5858320 1.6831018 1.2849399 1.4502189 2.1901935 1.5258609 1.7158048 1.6222897 1.4405838 1.5664984 0.1619738 2.1902041 1.7199194 5.3338893 1.9620999 2.1555891 0.5867192 0.6907662 0.4407444 0.4298379 1.6790619 1.7137793 1.6044328 1.6779849 
Glyma.02G121600.1.p                       0.1672885 1.7390672 2.7413520 1.8233824 0.6533624 1.8702796 0.8232706 1.8003809 1.3719553 4.5259052 1.7573259 1.8571761 2.0508495 1.9578733 1.9751981 1.7567946 2.0249050 1.7734022 0.0000000 1.8907766 1.7816989 2.1258803 1.9532676 1.5781311 2.1668138 1.8210859 0.1766907 1.4730893 1.7440703 1.9452566 1.0523436 1.8831155 1.9394598 1.9844014 1.8100330 2.2748967 0.0660119 1.7457779 1.8882329 2.0651238 1.7582642 1.6352520 2.1276827 1.6336162 4.2883310 2.0875277 1.4755728 2.4132042 1.7361164 1.9988680 1.5091527 2.0776552 1.9576954 1.8311542 1.6062907 2.0340214 1.7703168 1.7577494 2.7803384 2.0282450 1.9638700 1.0129891 1.3785284 0.7703008 1.8677797 1.8953807 2.1768371 1.4755144 1.7953161 1.9178186 2.0468208 2.5862080 0.6604858 2.0242593 2.7432354 1.8434868 1.7808253 1.6838828 1.9432128 1.0589522 1.6078508 1.4893574 1.9513168 1.4892364 1.5726824 1.7310776 1.2871979 0.4680519 6.3394827 3.1691449 2.0052814 1.7841828 1.9172048 1.8776059 1.9704776 1.6839808 1.7442018 1.5347804 1.7098538 
Glyma.12G005000.1.p                       1.8394704 2.1913608 2.5876660 2.2353074 1.9067773 1.6216305 2.0335433 2.1888394 1.6148050 3.2978685 2.1580637 2.3033940 2.1786144 1.7345589 2.1859588 1.7955004 2.2602247 1.7204415 1.8907766 0.0000000 2.1866346 2.1919561 2.1178545 1.6085246 2.4062504 1.7176815 1.8313227 1.6567654 1.7641592 1.9950573 2.0112974 2.0509314 2.1264131 1.8830988 1.8332408 2.3708592 1.8858448 1.9159120 2.2614484 2.0973383 1.8761467 1.7413330 2.0176559 1.8625912 3.2104390 2.4540389 1.7566839 2.3769851 2.1360467 0.0703378 1.4607589 1.8276702 2.1655323 1.9515422 1.6042759 2.0933813 1.7540317 1.8884204 2.6464379 2.2559288 2.4208602 2.1596993 1.6494756 2.0116483 2.1596964 1.7939634 2.5857701 1.6567435 1.8342671 2.4443768 1.9711238 2.8511177 1.8505900 2.2482209 2.5766314 1.6222792 2.2395426 1.8428649 1.6329010 2.1301396 1.6304213 1.7175416 1.9283170 1.4364264 1.6064489 1.7641592 1.9266425 1.7670495 5.0941104 2.4751266 2.8779317 1.8491723 1.7610390 1.7393418 1.7621637 1.7942040 1.8185082 1.6315788 1.6531683 
Glyma.10G240500.1.p                       1.6452288 1.9914531 2.7423024 2.3174242 1.6793751 1.6743145 1.9260063 1.1139110 1.5838428 3.8783918 0.0722771 2.0887063 2.3048433 1.7467074 1.7467147 1.7535264 1.9101222 1.7568295 1.7816989 2.1866346 0.0000000 2.0791935 2.1199965 1.8353867 1.9713357 1.8129701 1.7005056 1.7720237 1.7648618 2.1050303 1.7596470 1.9965252 1.7755859 2.2402922 1.8089181 2.7181473 1.7870073 1.9254875 1.9150085 2.0982778 1.9010803 0.9298725 2.1467298 1.6606009 3.8449247 2.0044417 1.8116804 2.7507538 2.0198538 2.2793511 0.8605503 2.2628429 2.2795427 1.8398998 1.8569542 2.1046741 1.8108311 1.8914843 2.9863447 1.8454707 2.1949952 1.9497564 1.5617663 1.9289714 1.1682145 1.8545314 2.3357771 1.7746692 1.8449964 2.2025396 1.9830079 2.7896025 1.7081136 2.3085998 2.6933352 1.6367389 2.2856619 1.6396868 0.9520926 1.9676635 1.8863571 1.8272291 1.9553223 0.8505605 1.8313319 1.7486077 2.0446531 1.5996304 5.3124531 2.9521673 2.7465305 1.6540570 1.6741084 1.9156133 2.0905256 2.2230791 1.9491490 1.8309686 1.8830810 
Glyma.10G240900.1.p                       1.8968478 0.7313350 2.7737723 2.2259807 1.7232275 1.6704563 1.7875917 1.7820667 1.5676182 4.1158254 2.1104115 0.1137565 2.5022685 2.0345608 2.5542742 1.3629626 2.5508062 1.7209624 2.1258803 2.1919561 2.0791935 0.0000000 2.4253957 1.3687237 2.2326631 1.6973947 1.9536763 1.4609753 1.7266494 2.4341362 1.9133506 2.0784197 2.5503746 2.0360771 1.3847543 2.4826796 2.0478697 2.2129803 2.3524088 2.5139406 1.6401260 1.8728865 2.7912019 1.2212866 4.1918689 2.8914957 1.5107221 2.3826752 0.7243823 2.3333141 1.8425148 2.1489951 2.4580513 1.4818526 1.3785221 2.5334360 1.7442650 2.2252319 3.5353590 2.4327084 2.4114461 1.9340521 1.5541412 1.8093865 1.7564962 1.7295840 2.3228328 1.4802277 1.6891549 2.3929338 2.2167496 3.3281356 1.6083255 2.7104668 2.8340250 1.6469177 2.1895665 1.2474265 1.8082419 1.9561931 1.3713621 1.4806300 1.4426114 1.8404330 1.3823662 1.7130311 1.9837577 2.0513774 6.4378085 2.7531981 2.2347082 1.5864738 1.6977271 1.7385736 1.7614615 1.5706977 1.5481324 1.5553502 1.7385617 
Glyma.08G068200.8.p                       2.0098761 2.4811279 2.6042131 2.1582808 2.0635332 1.9055719 2.0403215 2.0320011 2.0497044 3.5566620 2.1463294 2.3068645 2.4574858 1.6954911 0.7203090 2.2717612 1.9103510 1.8642647 1.9532676 2.1178545 2.1199965 2.4253957 0.0000000 2.3362858 2.6112232 1.9463562 2.0359976 2.2008521 1.7454188 2.0803565 2.1407630 1.7305819 0.7020928 1.8879053 2.3440940 2.6089147 2.0334683 1.7465673 1.0116702 0.5128297 1.8915315 1.6475906 0.0868398 2.3989389 3.3553059 1.6046088 2.3389776 2.5736984 2.4478382 2.2840536 1.6980610 1.9392035 2.4537636 2.4635394 2.2829894 0.6290464 1.8101609 1.7071925 2.9347144 0.9714371 2.2931287 2.0366835 2.0002990 2.1113492 1.9832798 1.9013035 2.8188782 2.1882331 1.9189826 2.2829152 1.7494427 2.9618460 2.0533438 0.9703845 2.5190678 1.8769596 2.1006570 2.4262012 1.7026059 1.9880695 2.3215122 2.2995914 2.6340698 1.6055508 2.3901279 1.7454188 2.2477796 2.0895302 5.6026225 2.5549177 2.6924148 2.0704215 2.0539177 2.0901741 2.1176196 2.1368023 2.0475773 2.3125268 2.1627157 
Glyma.08G250700.1.p                       1.4780447 1.3704049 2.7281442 1.9067834 1.2272255 1.4831744 1.3853541 1.7802032 0.5858972 4.2794126 1.8329394 1.4222785 2.1901906 1.9235980 1.9820535 0.6167369 2.1095186 1.5509004 1.5781311 1.6085246 1.8353867 1.3687237 2.3362858 0.0000000 1.9991919 1.5011225 1.5006168 0.4856030 1.5320476 1.9293242 1.5321020 1.7019835 2.0287318 2.2622853 0.6371931 2.4601288 1.5348474 1.8202819 2.3146591 2.2829062 1.4262686 1.6711818 2.4997446 0.9684941 4.0760962 2.1752925 0.5534629 2.3943814 1.4272804 1.6882254 1.4954292 2.2797360 2.1935345 1.2688227 0.1100242 2.6619296 1.4629153 1.7693673 3.1463547 2.2578504 1.9786380 1.5919857 0.5786307 1.3532852 1.7195890 1.5216960 2.2081411 0.4896410 1.6086032 1.9499462 1.9425330 3.1485645 1.1970610 2.3639054 2.7372998 1.4477877 1.9046951 0.9810781 1.9450306 1.5683398 0.1106645 0.5216316 1.2378495 1.4901109 0.0203625 1.5007422 1.6191057 1.5664160 5.2627997 2.4784940 2.0383499 1.4119759 1.5281826 1.4140149 1.5002135 0.3364607 0.3583390 0.5171720 0.7668393 
Glyma.08G105400.1.p                       1.9529605 2.0527070 2.6997602 1.8189208 1.7863219 1.8418172 1.8116132 2.0941185 1.8075726 3.1405639 2.0163848 2.2671876 2.2333300 2.1689970 2.5292468 1.5451328 2.4895642 2.0241617 2.1668138 2.4062504 1.9713357 2.2326631 2.6112232 1.9991919 0.0000000 2.0302386 1.9543814 1.8553237 1.9728546 2.2511588 1.7751804 2.2280364 2.4750182 2.5085357 1.5443754 2.5740392 2.1074540 2.1790350 2.2723389 2.6817351 2.0400374 1.7673181 2.6378025 1.8947709 3.1898397 2.3525682 1.9187941 2.6543750 2.1319326 2.4827129 1.9273379 2.6166544 2.2096992 1.9300142 1.9148699 2.8859982 2.0199340 2.1332446 2.9419274 2.1779030 2.1639125 1.9011847 1.8007268 1.8397276 2.1370544 2.0498055 0.1876760 1.8704800 2.0225870 2.1936611 2.2334508 2.8342941 1.7914599 2.4582441 2.6322690 1.8120924 1.8579168 1.9777593 1.6832083 1.8897968 1.9503668 1.9372977 1.9340559 1.9227038 1.9817559 1.9728546 1.9429097 2.0552044 7.8541137 3.0770687 2.2488468 2.1206724 1.9554762 2.0650273 2.1628765 2.0768372 2.2978766 2.1299508 1.6995714 
Glyma.08G120600.1.p                       1.8203512 1.7428464 2.1252682 1.8708785 1.8408727 0.6949192 1.8259766 1.6165467 1.4056545 3.4788112 1.8739088 1.6272707 2.2540465 1.3674141 1.7604923 1.5761458 1.7859431 0.5574149 1.8210859 1.7176815 1.8129701 1.6973947 1.9463562 1.5011225 2.0302386 0.0000000 1.8176132 1.5103044 0.5797422 1.4544120 2.0458877 1.5329768 1.6914683 1.6613892 1.6141677 2.3485648 1.7460179 1.3935031 2.1598020 1.8170166 0.2082051 1.5632143 1.9829078 1.3475946 3.2595972 1.9557041 1.5579839 2.3032831 1.8016072 1.8046469 1.5619562 1.7083349 2.3324605 1.7083602 1.5203549 2.0648186 0.1866403 1.3569310 2.8056054 2.2727989 2.3016224 2.1357924 1.4069146 1.8379532 1.7203486 0.0493536 1.9410836 1.5223835 0.5909350 2.2731494 1.5809698 2.7895361 1.7946848 2.2717864 2.0277851 0.6733225 1.8285084 1.3767717 1.4029809 1.9908006 1.5122410 1.4881371 1.7484311 1.5512626 1.5313612 0.5833934 2.0860194 2.0117260 4.4192277 2.0248703 2.2950651 0.5069556 0.8538374 0.6214586 0.6982218 1.6374481 1.6121245 1.5491540 1.6107201 
Glyma.08G269800.1.p                       0.0305755 1.6887239 2.7055261 1.7796694 0.5931406 1.7190460 0.7060093 1.6703640 1.3962636 4.5364759 1.7055758 1.7746833 2.0330860 1.8889443 1.9893664 1.6599710 1.9267601 1.6512472 0.1766907 1.8313227 1.7005056 1.9536763 2.0359976 1.5006168 1.9543814 1.8176132 0.0000000 1.3898947 1.6560298 1.9820007 0.8902255 1.8130518 1.9532189 1.8617784 1.7024765 2.3119362 0.1395214 1.6739061 1.9223673 2.1253031 1.7050073 1.5925222 2.1706594 1.4186305 4.3058342 2.1635596 1.3819207 2.4447482 1.6930617 1.9651424 1.5026256 1.9433604 1.9219809 1.6462604 1.5137116 2.1139095 1.7171338 1.6845421 2.9349920 1.9250155 1.9720169 0.9545292 1.4115028 0.6553924 1.7530353 1.9168397 1.9502951 1.3923738 1.6538666 1.8854762 1.9878486 2.7460557 0.5946877 1.9476996 2.6588617 1.6955982 1.7227880 1.4612887 1.8292257 0.9897448 1.5260810 1.3976541 1.7690621 1.4888470 1.4980992 1.6430000 1.1186950 0.3460534 5.4918285 3.1120425 2.0126007 1.6863628 1.7992961 1.8564352 1.9336206 1.5135010 1.5817300 1.4164231 1.6633811 
Glyma.08G105500.1.p                       1.3316281 1.2878917 2.4016977 1.8771774 1.4233245 1.5538521 1.3744849 1.4320704 0.6575118 3.9744868 1.7722702 1.4638066 2.1064086 1.7735081 2.1060181 0.7449795 1.9602773 1.6533962 1.4730893 1.6567654 1.7720237 1.4609753 2.2008521 0.4856030 1.8553237 1.5103044 1.3898947 0.0000000 1.5382269 1.9206507 1.5924142 1.8001239 2.1107708 2.0535534 0.7450122 2.4090002 1.4473294 1.7669273 2.2518683 2.1673996 1.3929383 1.6015881 2.4260612 0.8519999 4.0397565 1.9906895 0.1491486 2.3357963 1.3327063 1.8501809 1.2720283 2.1404368 2.1298105 1.0612685 0.5070084 2.4657614 1.4507836 1.7882055 3.0215457 2.3266231 2.1116733 1.6280316 0.6711850 1.3935241 1.4160003 1.5952321 1.8715542 0.0083142 1.6832232 2.1061261 1.9526033 2.9125921 1.3191291 2.3063148 2.3995945 1.5172208 1.8601932 0.8826796 1.6773991 1.6160762 0.5116468 0.1307144 1.0782168 1.2707807 0.4971789 1.5152321 1.6795988 1.5636592 5.0429105 2.4048551 2.1444088 1.4382689 1.5689606 1.5270112 1.6073126 0.5770610 0.5864164 0.3109637 0.8668861 
Glyma.08G310100.1.p                       1.5899258 1.6671697 2.1887868 1.6700881 1.5471865 0.6241887 1.6253436 1.7579558 1.4455120 3.6561637 1.7987268 1.7311446 2.0822426 1.5877210 1.7767991 1.5342203 1.7001295 0.1579909 1.7440703 1.7641592 1.7648618 1.7266494 1.7454188 1.5320476 1.9728546 0.5797422 1.6560298 1.5382269 0.0000000 1.6277592 2.0326026 1.7031903 1.7735192 1.8333242 1.6054858 2.3799201 1.6712313 1.5498679 1.9927533 1.8292663 0.5269448 1.5873697 1.7683509 1.3383455 3.5070674 1.9568424 1.6343146 2.3267107 1.7222552 1.8738472 1.4425245 1.8875461 2.1573354 1.3926148 1.4613305 2.0621030 0.5280027 1.5123617 2.7679519 2.1906976 2.0687583 2.3191824 1.4162756 1.6573538 1.8771483 0.6148010 1.9575171 1.5377089 0.1562600 2.0295934 1.8424754 2.7660101 1.5099346 2.1634361 2.0708195 0.6078302 1.6560659 1.3306444 1.4549109 2.1671426 1.4833718 1.5632507 1.5685944 1.4320416 1.5475180 0.0158800 2.1524411 1.7088176 5.0485945 1.9765252 2.1482487 0.5828315 0.7513568 0.3834613 0.4110180 1.6726570 1.7157665 1.5094300 1.6547747 
Glyma.08G065300.1.p                       1.8950749 2.4266250 2.4940335 2.1152123 1.7110996 1.4475070 1.9450111 1.8031006 1.8083792 3.8535868 2.2472785 2.3480956 2.1840588 0.9619328 1.8746396 1.9152815 1.7026732 1.5754766 1.9452566 1.9950573 2.1050303 2.4341362 2.0803565 1.9293242 2.2511588 1.4544120 1.9820007 1.9206507 1.6277592 0.0000000 2.3058199 0.5897083 1.8746627 0.9641381 1.8726784 2.7058381 1.9027065 0.5250878 1.8457338 1.9513585 1.4762173 1.8689717 2.2212130 1.9677473 3.7139910 2.2210748 2.0001703 2.7197929 2.4988300 1.9313718 1.7577215 1.0344409 2.2580970 2.1690188 1.9742939 1.9886983 1.4126471 0.5255479 2.9859461 1.9543632 2.0257517 2.2757784 1.8075490 1.9070453 1.8791191 1.5291583 2.1834413 1.9282974 1.5548426 2.1149300 0.9473218 3.0014897 1.6124247 2.0427566 2.4194293 1.4393958 2.0368242 1.9797373 1.6844452 2.1773980 1.9484393 1.9830178 2.1807327 1.7006722 1.9439825 1.5932852 2.4391503 2.0848313 5.0830283 2.2706588 2.5309968 1.5673987 1.5823879 1.6627874 1.7642889 2.2295152 2.2791455 2.1873637 2.1885878 
Glyma.08G250800.3.p                       0.8533051 1.7782348 2.3612074 1.7712588 0.8068779 2.0653233 0.8860214 1.7437722 1.4380819 3.9698224 1.7337288 1.9368827 2.1858086 2.2331641 1.9931366 1.4324891 2.2732403 2.1157436 1.0523436 2.0112974 1.7596470 1.9133506 2.1407630 1.5321020 1.7751804 2.0458877 0.8902255 1.5924142 2.0326026 2.3058199 0.0000000 2.0854587 1.9578421 1.9878301 1.4527530 2.3232578 1.0165460 2.0043340 2.0597457 2.2160551 2.0872987 1.6968804 2.1852209 1.4201384 3.9294455 2.2424646 1.5669150 2.2772454 1.8167254 2.1138345 1.5337813 2.0188878 2.1055433 1.5459348 1.4797596 2.2448480 2.1083845 1.9756153 3.0569210 2.0206319 2.1268866 0.4065732 1.4447283 0.8999300 1.9353473 2.1641366 1.9519577 1.5814102 2.1991432 2.1134161 2.3753979 2.8344928 0.7491698 2.0120044 2.2988055 2.0242616 1.7341517 1.3937135 1.9362572 0.4221935 1.4872926 1.5754436 1.6473749 1.5237577 1.5339264 2.0177246 0.1816244 1.0553029 4.9429301 2.4614723 2.3003496 2.0905862 2.1383410 2.0021357 2.0853828 1.6062998 1.6897193 1.6454786 1.7633072 
Glyma.08G065400.2.p                       1.7769311 2.2288777 2.2637620 2.0753320 1.7245208 1.5881557 1.8578915 1.9634874 1.7200886 3.1241544 2.1269988 2.0366831 2.1577871 0.6273296 1.6382131 1.7153412 1.6793425 1.6564908 1.8831155 2.0509314 1.9965252 2.0784197 1.7305819 1.7019835 2.2280364 1.5329768 1.8130518 1.8001239 1.7031903 0.5897083 2.0854587 0.0000000 1.6497404 0.7295495 1.7095376 2.8173373 1.8442253 0.3544233 1.7297081 1.6999772 1.5772476 1.7241337 1.7490545 1.6433366 3.0320379 1.8270084 1.9118952 2.7602289 2.2756090 2.0076507 1.6748046 0.7440672 2.2289366 1.9355688 1.7950949 1.8992424 1.5243442 0.3560883 2.8353671 1.7254754 2.0630616 2.0590897 1.7386900 1.8414485 2.0461609 1.6223699 2.1756226 1.8137732 1.6860578 2.2093387 0.6023049 2.7166846 1.6604180 1.8476414 2.1895972 1.5889537 2.0306022 1.6608758 1.5451365 2.0255268 1.7706979 1.9081180 1.9297151 1.6337055 1.7254534 1.6813851 2.1839809 1.8344541 4.0707980 2.3920095 2.4717390 1.5924608 1.6232296 1.6801159 1.7533576 1.9869999 1.9854109 2.0057004 2.0700470 
Glyma.01G023500.1.p                       1.9341664 2.3463135 2.3510440 1.7288829 1.9216181 1.7902027 2.0444270 1.9078694 1.7445213 4.2762404 1.7985291 2.5698849 2.1942708 1.6635743 0.0309213 1.7940837 1.8385522 1.7244214 1.9394598 2.1264131 1.7755859 2.5503746 0.7020928 2.0287318 2.4750182 1.6914683 1.9532189 2.1107708 1.7735192 1.8746627 1.9578421 1.6497404 0.0000000 1.7352112 1.8449060 2.6279405 1.9293205 1.6799306 1.1187062 0.8200292 1.7799582 1.8192046 0.7993145 2.0718176 3.7649481 2.0970771 2.2232608 2.5950957 2.3256764 2.2195667 1.8229577 1.7761729 2.3231673 2.1797932 1.9656715 1.0518998 1.7067189 1.6907720 3.4282579 1.0649606 1.9318136 1.9239716 1.7470574 2.1093775 2.0327879 1.6528079 2.4217882 2.0918858 1.8422656 1.9921673 1.8456005 3.3912012 1.9022461 0.7980998 2.2424382 1.7534825 1.6757204 2.1354131 1.8487277 1.8764250 2.0174992 2.1826700 2.3892109 1.7853719 2.0150853 1.7566707 2.1329425 1.9861259 6.0971061 2.3217117 2.1064425 1.8560631 1.9373690 1.9417976 1.9093060 1.9661086 1.9347532 2.0475682 2.1098781 
Glyma.01G020500.3.p                       1.8353472 2.2942173 2.2680020 2.1225617 1.8382936 1.6685160 2.0346071 2.0349951 2.1320570 3.4810163 2.3223692 2.0921500 2.2171812 0.4838412 1.7428626 2.1470580 1.9147045 1.7768485 1.9844014 1.8830988 2.2402922 2.0360771 1.8879053 2.2622853 2.5085357 1.6613892 1.8617784 2.0535534 1.8333242 0.9641381 1.9878301 0.7295495 1.7352112 0.0000000 2.1906666 2.7814752 2.0381576 0.5890371 2.0740126 2.1228255 1.7530529 1.7658304 2.0931811 2.1761546 3.5256651 2.1449370 2.2353859 2.7329413 2.2022744 1.8896249 1.7206323 0.0370615 2.2533658 2.3579342 2.1930254 2.2067224 1.6119720 0.6275932 3.0299444 2.1193034 2.2465087 2.0940588 2.1340877 2.0377863 2.0696243 1.7484343 2.5565905 2.0696106 1.7420780 2.2639653 0.5943806 2.8847749 1.7319223 1.9178689 2.1781404 1.6712496 2.0547567 2.1326121 1.7145998 2.0709000 2.2277705 2.2325348 2.3403620 1.6572224 2.2629411 1.8213764 2.1397512 1.8044001 4.5972654 2.3381937 2.6527320 1.8220037 1.7424274 1.8171283 1.7379371 2.3733497 2.3362925 2.0609709 2.3780468 
Glyma.01G064100.1.p                       1.6452677 1.3729962 2.7310470 2.1337981 1.3128231 1.5169440 1.3568040 1.5539731 0.6608712 3.7573739 1.7906923 1.4316828 2.0732359 2.0730138 1.8430819 0.0420182 1.9605002 1.5865131 1.8100330 1.8332408 1.8089181 1.3847543 2.3440940 0.6371931 1.5443754 1.6141677 1.7024765 0.7450122 1.6054858 1.8726784 1.4527530 1.7095376 1.8449060 2.1906666 0.0000000 2.4669694 1.6758970 1.8493184 2.3482880 2.1438807 1.6386463 1.6592059 2.4283595 0.9282809 3.7458070 2.2154677 0.8317180 2.4653948 1.4610465 1.8795760 1.4152956 2.2411004 2.1181598 1.2762706 0.6406219 2.4745940 1.5992174 1.8838214 2.9541543 2.2874296 2.5016448 1.6691801 0.6344256 1.3488050 1.5348167 1.6809269 1.7695296 0.7261413 1.6344193 2.5525623 2.2029148 2.8766682 1.2284500 2.2959899 2.7464672 1.5028627 2.0944785 0.9597416 1.8454403 1.5777501 0.6421095 0.7945360 1.2704578 1.4198736 0.6352037 1.5734186 1.5671064 1.6881462 5.1606817 2.3793259 2.3077789 1.5157526 1.5186469 1.6656263 1.6719427 0.7011852 0.8135042 0.8014304 0.7387150 
Glyma.01G169600.1.p                       2.2869353 2.3379682 0.9431114 1.5030273 2.3542082 2.4333032 2.0449926 2.3070918 2.2518061 4.0439776 2.7262001 2.5152715 1.9518385 2.5643277 2.7410900 2.4227571 2.6515306 2.2822076 2.2748967 2.3708592 2.7181473 2.4826796 2.6089147 2.4601288 2.5740392 2.3485648 2.3119362 2.4090002 2.3799201 2.7058381 2.3232578 2.8173373 2.6279405 2.7814752 2.4669694 0.0000000 2.2997891 2.6619912 2.3865238 3.1331977 2.4257660 2.6231834 2.4937146 2.0315965 3.9258471 2.8207294 2.4974754 0.0534934 2.3962871 2.5564128 2.5393803 2.8771921 2.0044120 2.4399920 2.4355725 3.3565163 2.3543906 2.6674156 3.4252972 2.5603263 1.6879297 2.3674011 2.2268523 2.0350931 2.3653923 2.4498652 3.0667199 2.4009908 2.3551980 1.6219771 2.8456175 3.4683826 2.2892934 3.6075269 0.9013621 2.4372499 1.4964271 2.1186846 2.3623470 2.3867475 2.4276081 2.4693864 2.5427223 2.4741933 2.4989957 2.3430469 2.5440371 2.4720040 6.8085881 1.0546697 1.8844287 2.3438957 2.5585100 2.2979205 2.2555584 2.3489569 2.4278532 2.3671306 2.6440477 
Glyma.01G064200.1.p                       0.1334318 1.7201261 2.6871328 1.7915053 0.6265224 1.8097975 0.7716991 1.7854366 1.3215712 4.6258841 1.7718903 1.7855562 2.0903131 1.9373313 1.9646429 1.6271078 2.1342119 1.6759373 0.0660119 1.8858448 1.7870073 2.0478697 2.0334683 1.5348474 2.1074540 1.7460179 0.1395214 1.4473294 1.6712313 1.9027065 1.0165460 1.8442253 1.9293205 2.0381576 1.6758970 2.2997891 0.0000000 1.7180503 1.9093036 2.0861380 1.6729971 1.6594317 2.1686332 1.6427663 4.3816785 2.1603298 1.4432314 2.4343653 1.7217172 2.0061869 1.5296710 2.1281768 1.9599770 1.8307910 1.5686198 2.0921270 1.6847096 1.7235904 2.9635472 1.9273068 1.9905564 0.9978506 1.3205650 0.7142756 1.8569124 1.8326003 2.0930771 1.4497337 1.6964203 1.9438884 2.0185233 2.7624240 0.6231304 2.0161214 2.6887251 1.7801336 1.7496757 1.6930864 1.9234989 1.0266592 1.5701424 1.4533249 1.8882067 1.5095585 1.5297296 1.6584818 1.2489279 0.4436101 5.9123351 3.1931501 1.9916079 1.6855684 1.7923609 1.8625856 1.9718004 1.6379896 1.6906716 1.4846825 1.6434515 
Glyma.15G059600.2.p                       1.6082203 2.2222041 2.3453732 1.8827353 1.7227074 1.4870543 1.8527505 1.7179224 1.7984016 3.6921242 2.0446813 2.1230635 1.9929443 0.5001924 1.6942076 1.8327046 1.7742595 1.4978419 1.7457779 1.9159120 1.9254875 2.2129803 1.7465673 1.8202819 2.1790350 1.3935031 1.6739061 1.7669273 1.5498679 0.5250878 2.0043340 0.3544233 1.6799306 0.5890371 1.8493184 2.6619912 1.7180503 0.0000000 1.5959333 1.6361844 1.4486551 1.5595778 1.8975709 1.7257436 3.4853442 2.0484674 1.8290658 2.6149640 2.2444470 1.8762856 1.5657487 0.6112980 2.1041377 1.9690277 1.7936576 1.8368471 1.4048968 0.0608015 2.7279951 1.6720239 1.8694175 2.1149114 1.7907452 1.8510092 1.7811885 1.5024537 2.1745490 1.7794473 1.5102952 1.9688153 0.4858779 2.6314996 1.6094253 1.7495555 2.2939102 1.4798606 1.8139767 1.7600008 1.4797598 2.0162010 1.8195536 1.8376879 1.9448033 1.5270572 1.8472958 1.5324622 2.1255614 1.7739344 4.4027136 2.2142601 2.1737085 1.4569197 1.5195798 1.6151874 1.7192915 2.1316418 2.0855252 1.8944895 2.1516889 
