205
Glyma.10G240500.1.p_MADS           0.0000000 0.2802939 0.2802939 0.2473440 0.2473440 0.3215925 0.4585245 0.2278152 0.2363936 0.2205491 0.2205491 0.2458037 0.2458037 0.3088348 0.3088348 0.4654038 0.4263193 0.5153249 0.4547638 0.4516609 0.2464056 0.2464056 0.3102584 0.3102584 0.4073321 0.0207348 0.1930649 0.1930649 0.2226234 0.2465033 0.3570113 0.3538472 0.3538472 0.3245237 0.4203283 0.3656476 0.3925515 0.3310911 0.4401257 0.3884580 0.5072480 0.3884580 0.3869682 0.5173637 0.2500497 0.4916361 0.4009978 0.4916361 0.4350162 0.4942118 0.4942118 0.4535440 0.4857171 0.4812719 0.4761385 0.4761385 0.3822160 0.3414552 0.3414552 0.4032532 0.3518294 0.3686767 0.4054612 0.4654729 0.3666800 0.3991037 0.4169242 0.4169242 0.4001168 0.6215996 0.6215996 0.4702062 0.4788062 0.5090303 0.4788062 0.6616818 0.6616818 0.9674789 0.9613415 0.2468972 0.2468972 0.2668406 0.3010389 1.2845922 0.3754204 0.3689262 0.2389441 0.1998480 0.1998480 0.2714597 0.2714597 0.3102329 0.3213936 0.3677779 0.3801443 0.3303544 0.2018104 0.2018104 0.3677779 0.4263473 0.7594602 0.3936587 0.3365315 0.3365315 0.4028999 0.4101965 0.3004533 0.5154222 0.3954704 0.4338702 0.2190225 0.6822755 0.2190225 0.4063028 0.4711661 0.4575860 0.5867938 0.8293595 0.4983382 0.4983382 0.6089169 0.4540265 0.4540265 0.7881564 0.6735606 0.5927043 0.6376040 0.6376040 0.5927043 0.5362478 0.5362478 0.6838673 0.5798330 0.5798330 0.6838673 1.0538192 0.6597797 0.8213284 0.4974766 0.5722896 0.5722896 0.6205495 0.6205495 0.5528352 1.0775278 0.7385101 0.7385101 0.9783238 2.3073417 1.0588728 1.0998992 1.4202894 0.9067254 1.1647448 1.1647448 1.1450053 1.5504527 1.2797995 0.7834370 1.1083937 1.1090635 1.2083411 1.3370899 2.0730857 1.2219248 1.3807611 1.0476051 1.9453612 0.7905497 1.8575102 1.6433259 1.6433259 1.5911225 0.9162295 1.7320907 1.7601098 1.8756266 1.2863577 1.2863577 1.4268644 1.3229872 1.3229872 1.3709129 0.9225927 1.2041975 1.2726415 1.1854942 1.8907332 1.1363137 1.4621896 0.9549800 1.5000430 1.4013649 1.5125635 1.9159726 1.4082412 1.5735980 0.8648797 1.9074877 1.1238217 1.0323181 1.5856689 1.6292272 1.0712352 1.2168350 
Glyma.03G019400.1.p_MADS           0.2802939 0.0000000 0.0000010 0.1162050 0.1162050 0.3751479 0.1699539 0.1845271 0.1153680 0.1373925 0.1373925 0.1609845 0.1609845 0.0422083 0.0422083 0.4537415 0.4138084 0.1719062 0.2442154 0.4482620 0.1855694 0.1855694 0.0420436 0.0420436 0.3509987 0.3138086 0.1874728 0.1874728 0.1358493 0.1612907 0.2939509 0.1949031 0.1949031 0.1817677 0.4255813 0.1080589 0.3159247 0.1768707 0.3360565 0.3122758 0.3614661 0.3122758 0.1613069 0.2805210 0.1602776 0.3797663 0.1326493 0.3797663 0.3796606 0.4181938 0.4181938 0.1298620 0.4821273 0.1522620 0.5088846 0.5088846 0.3263847 0.0644527 0.0644527 0.2325842 0.3570956 0.2049014 0.5548879 0.5504516 0.2925430 0.2214274 0.2993151 0.2993151 0.3008616 0.4582105 0.4582105 0.4108948 0.3136066 0.3777546 0.3136066 0.4841728 0.4841728 0.8877008 0.8790429 0.1639662 0.1639662 0.1653920 0.1654219 1.6171406 0.3184140 0.2624133 0.2973189 0.4071616 0.4071616 0.1617360 0.1617360 0.0854800 0.3243634 0.0865847 0.2194788 0.1533319 0.3440648 0.3440648 0.0865847 0.2572858 0.8324422 0.3344722 0.3389880 0.3389880 0.3538709 0.3888343 0.1353497 0.3656225 0.2175178 0.3778849 0.2228983 0.7365888 0.2228983 0.4556294 0.4145710 0.3600214 0.6411046 0.8439549 0.3864639 0.3864639 0.8177834 0.4801459 0.4801459 0.7486380 0.8049226 0.4825492 0.5910978 0.5910978 0.4825492 0.5108387 0.5108387 0.4513900 0.5106789 0.5106789 0.4513900 1.1244244 0.4354464 0.7802382 0.6634824 0.5420267 0.5420267 0.6136893 0.6136893 0.7761939 1.0136055 0.6874882 0.6874882 0.9747779 2.0790442 0.9700146 1.1530783 1.2985947 0.7522901 1.1098678 1.1098678 1.0594958 1.5602172 1.4347704 1.2994078 1.2072110 1.2187402 1.1655906 1.2277487 2.8923172 1.4993581 1.3730901 0.8570644 2.2625544 0.9001069 2.1626154 1.8120810 1.8120810 1.7595595 0.9877119 1.9062962 1.7491604 2.1032979 1.4261007 1.4261007 1.7431429 1.5925545 1.5925545 1.5335230 1.0488909 1.4665967 1.5726086 1.3427646 2.0290595 1.2544969 1.6587258 1.0879884 1.7374131 1.5584407 1.6000340 2.0684411 1.5901186 1.6487941 1.0753955 2.0593898 1.1162995 0.9021361 1.8580197 1.5885002 1.0728681 1.2323138 
Glyma.07G081300.1.p_MADS           0.2802939 0.0000010 0.0000000 0.1162050 0.1162050 0.3751479 0.1699539 0.1845271 0.1153680 0.1373925 0.1373925 0.1609845 0.1609845 0.0422083 0.0422083 0.4537415 0.4138084 0.1719062 0.2442154 0.4482620 0.1855694 0.1855694 0.0420436 0.0420436 0.3509987 0.3138086 0.1874728 0.1874728 0.1358493 0.1612907 0.2939509 0.1949031 0.1949031 0.1817677 0.4255813 0.1080589 0.3159247 0.1768707 0.3360565 0.3122758 0.3614661 0.3122758 0.1613069 0.2805210 0.1602776 0.3797663 0.1326493 0.3797663 0.3796606 0.4181938 0.4181938 0.1298620 0.4821273 0.1522620 0.5088846 0.5088846 0.3263847 0.0644527 0.0644527 0.2325842 0.3570956 0.2049014 0.5548879 0.5504516 0.2925430 0.2214274 0.2993151 0.2993151 0.3008616 0.4582105 0.4582105 0.4108948 0.3136066 0.3777546 0.3136066 0.4841728 0.4841728 0.8877008 0.8790429 0.1639662 0.1639662 0.1653920 0.1654219 1.6171406 0.3184140 0.2624133 0.2973189 0.4071616 0.4071616 0.1617360 0.1617360 0.0854800 0.3243634 0.0865847 0.2194788 0.1533319 0.3440648 0.3440648 0.0865847 0.2572858 0.8324422 0.3344722 0.3389880 0.3389880 0.3538709 0.3888343 0.1353497 0.3656225 0.2175178 0.3778849 0.2228983 0.7365888 0.2228983 0.4556294 0.4145710 0.3600214 0.6411046 0.8439549 0.3864639 0.3864639 0.8177834 0.4801459 0.4801459 0.7486380 0.8049226 0.4825492 0.5910978 0.5910978 0.4825492 0.5108387 0.5108387 0.4513900 0.5106789 0.5106789 0.4513900 1.1244244 0.4354464 0.7802382 0.6634824 0.5420267 0.5420267 0.6136893 0.6136893 0.7761939 1.0136055 0.6874882 0.6874882 0.9747779 2.0790442 0.9700146 1.1530783 1.2985947 0.7522901 1.1098678 1.1098678 1.0594958 1.5602172 1.4347704 1.2994078 1.2072110 1.2187402 1.1655906 1.2277487 2.8923172 1.4993581 1.3730901 0.8570644 2.2625544 0.9001069 2.1626154 1.8120810 1.8120810 1.7595595 0.9877119 1.9062962 1.7491604 2.1032979 1.4261007 1.4261007 1.7431429 1.5925545 1.5925545 1.5335230 1.0488909 1.4665967 1.5726086 1.3427646 2.0290595 1.2544969 1.6587258 1.0879884 1.7374131 1.5584407 1.6000340 2.0684411 1.5901186 1.6487941 1.0753955 2.0593898 1.1162995 0.9021361 1.8580197 1.5885002 1.0728681 1.2323138 
Glyma.18G224500.1.p_MADS           0.2473440 0.1162050 0.1162050 0.0000000 0.0000010 0.3063365 0.2471120 0.1912312 0.0430018 0.1861517 0.1861517 0.2102092 0.2102092 0.1493111 0.1493111 0.4350286 0.3969182 0.2873773 0.2950656 0.4399092 0.2137999 0.2137999 0.1439809 0.1439809 0.3029155 0.2791212 0.1691682 0.1691682 0.0665397 0.2107162 0.3257012 0.3001797 0.3001797 0.2816172 0.4225754 0.1912358 0.2879429 0.2833994 0.3778111 0.2845496 0.4241583 0.2845496 0.2604947 0.3720257 0.0897544 0.3492612 0.2203368 0.3492612 0.3301480 0.4183081 0.4183081 0.2151246 0.4796765 0.2399655 0.4640121 0.4640121 0.2973749 0.1773391 0.1773391 0.3556985 0.3270327 0.3194325 0.4423617 0.4388860 0.2878278 0.3492448 0.3671989 0.3671989 0.2832044 0.4431325 0.4431325 0.4155338 0.3441153 0.4314713 0.3441153 0.4889769 0.4889769 0.7849189 0.7741942 0.1862255 0.1862255 0.0423676 0.0423863 1.7876999 0.2724439 0.2815334 0.2358876 0.3349099 0.3349099 0.1894008 0.1894008 0.2004732 0.2954623 0.2031906 0.3275277 0.2785746 0.2765108 0.2765108 0.2031906 0.3113539 0.7466727 0.2854189 0.3090849 0.3090849 0.3238780 0.3563285 0.2260880 0.4131214 0.3302946 0.3663851 0.1621292 0.6823652 0.1621292 0.4059399 0.4016433 0.3502304 0.5908944 0.7874479 0.3853003 0.3853003 0.7144132 0.4435534 0.4435534 0.6924842 0.7034652 0.4833120 0.5558954 0.5558954 0.4833120 0.5122542 0.5122542 0.4882987 0.6713622 0.6713622 0.4882987 1.1444704 0.4676473 0.7363376 0.6092536 0.5517014 0.5517014 0.6260317 0.6260317 0.7371214 1.0289536 0.6328863 0.6328863 0.9940251 2.2601880 1.0109132 0.9593063 1.1912605 0.6870304 0.9977241 0.9977241 0.9348226 1.3799409 1.2807858 0.8520288 1.0499354 1.0235892 1.0320134 1.2393661 1.9095710 1.4651136 1.2398110 0.8721355 1.9758166 0.9390341 1.8895459 1.7026879 1.7026879 1.6518246 0.9954693 1.7907040 1.6077707 1.9547369 1.4207194 1.4207194 1.7683759 1.5219348 1.5219348 1.3709129 1.0235929 1.4003705 1.5031346 1.1510503 1.9703891 1.2242477 1.4209356 1.1165782 1.7254285 1.3512332 1.5798709 1.9255181 1.3820032 1.5319371 1.0440534 1.9172856 1.1413084 1.0898111 1.6878612 1.5099352 1.1865797 1.0292587 
Glyma.09G266200.6.p_MADS           0.2473440 0.1162050 0.1162050 0.0000010 0.0000000 0.3063365 0.2471120 0.1912312 0.0430018 0.1861517 0.1861517 0.2102092 0.2102092 0.1493111 0.1493111 0.4350286 0.3969182 0.2873773 0.2950656 0.4399092 0.2137999 0.2137999 0.1439809 0.1439809 0.3029155 0.2791212 0.1691682 0.1691682 0.0665397 0.2107162 0.3257012 0.3001797 0.3001797 0.2816172 0.4225754 0.1912358 0.2879429 0.2833994 0.3778111 0.2845496 0.4241583 0.2845496 0.2604947 0.3720257 0.0897544 0.3492612 0.2203368 0.3492612 0.3301480 0.4183081 0.4183081 0.2151246 0.4796765 0.2399655 0.4640121 0.4640121 0.2973749 0.1773391 0.1773391 0.3556985 0.3270327 0.3194325 0.4423617 0.4388860 0.2878278 0.3492448 0.3671989 0.3671989 0.2832044 0.4431325 0.4431325 0.4155338 0.3441153 0.4314713 0.3441153 0.4889769 0.4889769 0.7849189 0.7741942 0.1862255 0.1862255 0.0423676 0.0423863 1.7876999 0.2724439 0.2815334 0.2358876 0.3349099 0.3349099 0.1894008 0.1894008 0.2004732 0.2954623 0.2031906 0.3275277 0.2785746 0.2765108 0.2765108 0.2031906 0.3113539 0.7466727 0.2854189 0.3090849 0.3090849 0.3238780 0.3563285 0.2260880 0.4131214 0.3302946 0.3663851 0.1621292 0.6823652 0.1621292 0.4059399 0.4016433 0.3502304 0.5908944 0.7874479 0.3853003 0.3853003 0.7144132 0.4435534 0.4435534 0.6924842 0.7034652 0.4833120 0.5558954 0.5558954 0.4833120 0.5122542 0.5122542 0.4882987 0.6713622 0.6713622 0.4882987 1.1444704 0.4676473 0.7363376 0.6092536 0.5517014 0.5517014 0.6260317 0.6260317 0.7371214 1.0289536 0.6328863 0.6328863 0.9940251 2.2601880 1.0109132 0.9593063 1.1912605 0.6870304 0.9977241 0.9977241 0.9348226 1.3799409 1.2807858 0.8520288 1.0499354 1.0235892 1.0320134 1.2393661 1.9095710 1.4651136 1.2398110 0.8721355 1.9758166 0.9390341 1.8895459 1.7026879 1.7026879 1.6518246 0.9954693 1.7907040 1.6077707 1.9547369 1.4207194 1.4207194 1.7683759 1.5219348 1.5219348 1.3709129 1.0235929 1.4003705 1.5031346 1.1510503 1.9703891 1.2242477 1.4209356 1.1165782 1.7254285 1.3512332 1.5798709 1.9255181 1.3820032 1.5319371 1.0440534 1.9172856 1.1413084 1.0898111 1.6878612 1.5099352 1.1865797 1.0292587 
Glyma.11G158812.1.p_MADS           0.3215925 0.3751479 0.3751479 0.3063365 0.3063365 0.0000000 0.4166628 0.2579321 0.2759696 0.4029847 0.4029847 0.4303726 0.4303726 0.3758253 0.3758253 0.5578806 0.5142629 0.4774322 0.3311344 0.2698487 0.4356047 0.4356047 0.4128463 0.4128463 0.2579126 0.3550350 0.3418128 0.3418128 0.3542346 0.4322290 0.3166507 0.3556899 0.3556899 0.3484721 0.3097641 0.4129870 0.2680490 0.3523665 0.4070435 0.2907835 0.4517585 0.2907835 0.4046234 0.3744780 0.3845472 0.3437743 0.4510860 0.3437743 0.2817132 0.5347558 0.5347558 0.4669823 0.2842522 0.4963136 0.2688633 0.2688633 0.2802608 0.4120820 0.4120820 0.4181090 0.2754769 0.3915308 0.4102927 0.4071343 0.3923037 0.4304445 0.4103812 0.4103812 0.4255323 0.5899236 0.5899236 0.5054149 0.5450023 0.4965884 0.5450023 0.6341323 0.6341323 0.9712631 0.9651455 0.4017257 0.4017257 0.3291590 0.3641373 1.0775183 0.2317365 0.3349915 0.1996977 0.3303336 0.3303336 0.4629466 0.4629466 0.3777333 0.2484020 0.4394367 0.3829219 0.3478937 0.3549678 0.3549678 0.4394367 0.3264351 0.6180372 0.2412700 0.3041847 0.3041847 0.3199773 0.3350656 0.4455480 0.4784032 0.3189830 0.5572900 0.4317332 0.6117015 0.4317332 0.3512183 0.6001616 0.4044390 0.5513298 0.6666868 0.4805496 0.4805496 0.7433381 0.3952476 0.3952476 0.6986372 0.6185466 0.5415565 0.7903567 0.7903567 0.5415565 0.4568577 0.4568577 0.5236818 0.9081779 0.9081779 0.5236818 1.1201816 0.5685114 0.8097789 0.6237580 0.4606601 0.4606601 0.4917799 0.4917799 0.7313952 1.0092254 0.7564711 0.7564711 0.9555877 1.9821142 0.9919908 1.0199491 1.1059149 0.7748833 1.0797170 1.0797170 1.0501587 1.5803098 1.1083318 1.1601652 1.1527075 1.0345566 1.1181370 1.2814974 1.4912498 1.0328428 1.0604499 1.2445918 1.6094259 1.1204859 1.5359106 1.6277454 1.6277454 1.5766565 0.8667491 1.7140662 1.9092591 1.6750467 1.2112765 1.2112765 1.3496201 1.3021589 1.3021589 1.3643538 0.8965462 1.2088135 1.2797869 1.1160498 2.0747540 1.0618578 1.2287146 0.9683386 1.4447652 1.2727226 1.4150847 2.1727301 1.2912479 1.6514289 0.8046543 2.1631799 0.9956949 0.8641147 1.5888841 1.8341774 1.3833498 1.2858310 
Glyma.09G266400.4.p_MADS           0.4585245 0.1699539 0.1699539 0.2471120 0.2471120 0.4166628 0.0000000 0.3342808 0.3127917 0.3520402 0.3520402 0.3245233 0.3245233 0.2073649 0.2073649 0.5991339 0.5534254 0.1150987 0.4113518 0.5234939 0.3302427 0.3302427 0.2004997 0.2004997 0.4493834 0.4997810 0.4004532 0.4004532 0.3072460 0.3815146 0.4883726 0.2483446 0.2483446 0.2432122 0.4991877 0.1737794 0.4822151 0.2448290 0.5246209 0.4559611 0.5137643 0.4559611 0.2392898 0.4197432 0.3382176 0.4481195 0.2027906 0.4481195 0.4788260 0.6133114 0.6133114 0.2285718 0.5700444 0.2031806 0.5851930 0.5851930 0.4343707 0.2377607 0.2377607 0.2659729 0.4262525 0.2777812 0.4754472 0.4716387 0.3595369 0.2727300 0.3299456 0.3299456 0.3767845 0.4869657 0.4869657 0.5511782 0.3619080 0.4856941 0.3619080 0.5052246 0.5052246 0.8489194 0.9343611 0.3625389 0.3625389 0.3051497 0.2497453 1.2762752 0.4150159 0.3900046 0.3525288 0.5496819 0.5496819 0.3020687 0.3020687 0.2610382 0.4134791 0.2426822 0.2230917 0.2407202 0.4725945 0.4725945 0.2426822 0.2468743 0.7511182 0.3908877 0.4715538 0.4715538 0.4512774 0.4760951 0.2315105 0.5843971 0.2355689 0.5024155 0.4305477 0.6174727 0.4305477 0.5446037 0.5209334 0.2580119 0.6720130 0.6868809 0.4743605 0.4743605 0.7574674 0.5433244 0.5433244 0.6930564 0.6242718 0.5927697 0.5978290 0.5978290 0.5927697 0.5884932 0.5884932 0.6054659 0.6412715 0.6412715 0.6054659 1.1381950 0.5349434 0.6762985 0.7512883 0.6727605 0.6727605 0.6623274 0.6623274 0.8915845 1.1531826 0.6524628 0.6524628 0.8345440 2.0282437 1.1112355 1.1219637 1.1228135 0.6944778 0.9822037 0.9822037 1.0664249 1.3322609 1.2770578 1.2994078 0.9995119 0.9885728 1.1364286 1.4033587 2.8825407 1.4126477 1.1869562 0.9426488 1.9931546 1.0746394 1.9088153 1.6347888 1.6347888 1.5861230 1.0986770 1.7171738 1.4928541 1.8413500 1.5120191 1.5120191 1.5693325 1.6936550 1.6936550 1.5604901 1.1691104 1.5565821 1.6672588 1.1438218 1.7274889 1.3125998 1.6359892 1.0193269 1.6497212 1.5489353 1.5679908 1.9429242 1.5696217 1.5261243 1.2004710 1.9346978 1.1813795 0.9305764 1.5457989 1.6161629 1.2252389 1.1655880 
Glyma.02G185500.3.p_MADS           0.2278152 0.1845271 0.1845271 0.1912312 0.1912312 0.2579321 0.3342808 0.0000000 0.1524007 0.2966551 0.2966551 0.3239900 0.3239900 0.2442666 0.2442666 0.5112565 0.4698074 0.3383448 0.2695045 0.3127410 0.3532670 0.3532670 0.2428920 0.2428920 0.2809671 0.2599742 0.2966551 0.2966551 0.2213687 0.3251890 0.2688807 0.3846437 0.3846437 0.3620539 0.3308158 0.3163678 0.3016495 0.3510101 0.3479466 0.2982496 0.3829102 0.2982496 0.3406739 0.3390781 0.2508462 0.3269328 0.3534935 0.3269328 0.3068330 0.4924359 0.4924359 0.3436840 0.3395860 0.3726762 0.3685630 0.3685630 0.2122915 0.2774281 0.2774281 0.3996391 0.2383378 0.3915284 0.5114653 0.5076251 0.3649377 0.3953160 0.3961009 0.3961009 0.3826513 0.4648655 0.4648655 0.3380801 0.3794426 0.3447098 0.3794426 0.4893344 0.4893344 0.8748544 0.8664375 0.3263452 0.3263452 0.2150243 0.2480336 1.3219549 0.2522811 0.1308550 0.2095869 0.3232166 0.3232166 0.3257790 0.3257790 0.3016185 0.2108104 0.3057670 0.4141907 0.3212738 0.2787118 0.2787118 0.3057670 0.4022084 0.7515198 0.2636249 0.2209795 0.2209795 0.3025552 0.3137792 0.3130930 0.4203059 0.3853349 0.5386464 0.2727061 0.7207752 0.2727061 0.3358216 0.5805972 0.3394405 0.5918848 0.8216288 0.4140758 0.4140758 0.6876560 0.4000937 0.4000937 0.8017629 0.6787247 0.4719729 0.7869646 0.7869646 0.4719729 0.4478624 0.4478624 0.4417124 0.7228671 0.7228671 0.4417124 1.0997611 0.4241513 0.7293358 0.6603157 0.4757008 0.4757008 0.5398436 0.5398436 0.7007897 0.9488962 0.5636133 0.5636133 0.8628210 1.7137099 0.9323733 1.0905295 1.0788215 0.6019877 1.0887012 1.0887012 1.0110752 1.4672569 1.3066101 1.3227809 1.1558961 1.1339938 1.1137963 1.1975415 2.2939561 1.0792665 1.3131991 1.0624841 1.9196559 1.0270518 1.8326481 1.6121595 1.6121595 1.5613057 0.8228208 1.6978630 1.8356128 1.7514174 1.4232438 1.4232438 1.6723312 1.5273516 1.5273516 1.3538302 0.9243357 1.4023036 1.5079690 1.0364632 1.9359402 1.0980625 1.3491535 1.0767572 1.6745616 1.2783742 1.5055278 2.0024549 1.3086208 1.5753973 0.9210140 1.9937417 1.1083963 0.8504707 1.5491822 1.5988791 1.3511968 1.2578473 
Glyma.03G019300.1.p_MADS           0.2363936 0.1153680 0.1153680 0.0430018 0.0430018 0.2759696 0.3127917 0.1524007 0.0000000 0.1849867 0.1849867 0.2089552 0.2089552 0.1661659 0.1661659 0.4235820 0.3864654 0.3165988 0.2493147 0.4129526 0.2341543 0.2341543 0.1653731 0.1653731 0.2559885 0.2667481 0.1849867 0.1849867 0.0873613 0.2094551 0.2779156 0.3064143 0.3064143 0.2873881 0.3657747 0.1900146 0.2439053 0.2789338 0.3263612 0.2410479 0.3686158 0.2410479 0.2660455 0.3185149 0.1105065 0.3001648 0.2189809 0.3001648 0.2814680 0.4007729 0.4007729 0.2138194 0.4425431 0.2385809 0.4358738 0.4358738 0.2518039 0.1937163 0.1937163 0.3500531 0.2791098 0.3143193 0.4661506 0.4625566 0.2832441 0.3434094 0.3679861 0.3679861 0.2786443 0.4099072 0.4099072 0.3576970 0.3396371 0.3706855 0.3396371 0.4348155 0.4348155 0.8065756 0.7963744 0.2065381 0.2065381 0.0656696 0.0875432 1.7876999 0.2279521 0.2371391 0.2013240 0.2946239 0.2946239 0.2099594 0.2099594 0.2160693 0.2501328 0.2188892 0.3341469 0.2514992 0.2807888 0.2807888 0.2188892 0.3516423 0.7607062 0.2380376 0.2617747 0.2617747 0.2762081 0.3335545 0.2132703 0.3336847 0.3369842 0.3564609 0.1881351 0.7102353 0.1881351 0.3658254 0.3907517 0.3858704 0.5740702 0.8007354 0.3332892 0.3332892 0.7418458 0.4150088 0.4150088 0.7212371 0.7317902 0.4518676 0.5406921 0.5406921 0.4518676 0.4495129 0.4495129 0.4199518 0.6060904 0.6060904 0.4199518 1.1609897 0.4073471 0.7494916 0.5820926 0.4785563 0.4785563 0.5454054 0.5454054 0.7100202 0.8808449 0.6469923 0.6469923 0.9559233 2.2601880 0.8650269 1.0206575 1.2090121 0.7395914 1.0279659 1.0279659 1.0026118 1.4633572 1.2406610 0.8520288 1.0823592 1.0972651 1.1045316 1.0687847 1.9095710 1.3108115 1.2591958 0.9348973 2.0331069 0.9318108 1.9416936 1.7507007 1.7507007 1.6976530 0.8987783 1.8440569 1.7066039 2.0145269 1.3335358 1.3335358 1.7231165 1.4300758 1.4300758 1.3709129 0.9413079 1.3136629 1.4125642 1.1724649 2.0563518 1.0990610 1.4454949 1.1165782 1.7745652 1.3070813 1.5304006 1.9812480 1.3376053 1.6399404 0.9420302 1.9724766 1.1413084 0.8118777 1.7622398 1.6753194 1.1865797 1.2886448 
Glyma.06G324400.2.p_MADS           0.2205491 0.1373925 0.1373925 0.1861517 0.1861517 0.4029847 0.3520402 0.2966551 0.1849867 0.0000000 0.0000010 0.0209731 0.0209731 0.1633246 0.1633246 0.4554730 0.4158419 0.3561460 0.3366261 0.4310752 0.0423486 0.0423486 0.1625643 0.1625643 0.3679220 0.2515303 0.0426477 0.0426477 0.1601662 0.0209768 0.1968566 0.2619262 0.2619262 0.2453014 0.3797680 0.2116170 0.2754829 0.2383632 0.3029532 0.2722685 0.3639183 0.2722685 0.2758216 0.3755364 0.1851051 0.3885908 0.2405887 0.3885908 0.3956331 0.4187060 0.4187060 0.2349912 0.4628208 0.2593685 0.4645949 0.4645949 0.3974260 0.1901862 0.1901862 0.3013752 0.4283327 0.2704934 0.4962153 0.4922865 0.3262867 0.3225670 0.3785146 0.3785146 0.3223208 0.4683687 0.4683687 0.4255476 0.3461864 0.4760580 0.3461864 0.4929574 0.4929574 0.8448020 0.8355346 0.0423519 0.0423519 0.2362177 0.2362479 1.6171406 0.3992684 0.3674805 0.2904740 0.3016115 0.3016115 0.0637563 0.0637563 0.1638664 0.3353054 0.2147547 0.2882226 0.2126540 0.3536845 0.3536845 0.2147547 0.3335726 0.8940388 0.3851187 0.3507201 0.3507201 0.4252985 0.4674166 0.3020934 0.3715686 0.2871074 0.3104940 0.2421765 0.7939049 0.2421765 0.5280916 0.3445697 0.3926124 0.6948217 0.9037538 0.4639819 0.4639819 0.8215384 0.5197484 0.5197484 0.8078676 0.7716800 0.4784023 0.5341710 0.5341710 0.4784023 0.5576634 0.5576634 0.4811139 0.6481563 0.6481563 0.4811139 1.1372477 0.4811394 0.7006272 0.6585949 0.5901234 0.5901234 0.6686626 0.6686626 0.7711297 1.1035255 0.6602581 0.6602581 1.1329423 2.3350680 1.0565609 1.1558534 1.3836533 0.7847700 1.1389164 1.1389164 1.0883732 1.5496500 1.4025434 0.8741205 1.1674691 1.1349975 1.1780870 1.3298223 2.6145194 1.3642422 1.3069777 0.9948831 2.1372183 0.9160773 2.0431358 1.9965163 1.9965163 1.9420152 1.0488720 2.1001799 1.8479716 2.2017674 1.5499511 1.5499511 1.7140915 1.5892092 1.5892092 1.4500993 1.1988972 1.4478951 1.5342986 1.3920888 2.1819321 1.3190941 1.4783385 1.1125166 1.9026854 1.5207719 1.7059291 2.0535350 1.5530006 1.5784724 1.2129886 2.0446788 1.2400085 1.0344039 1.9275286 1.7354648 1.0728681 1.2763142 
Glyma.13G223300.1.p_MADS           0.2205491 0.1373925 0.1373925 0.1861517 0.1861517 0.4029847 0.3520402 0.2966551 0.1849867 0.0000010 0.0000000 0.0209731 0.0209731 0.1633246 0.1633246 0.4554730 0.4158419 0.3561460 0.3366261 0.4310752 0.0423486 0.0423486 0.1625643 0.1625643 0.3679220 0.2515303 0.0426477 0.0426477 0.1601662 0.0209768 0.1968566 0.2619262 0.2619262 0.2453014 0.3797680 0.2116170 0.2754829 0.2383632 0.3029532 0.2722685 0.3639183 0.2722685 0.2758216 0.3755364 0.1851051 0.3885908 0.2405887 0.3885908 0.3956331 0.4187060 0.4187060 0.2349912 0.4628208 0.2593685 0.4645949 0.4645949 0.3974260 0.1901862 0.1901862 0.3013752 0.4283327 0.2704934 0.4962153 0.4922865 0.3262867 0.3225670 0.3785146 0.3785146 0.3223208 0.4683687 0.4683687 0.4255476 0.3461864 0.4760580 0.3461864 0.4929574 0.4929574 0.8448020 0.8355346 0.0423519 0.0423519 0.2362177 0.2362479 1.6171406 0.3992684 0.3674805 0.2904740 0.3016115 0.3016115 0.0637563 0.0637563 0.1638664 0.3353054 0.2147547 0.2882226 0.2126540 0.3536845 0.3536845 0.2147547 0.3335726 0.8940388 0.3851187 0.3507201 0.3507201 0.4252985 0.4674166 0.3020934 0.3715686 0.2871074 0.3104940 0.2421765 0.7939049 0.2421765 0.5280916 0.3445697 0.3926124 0.6948217 0.9037538 0.4639819 0.4639819 0.8215384 0.5197484 0.5197484 0.8078676 0.7716800 0.4784023 0.5341710 0.5341710 0.4784023 0.5576634 0.5576634 0.4811139 0.6481563 0.6481563 0.4811139 1.1372477 0.4811394 0.7006272 0.6585949 0.5901234 0.5901234 0.6686626 0.6686626 0.7711297 1.1035255 0.6602581 0.6602581 1.1329423 2.3350680 1.0565609 1.1558534 1.3836533 0.7847700 1.1389164 1.1389164 1.0883732 1.5496500 1.4025434 0.8741205 1.1674691 1.1349975 1.1780870 1.3298223 2.6145194 1.3642422 1.3069777 0.9948831 2.1372183 0.9160773 2.0431358 1.9965163 1.9965163 1.9420152 1.0488720 2.1001799 1.8479716 2.2017674 1.5499511 1.5499511 1.7140915 1.5892092 1.5892092 1.4500993 1.1988972 1.4478951 1.5342986 1.3920888 2.1819321 1.3190941 1.4783385 1.1125166 1.9026854 1.5207719 1.7059291 2.0535350 1.5530006 1.5784724 1.2129886 2.0446788 1.2400085 1.0344039 1.9275286 1.7354648 1.0728681 1.2763142 
Glyma.02G287700.3.p_MADS           0.2458037 0.1609845 0.1609845 0.2102092 0.2102092 0.4303726 0.3245233 0.3239900 0.2089552 0.0209731 0.0209731 0.0000000 0.0000010 0.1873794 0.1873794 0.4845992 0.4445070 0.3283349 0.3428401 0.4596885 0.0210877 0.0210877 0.1864936 0.1864936 0.3961458 0.2773830 0.0643310 0.0643310 0.1838320 0.0422015 0.2220593 0.2882226 0.2882226 0.2707240 0.4088381 0.2360135 0.3013401 0.2631206 0.3289773 0.2772614 0.3907105 0.2772614 0.3017764 0.3823259 0.2090813 0.3619955 0.2655795 0.3619955 0.4238676 0.4472441 0.4472441 0.2593685 0.4917705 0.2352634 0.4929491 0.4929491 0.4038972 0.2147733 0.2147733 0.3274885 0.4351142 0.2961332 0.5257235 0.5216281 0.3523652 0.3501871 0.4068138 0.4068138 0.3483699 0.4961344 0.4961344 0.4548221 0.3496275 0.5066567 0.3496275 0.5203744 0.5203744 0.8565617 0.8475920 0.0638717 0.0638717 0.2607077 0.2121001 1.6171406 0.4277019 0.3945950 0.3176549 0.3280137 0.3280137 0.0423486 0.0423486 0.1880345 0.3619323 0.2190449 0.2622321 0.2371907 0.3596214 0.3596214 0.2190449 0.3616806 0.9334813 0.4147006 0.3779925 0.3779925 0.4530183 0.4964286 0.3283147 0.3987336 0.3138496 0.3384341 0.2671218 0.7575225 0.2671218 0.5573053 0.3512176 0.3643097 0.7298221 0.9420129 0.4721081 0.4721081 0.7852170 0.5502352 0.5502352 0.8460297 0.7346913 0.5077213 0.5431308 0.5431308 0.5077213 0.5262066 0.5262066 0.4857622 0.6810804 0.6810804 0.4857622 1.1519217 0.5113477 0.7108865 0.6969009 0.5997211 0.5997211 0.6350153 0.6350153 0.8079923 1.1493824 0.6704707 0.6704707 1.1472051 2.3350680 1.0704756 1.2085294 1.4379202 0.7968679 1.0877580 1.0877580 1.1049822 1.4874485 1.4625703 0.8741205 1.1146937 1.0816907 1.1953915 1.3816964 2.6145194 1.4197763 1.3632053 1.0105453 2.2177200 0.9639793 2.1201841 2.0832425 2.0832425 2.0279998 1.0995964 2.1912178 1.7765009 2.2906327 1.6150588 1.6150588 1.6446679 1.6549045 1.6549045 1.4500993 1.2614721 1.5081781 1.5973144 1.4549401 2.0980403 1.3813830 1.4989835 1.1303587 1.9204418 1.5420198 1.7217359 2.1319765 1.5742850 1.5096563 1.2895545 2.1227716 1.2400085 1.0605923 2.0559810 1.8575878 1.0728681 1.4383957 
Glyma.14G027251.1.p_MADS           0.2458037 0.1609845 0.1609845 0.2102092 0.2102092 0.4303726 0.3245233 0.3239900 0.2089552 0.0209731 0.0209731 0.0000010 0.0000000 0.1873794 0.1873794 0.4845992 0.4445070 0.3283349 0.3428401 0.4596885 0.0210877 0.0210877 0.1864936 0.1864936 0.3961458 0.2773830 0.0643310 0.0643310 0.1838320 0.0422015 0.2220593 0.2882226 0.2882226 0.2707240 0.4088381 0.2360135 0.3013401 0.2631206 0.3289773 0.2772614 0.3907105 0.2772614 0.3017764 0.3823259 0.2090813 0.3619955 0.2655795 0.3619955 0.4238676 0.4472441 0.4472441 0.2593685 0.4917705 0.2352634 0.4929491 0.4929491 0.4038972 0.2147733 0.2147733 0.3274885 0.4351142 0.2961332 0.5257235 0.5216281 0.3523652 0.3501871 0.4068138 0.4068138 0.3483699 0.4961344 0.4961344 0.4548221 0.3496275 0.5066567 0.3496275 0.5203744 0.5203744 0.8565617 0.8475920 0.0638717 0.0638717 0.2607077 0.2121001 1.6171406 0.4277019 0.3945950 0.3176549 0.3280137 0.3280137 0.0423486 0.0423486 0.1880345 0.3619323 0.2190449 0.2622321 0.2371907 0.3596214 0.3596214 0.2190449 0.3616806 0.9334813 0.4147006 0.3779925 0.3779925 0.4530183 0.4964286 0.3283147 0.3987336 0.3138496 0.3384341 0.2671218 0.7575225 0.2671218 0.5573053 0.3512176 0.3643097 0.7298221 0.9420129 0.4721081 0.4721081 0.7852170 0.5502352 0.5502352 0.8460297 0.7346913 0.5077213 0.5431308 0.5431308 0.5077213 0.5262066 0.5262066 0.4857622 0.6810804 0.6810804 0.4857622 1.1519217 0.5113477 0.7108865 0.6969009 0.5997211 0.5997211 0.6350153 0.6350153 0.8079923 1.1493824 0.6704707 0.6704707 1.1472051 2.3350680 1.0704756 1.2085294 1.4379202 0.7968679 1.0877580 1.0877580 1.1049822 1.4874485 1.4625703 0.8741205 1.1146937 1.0816907 1.1953915 1.3816964 2.6145194 1.4197763 1.3632053 1.0105453 2.2177200 0.9639793 2.1201841 2.0832425 2.0832425 2.0279998 1.0995964 2.1912178 1.7765009 2.2906327 1.6150588 1.6150588 1.6446679 1.6549045 1.6549045 1.4500993 1.2614721 1.5081781 1.5973144 1.4549401 2.0980403 1.3813830 1.4989835 1.1303587 1.9204418 1.5420198 1.7217359 2.1319765 1.5742850 1.5096563 1.2895545 2.1227716 1.2400085 1.0605923 2.0559810 1.8575878 1.0728681 1.4383957 
Glyma.08G105500.1.p_MADS           0.3088348 0.0422083 0.0422083 0.1493111 0.1493111 0.3758253 0.2073649 0.2442666 0.1661659 0.1633246 0.1633246 0.1873794 0.1873794 0.0000000 0.0000010 0.5088112 0.4666966 0.2144859 0.3043567 0.5117389 0.1898890 0.1898890 0.0212509 0.0212509 0.4188310 0.3432435 0.1633246 0.1633246 0.1634874 0.1877918 0.3263395 0.2168122 0.2168122 0.2029450 0.4978616 0.1555023 0.3779751 0.2050713 0.3982155 0.3738540 0.4242568 0.3738540 0.1829711 0.3431955 0.1889286 0.4457811 0.1818217 0.4457811 0.4481531 0.4429123 0.4429123 0.1778424 0.5287160 0.2009510 0.5733713 0.5733713 0.3904122 0.0211357 0.0211357 0.2638047 0.4226663 0.2348012 0.6159728 0.6110844 0.3267738 0.2538245 0.3491120 0.3491120 0.3113309 0.4972400 0.4972400 0.4829212 0.3368780 0.4477329 0.3368780 0.5450201 0.5450201 0.8750671 0.8660302 0.1678715 0.1678715 0.2015625 0.2015927 1.6171406 0.3848577 0.3248338 0.3220329 0.4388531 0.4388531 0.1655513 0.1655513 0.0420789 0.3882431 0.0426320 0.2411683 0.2024776 0.3743827 0.3743827 0.0426320 0.3000711 0.9150786 0.4047792 0.4045229 0.4045229 0.4194762 0.4488899 0.1630208 0.4284931 0.2394831 0.4302575 0.2502500 0.8125521 0.2502500 0.4561607 0.4691856 0.3786995 0.7110814 0.9242473 0.4460428 0.4460428 0.9015222 0.5436796 0.5436796 0.8272778 0.8903943 0.5118222 0.6572994 0.6572994 0.5118222 0.5784669 0.5784669 0.4919317 0.4666180 0.4666180 0.4919317 1.2286284 0.5115041 0.8247117 0.7154428 0.5820677 0.5820677 0.6562840 0.6562840 0.8080233 1.1050388 0.6751606 0.6751606 1.0259918 2.1400973 1.0572302 1.2094915 1.4221043 0.8021183 1.2069881 1.2069881 1.0847769 1.6471973 1.5022034 1.2994078 1.2818147 1.2806659 1.1843318 1.3343359 3.4069842 1.5569359 1.4369748 0.8772304 2.3782254 0.9161844 2.2735122 2.0038209 2.0038209 1.9492839 1.0767524 2.1077407 1.8326640 2.2199688 1.5102384 1.5102384 1.7549714 1.6858303 1.6858303 1.6696318 1.1289364 1.5533143 1.6641288 1.4043865 2.1220393 1.3679990 1.7594758 1.1131656 1.9181369 1.6531493 1.7643216 2.1543365 1.6851092 1.7289820 1.0785772 2.1449480 1.1481416 0.9561242 1.9674264 1.6896940 1.0728681 1.3733503 
Glyma.17G080900.1.p_MADS           0.3088348 0.0422083 0.0422083 0.1493111 0.1493111 0.3758253 0.2073649 0.2442666 0.1661659 0.1633246 0.1633246 0.1873794 0.1873794 0.0000010 0.0000000 0.5088112 0.4666966 0.2144859 0.3043567 0.5117389 0.1898890 0.1898890 0.0212509 0.0212509 0.4188310 0.3432435 0.1633246 0.1633246 0.1634874 0.1877918 0.3263395 0.2168122 0.2168122 0.2029450 0.4978616 0.1555023 0.3779751 0.2050713 0.3982155 0.3738540 0.4242568 0.3738540 0.1829711 0.3431955 0.1889286 0.4457811 0.1818217 0.4457811 0.4481531 0.4429123 0.4429123 0.1778424 0.5287160 0.2009510 0.5733713 0.5733713 0.3904122 0.0211357 0.0211357 0.2638047 0.4226663 0.2348012 0.6159728 0.6110844 0.3267738 0.2538245 0.3491120 0.3491120 0.3113309 0.4972400 0.4972400 0.4829212 0.3368780 0.4477329 0.3368780 0.5450201 0.5450201 0.8750671 0.8660302 0.1678715 0.1678715 0.2015625 0.2015927 1.6171406 0.3848577 0.3248338 0.3220329 0.4388531 0.4388531 0.1655513 0.1655513 0.0420789 0.3882431 0.0426320 0.2411683 0.2024776 0.3743827 0.3743827 0.0426320 0.3000711 0.9150786 0.4047792 0.4045229 0.4045229 0.4194762 0.4488899 0.1630208 0.4284931 0.2394831 0.4302575 0.2502500 0.8125521 0.2502500 0.4561607 0.4691856 0.3786995 0.7110814 0.9242473 0.4460428 0.4460428 0.9015222 0.5436796 0.5436796 0.8272778 0.8903943 0.5118222 0.6572994 0.6572994 0.5118222 0.5784669 0.5784669 0.4919317 0.4666180 0.4666180 0.4919317 1.2286284 0.5115041 0.8247117 0.7154428 0.5820677 0.5820677 0.6562840 0.6562840 0.8080233 1.1050388 0.6751606 0.6751606 1.0259918 2.1400973 1.0572302 1.2094915 1.4221043 0.8021183 1.2069881 1.2069881 1.0847769 1.6471973 1.5022034 1.2994078 1.2818147 1.2806659 1.1843318 1.3343359 3.4069842 1.5569359 1.4369748 0.8772304 2.3782254 0.9161844 2.2735122 2.0038209 2.0038209 1.9492839 1.0767524 2.1077407 1.8326640 2.2199688 1.5102384 1.5102384 1.7549714 1.6858303 1.6858303 1.6696318 1.1289364 1.5533143 1.6641288 1.4043865 2.1220393 1.3679990 1.7594758 1.1131656 1.9181369 1.6531493 1.7643216 2.1543365 1.6851092 1.7289820 1.0785772 2.1449480 1.1481416 0.9561242 1.9674264 1.6896940 1.0728681 1.3733503 
Glyma.13G086400.1.p_MADS           0.4654038 0.4537415 0.4537415 0.4350286 0.4350286 0.5578806 0.5991339 0.5112565 0.4235820 0.4554730 0.4554730 0.4845992 0.4845992 0.5088112 0.5088112 0.0000000 0.0206620 0.5583443 0.5909795 0.7566372 0.4923127 0.4923127 0.4961868 0.4961868 0.6611935 0.5057073 0.5096411 0.5096411 0.4510948 0.4869318 0.5172266 0.6605950 0.6605950 0.6304022 0.7827478 0.5521481 0.5349266 0.6317762 0.5275275 0.5819733 0.5167871 0.5819733 0.6347007 0.6016298 0.4846985 0.6476097 0.5957084 0.6476097 0.6933001 0.5526944 0.5526944 0.5194155 0.8123081 0.5493809 0.7134395 0.7134395 0.5359763 0.5218503 0.5218503 0.6072258 0.5717376 0.6885194 0.7123589 0.6850805 0.6403564 0.5878845 0.8189304 0.8189304 0.7661957 0.7099078 0.7099078 0.6471145 0.6899933 0.6600021 0.6899933 0.7086923 0.7086923 0.6384833 0.6240611 0.4554730 0.4554730 0.4677328 0.4973003 1.2630377 0.6221907 0.4786629 0.5344859 0.5120034 0.5120034 0.4847767 0.4847767 0.5501946 0.5336239 0.5179470 0.6930596 0.6223087 0.5745218 0.5745218 0.5179470 0.6652770 0.9097004 0.5936666 0.4852932 0.4852932 0.5866808 0.6885077 0.6015683 0.5266839 0.7019543 0.1193041 0.4985685 0.8350678 0.4985685 0.6923597 0.1463127 0.5660192 0.6627646 0.8695055 0.6072532 0.6072532 1.0214450 0.5611596 0.5611596 0.8464253 0.9667493 0.6563795 0.3331884 0.3331884 0.6563795 0.5698788 0.5698788 0.7689034 0.6923915 0.6923915 0.7689034 1.1250953 0.7199755 0.4752800 0.7021822 0.5446838 0.5446838 0.5800641 0.5800641 0.7401800 1.0969222 0.5049987 0.5049987 1.2713981 1.8746890 1.1720877 0.9702977 1.2110531 0.6290246 0.9767440 0.9767440 1.1094350 1.3962207 1.1083112 0.9148804 1.1645108 0.9984479 1.2139265 1.3253964 2.4736159 1.2328170 1.3831231 1.0085772 1.6560378 1.0560414 1.7371045 1.5550796 1.5550796 1.5062022 1.0088745 1.6359911 1.7826321 1.6183779 1.4869523 1.4869523 1.5675969 1.4517328 1.4517328 1.2650142 1.0604575 1.4529683 1.5513075 1.1825986 1.8679343 1.2534776 1.4513373 1.1103101 1.6609885 1.3817075 1.4088413 2.2085171 1.4130776 1.5833092 1.0819351 2.1988945 1.2301841 1.3767495 1.3041382 1.3290963 0.9924906 0.8480535 
Glyma.14G168700.1.p_MADS           0.4263193 0.4138084 0.4138084 0.3969182 0.3969182 0.5142629 0.5534254 0.4698074 0.3864654 0.4158419 0.4158419 0.4445070 0.4445070 0.4666966 0.4666966 0.0206620 0.0000000 0.5576628 0.5457437 0.7060590 0.4517235 0.4517235 0.4547440 0.4547440 0.6140185 0.4651687 0.4678308 0.4678308 0.4114291 0.4465409 0.4759353 0.6137690 0.6137690 0.5846466 0.7314392 0.5096577 0.4937173 0.5862143 0.4876379 0.5390013 0.4777300 0.5390013 0.5884105 0.5554941 0.4441243 0.6018454 0.5516329 0.6018454 0.6456105 0.5418726 0.5418726 0.4777812 0.7598370 0.5072130 0.6642168 0.6642168 0.4942381 0.5073847 0.5073847 0.5610939 0.5287690 0.6404336 0.6635119 0.6365689 0.5941912 0.5408642 0.7640674 0.7640674 0.7140368 0.6969203 0.6969203 0.6343047 0.6403383 0.6468430 0.6403383 0.6960403 0.6960403 0.6380762 0.6235794 0.4158419 0.4158419 0.4288503 0.4575921 1.2630377 0.5758975 0.4871514 0.4917146 0.4712094 0.4712094 0.4445496 0.4445496 0.5068958 0.4919387 0.4751487 0.6456976 0.5772317 0.5303682 0.5303682 0.4751487 0.6178365 0.9109171 0.5466745 0.4444243 0.4444243 0.5426948 0.6401590 0.5572576 0.4866129 0.6531840 0.0924335 0.4571773 0.9003567 0.4571773 0.6445813 0.1181371 0.5206216 0.6880826 0.9359233 0.5618068 0.5618068 1.0234974 0.5172503 0.5172503 0.9143065 0.9684299 0.6086409 0.2966430 0.2966430 0.6086409 0.5233924 0.5233924 0.7144476 0.6430923 0.6430923 0.7144476 1.1281919 0.7060099 0.4929179 0.7164539 0.4975869 0.4975869 0.5312424 0.5312424 0.7538570 1.0998562 0.5049987 0.5049987 1.2758545 1.8746890 1.1757089 0.9702977 1.2150350 0.6290246 0.9767440 0.9767440 1.1094350 1.4211319 1.1083112 0.9148804 1.1645108 0.9984479 1.2139265 1.3306309 2.4736159 1.1556983 1.3831231 1.0085772 1.5635186 1.0560414 1.6410671 1.4555842 1.4555842 1.4074231 1.0088745 1.5328766 1.7932116 1.5201305 1.3957558 1.3957558 1.5675969 1.3614918 1.3614918 1.2650142 0.9740751 1.3633105 1.4577959 1.1825986 1.8797885 1.2534776 1.4513373 1.1103101 1.6609885 1.3817075 1.4088413 2.0878182 1.4130776 1.5833092 0.9750843 2.0787030 1.2301841 1.3875987 1.1680464 1.3673869 0.9924906 0.8480535 
Glyma.18G224300.2.p_MADS           0.5153249 0.1719062 0.1719062 0.2873773 0.2873773 0.4774322 0.1150987 0.3383448 0.3165988 0.3561460 0.3561460 0.3283349 0.3283349 0.2144859 0.2144859 0.5583443 0.5576628 0.0000000 0.3856653 0.5005438 0.3340257 0.3340257 0.2027370 0.2027370 0.4643206 0.5600040 0.4113453 0.4113453 0.3107762 0.3859658 0.4941586 0.3068803 0.3068803 0.2878329 0.5161414 0.2061872 0.4052042 0.2798664 0.4998035 0.4613302 0.4892529 0.4613302 0.2664899 0.4292058 0.3420951 0.4405291 0.2370310 0.4405291 0.4946642 0.5792063 0.5792063 0.2311547 0.5850174 0.2055098 0.5636814 0.5636814 0.4395562 0.2131389 0.2131389 0.3013571 0.4735106 0.3152788 0.6179915 0.6130341 0.4010261 0.3093822 0.3430301 0.3430301 0.4209968 0.5362552 0.5362552 0.5603552 0.3889057 0.5221711 0.3889057 0.5275178 0.5275178 0.8312264 0.8214219 0.3666744 0.3666744 0.3487268 0.2906894 1.1549951 0.4287774 0.3309813 0.4040063 0.5813056 0.5813056 0.3055647 0.3055647 0.2691157 0.4593004 0.2506510 0.2794481 0.2752500 0.4988491 0.4988491 0.2506510 0.2784799 0.7378156 0.4041357 0.4771959 0.4771959 0.4436796 0.4565764 0.3288904 0.5596805 0.3098798 0.5056475 0.4417182 0.6555545 0.4417182 0.5427468 0.5246145 0.3698777 0.6860275 0.8334762 0.3997551 0.3997551 0.7366861 0.5476549 0.5476549 0.7379763 0.6382396 0.5333990 0.7325793 0.7325793 0.5333990 0.5044075 0.5044075 0.5776547 0.7347910 0.7347910 0.5776547 1.0168164 0.4297732 0.7446906 0.7790065 0.6098602 0.6098602 0.6411006 0.6411006 0.9137222 0.9282799 0.7422144 0.7422144 0.8781080 1.3322449 0.8634721 1.2763405 1.1613303 0.6904773 1.0138959 1.0138959 1.1504963 1.6721104 1.4961404 1.2994078 1.0749689 1.1955884 1.2626838 1.1340384 3.0718817 1.5443550 1.3895060 1.0143441 2.3422482 1.1419389 2.2402050 1.9661884 1.9661884 1.9132084 0.9880220 2.0658567 1.4207887 2.1855849 1.7411846 1.7411846 1.6298437 1.9501795 1.9501795 1.5335230 1.3292435 1.7941776 1.9221297 1.3249657 1.7616681 1.2568739 1.7019220 1.1247136 1.7642247 1.5787473 1.6254005 2.3005631 1.6103450 1.6529921 1.4362890 2.2904059 1.1399938 0.7075134 2.0218591 1.7454119 1.2547558 1.3973424 
Glyma.08G105400.1.p_MADS           0.4547638 0.2442154 0.2442154 0.2950656 0.2950656 0.3311344 0.4113518 0.2695045 0.2493147 0.3366261 0.3366261 0.3428401 0.3428401 0.3043567 0.3043567 0.5909795 0.5457437 0.3856653 0.0000000 0.4340588 0.3720998 0.3720998 0.3026406 0.3026406 0.3672195 0.4941400 0.3609518 0.3609518 0.3116902 0.3649900 0.3059841 0.4067208 0.4067208 0.3844896 0.4546505 0.3450228 0.2675401 0.3733081 0.3520061 0.2599121 0.3767544 0.2599121 0.3643613 0.0667244 0.3411066 0.2984387 0.3815313 0.2984387 0.3948806 0.4716326 0.4716326 0.3713097 0.4655582 0.3781299 0.4423564 0.4423564 0.3213448 0.3381004 0.3381004 0.3868926 0.3496377 0.4130205 0.5596286 0.5553131 0.3757711 0.4052036 0.4328755 0.4328755 0.3819630 0.4875931 0.4875931 0.3512588 0.4623320 0.3232181 0.4623320 0.5116313 0.5116313 0.7769629 0.7659263 0.3698692 0.3698692 0.3182408 0.3320541 1.0952551 0.3672195 0.2654620 0.3552788 0.4542336 0.4542336 0.3447213 0.3447213 0.3607922 0.3231393 0.3020700 0.4139322 0.3445548 0.4037063 0.4037063 0.3020700 0.4052761 0.9122365 0.3760637 0.3666897 0.3666897 0.3532482 0.4479199 0.3389010 0.4277158 0.4191628 0.4961551 0.4080853 0.8491711 0.4080853 0.4490166 0.4615874 0.5280831 0.7304547 0.8357804 0.2993463 0.2993463 0.8770047 0.3965720 0.3965720 0.8921526 0.8182711 0.3293548 0.6232631 0.6232631 0.3293548 0.3841084 0.3841084 0.2519738 0.7533642 0.7533642 0.2519738 1.2091890 0.4523375 0.6748125 0.7878186 0.3661252 0.3661252 0.4698810 0.4698810 0.8390767 1.1154058 0.6203353 0.6203353 0.9731289 1.8423898 0.9620632 1.0517322 1.3054444 0.6095737 1.1183619 1.1183619 1.0035245 1.5148520 1.3878350 1.5376935 1.3407895 1.1506806 1.1063178 1.3847126 2.0685513 1.2707616 1.2497410 0.9821666 2.0515640 1.0899899 2.0001882 2.0271364 2.0271364 1.9697454 1.0065301 2.1375455 1.5926129 2.0933789 1.5860275 1.5860275 1.5630242 1.7412187 1.7412187 1.0920246 1.2132801 1.6339727 1.7551821 1.1873032 1.8573839 1.1815140 1.3700124 0.9210371 1.6099758 1.3042678 1.4458172 2.0810722 1.3345082 1.6888617 1.3737848 2.0715540 1.0255933 0.8434749 1.9596911 1.6197175 1.0749540 1.1369009 
