187
Glyma.16G091300.1.p_Kbox           0.0000000 0.0950924 0.0222135 0.1503572 0.4770207 0.4478438 1.0596143 1.4118877 1.4985156 1.1138748 1.3764701 1.3457827 0.9918248 1.0540855 1.0540855 1.5549288 1.5549288 1.3694481 1.0065060 1.5649774 1.3317772 1.3364745 0.5607000 1.4222307 0.8238543 0.8301409 0.5058161 1.4266415 0.4760357 0.5797531 1.4460873 1.4460873 0.8440474 0.8466085 1.2231394 1.4084796 1.7350289 1.0789942 1.1934806 1.6733237 0.4817482 1.3873107 1.1912647 1.0482941 1.5918293 1.6965033 1.0950142 0.7280292 1.7444019 1.6961427 1.6412022 1.4884726 1.4205137 1.2412205 1.6862805 1.6467032 1.6895162 1.5971372 1.6216758 2.2169315 1.6401248 1.4576029 2.2692085 1.6761711 1.4743836 1.5395898 1.6287110 2.0302007 2.1366319 1.7448313 1.7995344 1.8044062 1.8752886 1.7452412 2.1024913 1.8757912 1.8180341 2.2307708 1.3339271 2.2341164 2.3052380 2.0737574 2.2965952 2.9787964 2.7223716 2.5736020 1.9143548 0.3505529 0.4287940 0.6398097 0.6398097 0.9825145 1.4062727 1.4062727 1.1893568 1.1893568 1.4079495 1.5162186 1.1028896 1.1028896 1.3160933 1.3890292 1.8235312 1.3160933 0.7567782 1.1365410 1.5162186 0.7567782 1.4979135 1.4400457 1.1845436 0.9861283 1.5539988 1.7889743 1.1831500 1.4954084 1.3255701 1.1831500 1.4213115 0.7600278 1.7891433 1.7891433 1.4461142 1.4461142 1.9112774 1.6223939 1.9134483 1.6546777 1.9134483 1.3774454 1.7914168 1.9106773 2.0083842 2.0083842 1.9638076 1.9638076 2.2677464 2.6825560 1.6221498 1.2487287 1.1845436 1.4367592 1.9112774 1.7891517 1.9421157 1.9421157 2.3721453 2.4871008 2.4158185 3.6921799 1.4402794 1.3981620 1.4586390 1.3981620 1.5089436 1.5467872 1.5089436 1.5467872 1.0752746 1.1454149 1.1454149 1.8379137 1.2804630 2.2403529 1.6290306 1.9311655 1.8445721 2.4170414 4.8031367 2.6925570 2.6925570 2.4017595 2.7583933 3.2284582 3.3610389 3.3610389 2.3012366 2.4922236 2.0507535 2.8745466 2.2188003 2.3386907 2.2450978 2.4107235 2.1662768 1.9823367 2.0610818 
Glyma.01G064200.1.p_Kbox           0.0950924 0.0000000 0.0951460 0.0928941 0.5572678 0.5216882 1.2612636 1.3903342 1.4760380 1.3218402 1.4648434 1.4049469 1.1161173 1.1835961 1.1835961 1.4817764 1.4817764 1.4255138 1.1325852 1.4857995 1.4339969 1.4716939 0.5924770 1.4221395 0.9643965 0.9710419 0.5901683 1.4265118 0.5701201 0.6322650 1.4929661 1.4929661 1.0009525 1.0023174 1.4445621 1.5827067 1.8501324 1.0726472 1.2692502 1.5772707 0.5481851 1.3871629 1.2672472 1.0420588 1.6913708 1.8083553 1.1671083 0.8120319 1.6725271 1.9220899 1.8590161 1.6906630 1.4505395 1.4413577 1.8727339 1.6323446 1.6747907 1.7812334 1.5631105 2.2508242 1.5811714 1.6448830 2.3040232 1.7242748 1.6557748 1.5716882 1.6609620 1.9544137 2.0790254 1.7496694 1.8087717 1.8138027 1.8785968 1.7326509 2.1746240 1.8719382 1.8960506 2.1757913 1.5354884 2.2762983 2.3052058 2.3401587 2.2965332 3.1555527 2.8783828 2.7278982 2.3722119 0.3636444 0.4508994 0.5913868 0.5913868 1.0224675 1.4270418 1.4270418 1.2068946 1.2068946 1.4259768 1.5390976 1.2634686 1.2634686 1.2757563 1.4210326 1.8873946 1.2757563 0.9552890 1.3019435 1.5390976 0.9552890 1.6102553 1.4591869 1.1675551 1.0933981 1.5736098 1.9683924 1.2883055 1.5293224 1.2871264 1.2883055 1.4999349 0.8830548 1.7834571 1.7834571 1.4733966 1.4733966 1.7940220 1.6338885 2.0505276 1.6870199 2.0505276 1.3348156 1.9871251 1.9482397 2.1550570 2.1550570 1.8830517 1.8830517 2.2747318 2.7965623 1.6563488 1.3995272 1.1675551 1.5691585 1.7940220 1.7834896 2.0162593 2.0162593 2.3502229 2.8458656 2.7205235 3.5863341 1.5461269 1.5018586 1.5636530 1.5018586 1.5326995 1.6606110 1.5326995 1.6606110 1.1169355 1.2392142 1.2392142 1.9091862 1.4695166 2.3247936 1.6741149 2.0399776 1.9483079 2.5775010 5.1829713 2.9246628 2.9246628 2.6214417 3.0544909 3.4025736 3.5154051 3.5154051 2.7013739 2.6194217 2.0507535 3.3524850 2.0973781 2.1985177 2.2388417 2.3693405 2.1269781 1.9350358 2.0478511 
Glyma.08G269800.1.p_Kbox           0.0222135 0.0951460 0.0000000 0.1504615 0.4882777 0.4643745 1.0780812 1.4629447 1.5522863 1.1330576 1.3776817 1.3677584 1.0220097 1.0854535 1.0854535 1.6121851 1.6121851 1.3922139 1.0371016 1.5819319 1.3460618 1.3508578 0.5988739 1.4748047 0.8511563 0.8575143 0.5282478 1.4795003 0.5061242 0.6185618 1.4992203 1.4992203 0.8719673 0.8743252 1.2450528 1.4239609 1.7353770 1.1045732 1.2198251 1.6918574 0.5034305 1.4240270 1.2176798 1.0735570 1.6272039 1.6969433 1.0985048 0.7462782 1.7531128 1.7283126 1.6722713 1.4949316 1.4521899 1.2640102 1.6945666 1.6455805 1.6887513 1.6174109 1.6443672 2.2676342 1.6630396 1.5296677 2.3213297 1.7071480 1.5474421 1.5741028 1.6575355 2.0416414 2.1860854 1.7767226 1.8582199 1.8643244 1.8866603 1.8047891 2.1148542 1.8871105 1.8544860 2.2829015 1.3402447 2.2475491 2.3222354 2.0765706 2.3137284 2.9825930 2.7254153 2.5736020 1.9143548 0.3460938 0.4281783 0.6396347 0.6396347 0.9431535 1.4202834 1.4202834 1.2012380 1.2012380 1.4226394 1.5315119 1.1018322 1.1018322 1.3290999 1.3885348 1.8456741 1.3290999 0.7567782 1.1355362 1.5315119 0.7567782 1.5137757 1.4396695 1.3087932 0.9861283 1.5538875 1.7889743 1.1894257 1.4951514 1.3530424 1.1894257 1.4368743 0.7931295 1.8009622 1.8009622 1.4461142 1.4461142 1.9227866 1.6096937 1.9134483 1.6546777 1.9134483 1.3912316 1.8037888 1.9106773 2.0083842 2.0083842 1.9638076 1.9638076 2.4730951 2.6862896 1.6097193 1.2516557 1.3087932 1.4367592 1.9227866 1.8009205 1.9566361 1.9566361 2.3935552 2.4871008 2.4158185 3.7000587 1.4484451 1.4058744 1.5212654 1.4058744 1.5752093 1.6157145 1.5752093 1.6157145 1.1279491 1.1997382 1.1997382 1.8509672 1.2891928 2.2403529 1.7138668 1.9311655 1.8445721 2.4170414 4.8031367 2.7224286 2.7224286 2.4157920 2.7743899 3.2284582 3.3681322 3.3681322 2.3424060 2.5041834 2.0507535 2.8745466 2.2188003 2.3386907 2.2450978 2.4107235 2.1662768 1.9823367 2.0610818 
Glyma.02G121600.1.p_Kbox           0.1503572 0.0928941 0.1504615 0.0000000 0.5764868 0.5246633 1.2268657 1.4350288 1.5240292 1.2859552 1.4292321 1.3773004 1.1459223 1.2151929 1.2151929 1.4348453 1.4348453 1.3872880 1.1629432 1.4991439 1.3295120 1.3647366 0.6477507 1.4922842 0.9780514 0.9847784 0.6034363 1.4970990 0.6312153 0.6664435 1.5512323 1.5512323 1.0391761 1.0402329 1.4205482 1.4639070 1.8012270 1.1412302 1.3786024 1.5696862 0.5731670 1.3613343 1.3770518 1.1255945 1.6594620 1.7501252 1.1762904 0.8681523 1.6631546 1.7088830 1.6363384 1.6103470 1.5487512 1.4529170 1.7881681 1.6322144 1.6757278 1.7600102 1.4690526 2.2318295 1.4869130 1.7041294 2.2840179 1.6710816 1.7255533 1.6804014 1.6001793 1.9195173 1.9142872 1.4936298 1.7987576 1.8036627 1.7699099 1.7221302 2.1183780 1.6972483 1.7014983 2.0151694 1.5860257 1.9985169 2.0946054 2.3071012 2.0839407 2.7226161 2.4838521 2.8531859 2.3666164 0.4193856 0.4859055 0.6313023 0.6313023 1.0690992 1.3734753 1.3734753 1.2136940 1.2136940 1.4387944 1.4826060 1.2954660 1.2954660 1.3817383 1.4465662 1.4467581 1.3817383 0.9932486 1.3353367 1.4826060 0.9932486 1.6872336 1.4724247 1.3748689 1.1432317 1.4633681 1.8496723 1.3406854 1.5598407 0.9046870 1.3406854 1.5734958 1.0333767 1.7724392 1.7724392 1.4873823 1.4873823 1.7850932 1.6558533 2.0509794 1.6547289 2.0509794 1.4480891 1.8962240 1.9777035 2.1408488 2.1408488 1.9119571 1.9119571 1.7787791 2.8662285 1.5632093 1.3450637 1.3748689 1.5859469 1.7850932 1.7725188 2.1343936 2.1343936 2.4349908 2.6162129 2.8441081 3.2675756 1.5580142 1.5666221 1.6309575 1.5666221 1.6331963 1.6987108 1.6331963 1.6987108 1.1721018 1.1787188 1.1787188 2.0175996 1.5062714 2.3812342 1.8244436 2.1465743 2.0467389 2.7498515 4.1753623 2.6847702 2.6847702 2.4590142 2.8536103 3.1012086 3.2598242 3.2598242 2.7547971 2.5635623 2.9177108 3.3993785 2.0569462 2.0544117 2.2388417 2.3693405 2.1269781 1.9350358 2.0478511 
Glyma.06G205800.1.p_Kbox           0.4770207 0.5572678 0.4882777 0.5764868 0.0000000 0.0588271 0.9627528 1.4272740 1.5201460 0.9673664 1.1980318 1.1750653 0.8395052 0.9207537 0.9207537 1.4151748 1.4151748 1.2036331 0.8662348 1.5536407 1.3393274 1.3582543 0.6306627 1.3510670 0.7951618 0.7805182 0.3881409 1.3551425 0.5633816 0.5918991 1.3947424 1.3947424 0.8528832 0.8553289 1.1103527 1.3765385 1.3702557 0.9308260 0.8586730 1.6608160 0.3511185 1.1966897 0.8560176 0.9356535 1.3293838 1.3414189 1.0415148 0.6930239 1.6960611 1.7243285 1.7204395 1.4653874 1.3650817 1.2017252 1.5431798 1.6783997 1.6863866 1.5649659 1.6572735 2.0596147 1.6676167 1.3972944 2.0962297 1.6390936 1.4139343 1.4265806 1.6253893 1.9394131 2.0483192 1.7365545 1.7384908 1.7498745 1.8099478 1.6404722 1.8270230 1.7705818 1.8495499 2.1988634 1.1585726 1.9323077 2.1061856 1.6516696 2.0105661 2.4809923 2.3863997 2.3758630 1.8392071 0.6274268 0.6699272 0.2990641 0.2990641 1.0397854 1.3056064 1.3056064 1.2525452 1.2525452 1.4455111 1.3999461 0.9559794 0.9559794 1.1404188 1.2045119 1.7827338 1.1404188 0.7557571 1.0064366 1.3999461 0.7557571 1.4748551 1.1406567 1.0674952 0.8145247 1.3026193 1.8063175 1.1477897 1.3002625 1.5025702 1.1477897 1.4687006 0.9428032 1.6695906 1.6695906 1.5819854 1.5819854 2.0864661 1.5070514 1.7118951 1.9627830 1.7118951 1.1494912 1.8875220 1.6905825 1.6349036 1.6349036 1.8138104 1.8138104 1.9668145 2.1527467 1.8425076 1.1446052 1.0674952 1.4829915 2.0864661 1.6700427 1.9306867 1.9306867 2.3840097 2.3380387 2.2036778 3.3115292 1.4325418 1.4452559 1.5702126 1.4452559 1.5664252 1.5199593 1.5664252 1.5199593 1.2252600 1.2329864 1.2329864 1.8570826 1.4318775 1.9629854 1.7177250 1.7823084 1.6994554 2.1903224 4.3774390 2.5297062 2.5297062 2.5326083 2.6692074 3.0464282 2.8538966 2.8538966 1.8936753 1.6758212 2.1461084 2.4775143 2.0268330 2.2058328 1.7392695 1.7837778 1.5900998 1.7236164 1.7082279 
Glyma.04G159300.1.p_Kbox           0.4478438 0.5216882 0.4643745 0.5246633 0.0588271 0.0000000 0.9876586 1.3410372 1.4319540 0.9925080 1.1678948 1.2228078 0.8759383 0.9585211 0.9585211 1.3721193 1.3721193 1.2432736 0.9032236 1.5178024 1.3462974 1.3664585 0.5778766 1.3234604 0.8316304 0.8165957 0.3881239 1.3275031 0.5473805 0.5734223 1.3675758 1.3675758 0.8877251 0.8898984 1.0721483 1.3547538 1.4150878 0.9242703 0.8736033 1.5893884 0.3654088 1.2330258 0.8709008 0.9290256 1.3620181 1.3832018 1.0002993 0.6830251 1.7092364 1.6511046 1.6599059 1.4311074 1.4054433 1.1620248 1.5078502 1.7615588 1.7698202 1.6358423 1.7688973 2.1561990 1.7801668 1.3939308 2.1963160 1.6435497 1.4189142 1.4671209 1.6293893 1.9524946 2.1493802 1.7162653 1.7450002 1.7565870 1.7874208 1.6143263 1.8599260 1.7485981 1.8754779 2.2937543 1.1776504 1.9433562 2.0493830 1.6090642 1.9543933 2.5211970 2.4221897 2.5595115 2.0489926 0.5818711 0.5809024 0.3053816 0.3053816 0.9569233 1.2784440 1.2784440 1.1951623 1.1951623 1.3349103 1.3737991 0.9029097 0.9029097 1.0863640 1.1711387 1.9148781 1.0863640 0.7914425 0.9535653 1.3737991 0.7914425 1.4565091 1.0510280 1.1238248 0.8004936 1.2777286 2.0376926 1.1313039 1.2696435 1.4406491 1.1313039 1.4497854 0.9355879 1.6913660 1.6913660 1.4900274 1.4900274 2.0147954 1.5772279 1.6360895 1.9739282 1.6360895 1.1372909 1.8344288 1.6602139 1.7639673 1.7639673 1.7875961 1.7875961 1.8899600 2.1760909 1.8121029 1.1259475 1.1238248 1.4801901 2.0147954 1.6917664 1.8328111 1.8328111 2.4216426 2.3289790 2.2898471 3.6289179 1.3817391 1.3942644 1.5177391 1.3942644 1.5128595 1.4804294 1.5128595 1.4804294 1.1727922 1.1952121 1.1952121 1.7636518 1.2603504 1.9451997 1.6150465 1.7932075 1.7092649 2.1451149 4.2893011 2.5691551 2.5691551 2.5152126 2.7661253 3.1337709 3.1145083 3.1145083 1.9925117 1.7982436 2.4434182 2.5205117 2.2318216 2.2283880 1.7392695 1.7837778 1.5900998 1.7236164 1.7082279 
Glyma.07G081300.1.p_Kbox           1.0596143 1.2612636 1.0780812 1.2268657 0.9627528 0.9876586 0.0000000 1.1819998 1.3453699 0.0241740 1.3107919 1.3527101 0.6713507 0.7136348 0.7136348 1.3895715 1.3895715 1.3132932 0.6950090 1.3065889 1.3324952 1.3373819 1.2057852 1.2295698 0.7340476 0.7591258 1.1181672 1.2331337 1.2042971 1.2816233 1.2439838 1.2439838 0.7648760 0.8041023 0.3788849 1.2766311 1.5602711 0.8934376 0.8506733 1.2769473 1.0455856 1.5306152 0.8850369 0.9454930 1.4685760 1.5497198 1.3195231 1.3920468 1.6286779 1.5815355 1.6221724 1.4948071 0.7468159 0.3499372 1.5464835 1.4122856 1.4369342 1.4145423 1.4833516 2.2409076 1.4755067 0.8433800 2.2262675 1.5831828 0.8281663 0.7817250 1.7256188 1.8779257 1.9024987 1.6347162 1.7605311 1.8035639 1.8332385 1.9997563 2.0809255 1.8558059 1.7781684 1.9003784 1.5249630 2.1068715 2.0955945 1.9794205 2.0203061 2.2841883 2.2415201 2.7117795 2.2154193 0.8656471 0.7954272 1.0025034 1.0025034 0.4268944 1.0512339 1.0512339 1.2416754 1.2416754 1.4446942 1.0579721 0.6492840 0.6492840 1.3808477 1.3665911 2.7876710 1.3808477 0.5913268 0.6644134 1.0579721 0.5913268 1.3653069 1.0687402 2.2005941 0.4895929 1.2646081 4.1435896 0.9951309 1.3341282 2.0112851 0.9951309 1.5460986 1.1799254 1.4720440 1.4720440 1.7066556 1.7066556 1.7531721 1.3586083 1.9886371 1.6381793 1.9886371 1.3711118 1.4420326 1.5223126 1.8435907 1.8435907 1.9007680 1.9007680 1.6278598 2.0236480 1.4863643 1.3158649 2.2005941 1.5961006 1.7531721 1.5248284 1.6984397 1.6984397 2.3533153 2.7203859 2.3074206 3.7383237 1.5028958 1.4843041 1.5591021 1.4843041 1.6030732 1.7476150 1.6030732 1.7476150 1.3886165 1.4374104 1.4374104 1.6823719 1.4019692 2.2960269 1.6194179 2.0223656 1.9987662 2.3771010 3.5674400 2.5783043 2.5783043 2.4116118 2.4335140 2.9688431 3.2863039 3.2863039 1.8482511 2.8464485 2.7600215 2.6785758 1.6542012 1.8496048 2.1534977 2.1267882 1.9279276 1.8134326 1.7308716 
Glyma.15G088600.1.p_Kbox           1.4118877 1.3903342 1.4629447 1.4350288 1.4272740 1.3410372 1.1819998 0.0000000 0.0571499 1.2206517 1.1863879 1.3946529 1.4382219 1.4550187 1.4550187 0.4691943 0.4691943 1.3589483 1.4126437 0.1969710 1.4894032 1.4831817 1.5711397 0.4381020 1.2185132 1.2547391 1.4233053 0.4360892 1.8041392 1.7094968 0.4541941 0.4541941 1.3279286 1.3972658 1.4380859 1.5682988 1.4370170 1.5225904 1.5548184 0.2374634 1.4430358 1.3195576 1.6095696 1.5195628 1.4688224 1.4278133 1.2084613 1.7655297 1.5762515 1.8804487 1.8882505 1.8550254 1.8015584 1.4429539 1.8941484 1.9241013 1.9464506 1.7765079 2.1235101 2.3592777 2.1205221 1.8399839 2.3626842 1.8477583 1.8313073 1.7612743 2.0113208 1.8436749 2.7369003 1.8637924 1.8531292 1.7818486 1.8657983 2.1499861 2.2524279 1.7160447 1.8630228 2.7345422 1.7241204 2.2448905 1.8907801 2.5445345 1.8474771 2.4228687 2.5014627 2.8260051 2.7012762 1.4232279 1.4527777 1.1770705 1.1770705 1.2854646 0.3582642 0.3582642 0.4080290 0.4080290 1.3746523 0.3840507 1.5525988 1.5525988 0.4654052 1.0609603 3.3750678 0.4654052 1.2729862 1.6262051 0.3840507 1.2729862 1.4041996 0.9654322 1.9464868 1.3855352 1.3892361 3.3831433 1.6264053 1.0564347 3.1177481 1.6264053 1.3141308 1.6704402 1.7560513 1.7560513 1.5717897 1.5717897 1.9253778 1.4664848 1.5706885 1.5953419 1.5706885 0.4866091 1.9971796 1.9004195 2.3373821 2.3373821 1.7669127 1.7669127 2.4456740 2.1732662 1.9665018 1.2817041 1.9464868 1.6459430 1.9253778 1.7561860 2.1583239 2.1583239 2.5280179 2.7309750 2.4850368 2.9680450 2.1302754 2.1506269 1.9918401 2.1506269 1.9094818 2.3213806 1.9094818 2.3213806 1.4067335 1.8492546 1.8492546 2.1300973 1.8591418 2.5927443 1.9255443 2.1928493 2.2514644 2.4074566 2.8843857 2.4397031 2.4397031 2.9043370 2.6893073 2.7254103 2.5483674 2.5483674 2.8451418 3.1815655 2.0112324 2.6073064 1.6303224 2.4600552 2.1523553 2.6396898 2.3379619 2.1477329 2.3794439 
Glyma.13G223300.1.p_Kbox           1.4985156 1.4760380 1.5522863 1.5240292 1.5201460 1.4319540 1.3453699 0.0571499 0.0000000 1.3875981 1.1357254 1.3631638 1.6386269 1.5936716 1.5936716 0.4386007 0.4386007 1.3286876 1.6104866 0.1852338 1.4931935 1.4870689 1.7086288 0.4390173 1.3978115 1.4238065 1.4767644 0.4370513 1.9495755 1.8492038 0.4547182 0.4547182 1.5020552 1.5802849 1.5384565 1.6067786 1.3246336 1.6798708 1.6070154 0.2256367 1.4971025 1.2694006 1.6633863 1.6769429 1.4280492 1.3168077 1.2489035 1.9140468 1.5215607 1.8713559 1.8790257 1.7792845 1.9714933 1.5595364 1.8173962 1.9478428 1.9697636 1.8197489 2.1465935 2.1816096 2.0633903 2.0415854 2.1760222 1.7310636 2.0325803 1.9289393 1.8871181 1.7769877 2.7413918 1.8427461 1.8410236 1.7713730 1.8327932 2.0255481 2.2088320 1.6886653 1.8404981 2.7391249 1.6691869 2.2027635 1.8618538 2.5764865 1.8130182 2.1561510 2.2293335 2.9133682 2.7775897 1.6043894 1.6314889 1.2840232 1.2840232 1.4362353 0.3624441 0.3624441 0.4178515 0.4178515 1.3871824 0.3873403 1.6746740 1.6746740 0.4082914 1.0588323 3.3750678 0.4082914 1.4063323 1.7515167 0.3873403 1.4063323 1.4285374 0.9251448 1.9464868 1.5061710 1.2667645 3.3831433 1.7477177 1.0432197 3.1177481 1.7477177 1.3249844 1.6092246 1.8394498 1.8394498 1.5656262 1.5656262 1.7650670 1.5723162 1.5556008 1.5215455 1.5556008 0.4269485 2.0275178 1.8555248 2.3148606 2.3148606 1.7286976 1.7286976 2.4456740 2.1398957 1.9063690 1.2922035 1.9464868 1.6383740 1.7650670 1.8392548 2.1592667 2.1592667 2.5357486 2.6944936 2.5970394 2.8701026 2.0417519 2.0921413 1.9136562 2.0921413 1.8168778 2.2575117 1.8168778 2.2575117 1.3912603 1.7651450 1.7651450 2.1309077 1.7473614 2.3634856 1.8176367 2.1057041 2.1596338 2.4558765 2.9853557 2.2983013 2.2983013 2.6558161 2.4604730 2.7232424 2.4529023 2.4529023 2.8598449 3.1510988 1.7972897 2.6887622 1.7196669 2.8335798 2.3065469 2.3529504 2.1285416 1.9263905 2.1695322 
Glyma.03G019400.1.p_Kbox           1.1138748 1.3218402 1.1330576 1.2859552 0.9673664 0.9925080 0.0241740 1.2206517 1.3875981 0.0000000 1.3568825 1.3676610 0.6741770 0.7166854 0.7166854 1.4043121 1.4043121 1.3279812 0.6979718 1.3473354 1.2618960 1.2664622 1.2123682 1.2540608 0.7372451 0.7624702 1.1239741 1.2577232 1.2110371 1.2887471 1.2684605 1.2684605 0.7682032 0.8077046 0.3801438 1.2628343 1.5772588 0.8978597 0.8545076 1.3168659 1.0508181 1.5471658 0.8890837 0.9502872 1.4846028 1.5663853 1.3655875 1.4006890 1.6472695 1.4993760 1.5390690 1.5039818 0.7499668 0.3510993 1.5560547 1.4865340 1.5107629 1.3652866 1.5603021 2.2822018 1.5514507 0.8471884 2.2673825 1.6236195 0.8318758 0.7851430 1.7685904 1.8989319 1.9804792 1.6455258 1.8044821 1.8492216 1.8475155 2.0498783 2.1308654 1.8701844 1.8324443 1.9775386 1.5759851 2.1610812 2.0163306 2.0280751 2.0373252 2.2443141 2.2028296 2.6826403 2.2054646 0.8717725 0.8010426 1.0097250 1.0097250 0.4291171 1.0825820 1.0825820 1.2848167 1.2848167 1.3343265 1.0898652 0.6534854 0.6534854 1.3272669 1.4381247 2.7876710 1.3272669 0.6488132 0.6687608 1.0898652 0.6488132 1.3772931 1.1317197 2.2005941 0.4920674 1.2855307 4.1435896 1.0020670 1.2907382 2.0112851 1.0020670 1.5605721 1.1948214 1.3648243 1.3648243 1.6800753 1.6800753 1.8326148 1.4303148 1.8531198 1.6527624 1.8531198 1.3169809 1.3826434 1.5358104 1.8613498 1.8613498 1.9649166 1.9649166 1.6278598 2.0826190 1.4998837 1.3644004 2.2005941 1.5715364 1.8326148 1.4142477 1.7138880 1.7138880 2.3801736 2.7551170 2.3567208 3.8074185 1.5561103 1.5369582 1.5547146 1.5369582 1.6606992 1.6973431 1.6606992 1.6973431 1.3841777 1.4953588 1.4953588 1.6974306 1.4689871 2.2694965 1.6858452 1.9955610 1.9715041 2.4321062 3.7259526 2.5257191 2.5257191 2.3650523 2.4225268 3.0113640 3.5494779 3.5494779 1.9583976 2.8920259 2.4780612 2.7595391 1.7745720 1.9987661 2.3829191 2.3205610 2.1034429 2.0131110 1.8971907 
Glyma.14G183800.2.p_Kbox           1.3764701 1.4648434 1.3776817 1.4292321 1.1980318 1.1678948 1.3107919 1.1863879 1.1357254 1.3568825 0.0000000 0.3043229 1.4919038 1.5353502 1.5353502 1.1671036 1.1671036 0.3107200 1.5157632 1.1596614 1.5047004 1.4926827 1.7153729 1.3778708 1.2458577 1.2693211 1.6220269 1.3777175 1.8300078 1.8083275 1.4692291 1.4692291 1.3355688 1.3342297 1.4837802 1.5535275 0.2911043 1.5181481 1.4831810 1.2537512 1.5812922 0.5402035 1.5216226 1.5678812 0.4439306 0.3031501 0.0506937 1.7959403 1.7112559 1.7076057 1.7908450 1.6046197 1.8650422 1.5614781 1.7134681 1.8939272 2.0114884 1.5538400 1.9850520 2.4102059 1.9425522 1.7160736 2.3635007 1.8059416 1.7229187 1.9725011 1.9078879 2.0042572 2.9081651 1.6216813 1.5568007 1.5937843 1.4114493 1.6291687 1.8903808 1.4034945 1.4388552 2.9378125 1.8830195 1.9036104 1.7987464 2.7765007 1.7946940 2.0083333 2.0145122 2.5650627 2.1947929 1.5032203 1.4995847 1.2279789 1.2279789 1.4323537 1.0152659 1.0152659 0.9845278 0.9845278 1.4748695 1.0711815 1.3432892 1.3432892 0.9144298 0.3078851 0.7286799 0.9144298 1.2535334 1.3471874 1.0711815 1.2535334 1.5139631 0.2060328 0.5684865 1.2634970 0.3789154 1.2969026 1.3916668 0.3695754 0.3420734 1.3916668 1.3645107 1.5235015 1.9198374 1.9198374 1.5944073 1.5944073 1.8620216 1.3202911 1.5554930 1.9894757 1.5554930 0.9178862 1.5763858 1.5504500 1.6873136 1.6873136 1.5511260 1.5511260 2.2372400 2.0857682 2.4900580 0.2707426 0.5684865 1.5379861 1.8620216 1.8675450 2.2945613 2.2945613 2.0370491 2.0298591 1.9305990 2.2906344 1.6414371 1.7632005 1.8302122 1.7632005 1.5663561 1.9533888 1.5663561 1.9533888 1.4637835 1.7725810 1.7725810 2.1482606 1.5657023 2.1094690 1.7766253 2.1544584 2.1568090 1.8740545 3.1435154 2.2683097 2.2683097 2.1420594 2.0901278 2.3764829 2.0815578 2.0815578 2.2019498 2.4386161 3.1075213 2.5529384 1.8545882 2.1981819 2.0534663 2.2892473 1.9280547 1.9203918 2.0503812 
Glyma.13G255200.6.p_Kbox           1.3457827 1.4049469 1.3677584 1.3773004 1.1750653 1.2228078 1.3527101 1.3946529 1.3631638 1.3676610 0.3043229 0.0000000 1.5264847 1.5891408 1.5891408 1.2749135 1.2749135 0.0593839 1.5715217 1.3066989 1.5373215 1.5252236 1.6780366 1.4762786 1.4294983 1.4498932 1.5779714 1.4764810 1.7316169 1.7789766 1.5552454 1.5552454 1.4722346 1.4714516 1.4904873 1.5894534 0.4389840 1.6535499 1.6210837 1.4314478 1.5119087 0.4186389 1.6566377 1.6353221 0.3240276 0.4257561 0.3382069 1.7035948 1.7928448 1.6367498 1.7353128 1.5475122 1.9568487 1.4910876 1.6447942 1.7526291 1.8594767 1.5974098 1.8634189 2.0941323 1.8247801 1.7207627 2.0534122 1.9637501 1.7312198 1.9835358 2.0847056 1.9075523 2.8975646 1.5404361 1.6194713 1.6754327 1.6271631 1.6639119 1.8567693 1.6258003 1.5110984 2.9033904 1.9743375 1.7306429 1.7295636 2.8534675 1.6510367 2.1613309 2.0436601 2.4859712 2.0994599 1.3976106 1.3312887 1.2363732 1.2363732 1.5066051 1.1551490 1.1551490 1.0624194 1.0624194 1.4780881 1.1765474 1.5490024 1.5490024 1.0611383 0.4695463 0.9133462 1.0611383 1.4265567 1.5554988 1.1765474 1.4265567 1.4957593 0.3766607 0.7631783 1.3038106 0.3612464 1.2675538 1.5513871 0.4281948 0.4643891 1.5513871 1.4253302 1.3829860 2.0080312 2.0080312 1.7897022 1.7897022 2.0079574 1.3906426 1.8211514 2.1742892 1.8211514 1.0257641 1.8678903 1.6973201 1.6723665 1.6723665 1.4989264 1.4989264 1.7028978 2.0828356 2.3751324 0.4577131 0.7631783 1.6269164 2.0079574 1.9515585 2.1762783 2.1762783 2.2667892 2.2754941 2.1462315 2.4607515 1.9596201 2.0926360 2.0564709 2.0926360 1.7988761 2.1608351 1.7988761 2.1608351 1.7302614 1.8934365 1.8934365 2.1135457 1.8430349 2.2947777 2.0087649 2.4935587 2.4269006 2.0976503 3.9449371 2.4752065 2.4752065 2.5092575 2.5522059 2.7415329 2.5876473 2.5876473 2.4229215 2.2355293 3.0161145 2.5818264 1.6609258 2.2493190 1.9104243 2.5038953 2.1168906 1.9348227 2.0313613 
Glyma.18G273500.1.p_Kbox           0.9918248 1.1161173 1.0220097 1.1459223 0.8395052 0.8759383 0.6713507 1.4382219 1.6386269 0.6741770 1.4919038 1.5264847 0.0000000 0.0865061 0.0865061 1.5178308 1.5178308 1.6317725 0.0118982 1.7013926 1.5552873 1.5617607 1.0540350 1.6551200 0.2548214 0.2718034 0.9248838 1.6611370 1.0625149 1.0642737 1.6308149 1.6308149 0.3456034 0.3413836 0.9744495 1.4879241 1.7376412 0.5444577 0.4614094 1.7088255 0.8835008 1.6211428 0.4593750 0.5485769 1.6584534 1.7383515 1.4342578 1.2240121 1.6884189 1.7623375 1.6930320 1.6318908 1.0462479 0.8746600 1.6414054 1.8294776 1.8621197 1.7069839 1.7278839 2.7033415 1.7799687 0.9447909 2.7025776 1.9916279 0.9705436 1.0465820 2.0770418 1.8892696 2.5394527 1.8574194 1.7438181 1.8689057 1.9942364 1.8220451 1.9994000 2.0025944 1.9688806 2.5214628 1.5995295 2.0735783 2.2373992 2.0873636 2.0139205 2.9794655 2.9113952 2.4844041 1.9864995 0.9039649 0.8510400 0.8806445 0.8806445 0.7561786 1.2828513 1.2828513 1.3113787 1.3113787 1.4347234 1.3114920 0.2454361 0.2454361 1.3770280 1.6301817 2.7310495 1.3770280 0.2664625 0.2725057 1.3114920 0.2664625 1.3659433 1.3390098 1.9287822 0.8197606 1.3489894 3.7270578 0.5662183 1.5663446 2.3384127 0.5662183 1.3873975 1.2240650 1.8373770 1.8373770 1.8568747 1.8568747 1.9006596 1.7443249 2.0100580 1.7447062 2.0100580 1.3670470 1.6464385 1.6391063 1.7524282 1.7524282 1.8093756 1.8093756 2.2089959 2.2369940 1.8107117 1.5302898 1.9287822 1.7909769 1.9006596 1.9087511 1.8065666 1.8065666 3.0347650 2.9482041 2.5916709 3.6023167 1.7893154 1.8030430 1.5984568 1.8030430 1.7175410 1.6990766 1.7175410 1.6990766 1.3638178 1.3666904 1.3666904 1.7385419 1.8816207 2.3287643 1.8539160 2.0381187 2.0815226 2.6710598 3.8347657 3.1785322 3.1785322 3.1770096 3.1299009 3.5574058 3.3017814 3.3017814 2.0717388 2.4426829 2.5122574 2.4006173 1.7671800 1.8806874 2.5880776 2.0760212 1.9954321 1.7623497 1.6881278 
Glyma.13G052700.1.p_Kbox           1.0540855 1.1835961 1.0854535 1.2151929 0.9207537 0.9585211 0.7136348 1.4550187 1.5936716 0.7166854 1.5353502 1.5891408 0.0865061 0.0000000 0.0000010 1.4967907 1.4967907 1.6586462 0.0736435 1.6643589 1.5693182 1.5758173 1.1049295 1.7311681 0.2662218 0.2830418 0.9641536 1.7376327 1.1147262 1.1152944 1.7052781 1.7052781 0.3561793 0.3519207 1.0080867 1.5710299 1.6973004 0.5350178 0.4244197 1.6716672 0.9063758 1.7102599 0.4611816 0.5389895 1.7424315 1.6986490 1.4786419 1.2835994 1.7404605 1.8137613 1.7630950 1.6804449 1.0047518 0.9084636 1.6841751 1.8891588 1.9217606 1.7690666 1.7833185 2.5835109 1.8360754 0.9387477 2.5845945 1.9107397 0.9645570 1.0041230 1.9910451 1.9461412 2.5955628 1.9973048 1.7798284 1.8561746 2.0998834 1.8487252 2.0391788 2.1070752 2.0621332 2.5984117 1.4346160 2.0635040 2.4672633 2.0268840 2.2257594 3.0997847 3.0277694 2.5352119 2.1634913 0.9303202 0.8556503 0.9388565 0.9388565 0.7976591 1.3762721 1.3762721 1.3435278 1.3435278 1.4899384 1.4076386 0.2369276 0.2369276 1.3988214 1.7252823 2.9048740 1.3988214 0.2649211 0.2630328 1.4076386 0.2649211 1.4194890 1.4089904 1.7908180 0.8893847 1.2967569 3.5081991 0.6353813 1.6901580 2.4940674 0.6353813 1.4419683 1.2358646 1.8824724 1.8824724 1.9042001 1.9042001 1.8984058 1.8476718 2.0614078 1.8201985 2.0614078 1.3891134 1.7021782 1.7249654 1.7435126 1.7435126 1.9401812 1.9401812 1.8361402 2.4087070 1.7945323 1.5716535 1.7908180 1.8359498 1.8984058 1.9555994 1.7813080 1.7813080 3.1084105 2.7917842 2.6963601 3.7067834 1.8121091 1.8261093 1.6458894 1.8261093 1.7134529 1.7486902 1.7134529 1.7486902 1.4149361 1.4392479 1.4392479 1.7145814 1.8598716 2.5137721 1.8954182 2.1119417 2.1580543 2.8188033 3.7970398 3.3068091 3.3068091 3.2999171 3.2663111 3.7040434 3.0872669 3.0872669 2.0490542 2.3812578 2.0780114 2.3490623 1.8417758 1.8714073 2.7219404 2.0357300 1.9802713 1.7098654 1.7229039 
Glyma.19G034500.1.p_Kbox           1.0540855 1.1835961 1.0854535 1.2151929 0.9207537 0.9585211 0.7136348 1.4550187 1.5936716 0.7166854 1.5353502 1.5891408 0.0865061 0.0000010 0.0000000 1.4967907 1.4967907 1.6586462 0.0736435 1.6643589 1.5693182 1.5758173 1.1049295 1.7311681 0.2662218 0.2830418 0.9641536 1.7376327 1.1147262 1.1152944 1.7052781 1.7052781 0.3561793 0.3519207 1.0080867 1.5710299 1.6973004 0.5350178 0.4244197 1.6716672 0.9063758 1.7102599 0.4611816 0.5389895 1.7424315 1.6986490 1.4786419 1.2835994 1.7404605 1.8137613 1.7630950 1.6804449 1.0047518 0.9084636 1.6841751 1.8891588 1.9217606 1.7690666 1.7833185 2.5835109 1.8360754 0.9387477 2.5845945 1.9107397 0.9645570 1.0041230 1.9910451 1.9461412 2.5955628 1.9973048 1.7798284 1.8561746 2.0998834 1.8487252 2.0391788 2.1070752 2.0621332 2.5984117 1.4346160 2.0635040 2.4672633 2.0268840 2.2257594 3.0997847 3.0277694 2.5352119 2.1634913 0.9303202 0.8556503 0.9388565 0.9388565 0.7976591 1.3762721 1.3762721 1.3435278 1.3435278 1.4899384 1.4076386 0.2369276 0.2369276 1.3988214 1.7252823 2.9048740 1.3988214 0.2649211 0.2630328 1.4076386 0.2649211 1.4194890 1.4089904 1.7908180 0.8893847 1.2967569 3.5081991 0.6353813 1.6901580 2.4940674 0.6353813 1.4419683 1.2358646 1.8824724 1.8824724 1.9042001 1.9042001 1.8984058 1.8476718 2.0614078 1.8201985 2.0614078 1.3891134 1.7021782 1.7249654 1.7435126 1.7435126 1.9401812 1.9401812 1.8361402 2.4087070 1.7945323 1.5716535 1.7908180 1.8359498 1.8984058 1.9555994 1.7813080 1.7813080 3.1084105 2.7917842 2.6963601 3.7067834 1.8121091 1.8261093 1.6458894 1.8261093 1.7134529 1.7486902 1.7134529 1.7486902 1.4149361 1.4392479 1.4392479 1.7145814 1.8598716 2.5137721 1.8954182 2.1119417 2.1580543 2.8188033 3.7970398 3.3068091 3.3068091 3.2999171 3.2663111 3.7040434 3.0872669 3.0872669 2.0490542 2.3812578 2.0780114 2.3490623 1.8417758 1.8714073 2.7219404 2.0357300 1.9802713 1.7098654 1.7229039 
Glyma.06G324400.2.p_Kbox           1.5549288 1.4817764 1.6121851 1.4348453 1.4151748 1.3721193 1.3895715 0.4691943 0.4386007 1.4043121 1.1671036 1.2749135 1.5178308 1.4967907 1.4967907 0.0000000 0.0000010 1.2279726 1.5427550 0.4930370 1.3365944 1.3301324 1.6314472 0.5454631 1.3651725 1.3593989 1.6864408 0.5239953 1.8241997 1.7294972 0.5312651 0.5312651 1.4709425 1.5502418 1.5403321 1.5547473 1.3943315 1.3906695 1.4098747 0.5264132 1.6378986 1.2555977 1.4610665 1.3860476 1.3665077 1.3855067 1.2383275 1.8840042 1.2843022 1.6947789 1.7159248 1.5621544 1.8799409 1.5942602 1.5985884 1.8906870 1.9132500 1.7763983 1.8867427 2.3464678 1.9014820 1.8185588 2.3272593 1.7177811 1.8483347 1.8554217 1.8404191 1.5124633 2.6853098 1.9146740 1.6908189 1.6525649 1.6927029 1.6979844 2.1010800 1.6534752 1.7465656 2.6573932 1.6840199 2.1876483 1.6732436 2.3554165 1.6331647 2.0716298 2.1270870 2.7457057 2.6367853 1.5768972 1.5023781 1.1264365 1.1264365 1.3665681 0.4763402 0.4763402 0.3762359 0.3762359 1.1760587 0.4740019 1.5018988 1.5018988 0.2132657 1.1032867 3.3881822 0.2132657 1.3614885 1.5755401 0.4740019 1.3614885 1.0739323 1.0352964 2.2763788 1.4472917 1.2498540 2.4777296 1.2320703 1.1984763 3.0552248 1.2320703 1.0789220 1.5092300 1.5807897 1.5807897 1.7303835 1.7303835 1.9955138 1.7719857 1.7317148 1.3004426 1.7317148 0.2258566 2.0071731 1.7351517 2.3186868 2.3186868 1.5519092 1.5519092 2.1273185 2.1339274 2.0521106 1.2119566 2.2763788 1.7119066 1.9955138 1.5761071 1.8935950 1.8935950 2.4566591 3.1571228 2.3153181 3.1096402 2.1276057 2.2013760 1.9845815 2.2013760 1.9045091 2.2945391 1.9045091 2.2945391 1.5460463 1.9013823 1.9013823 1.8727950 1.9129314 2.3024762 1.9831542 2.4094724 2.5297767 2.5399068 3.6890952 2.1179402 2.1179402 2.2441058 2.3533007 2.4301364 3.0111747 3.0111747 2.0249001 2.8424428 2.0077220 2.5647879 1.6307356 2.5864057 2.0620830 1.9749256 1.8938947 1.6890463 1.8118698 
Glyma.04G257100.1.p_Kbox           1.5549288 1.4817764 1.6121851 1.4348453 1.4151748 1.3721193 1.3895715 0.4691943 0.4386007 1.4043121 1.1671036 1.2749135 1.5178308 1.4967907 1.4967907 0.0000010 0.0000000 1.2279726 1.5427550 0.4930370 1.3365944 1.3301324 1.6314472 0.5454631 1.3651725 1.3593989 1.6864408 0.5239953 1.8241997 1.7294972 0.5312651 0.5312651 1.4709425 1.5502418 1.5403321 1.5547473 1.3943315 1.3906695 1.4098747 0.5264132 1.6378986 1.2555977 1.4610665 1.3860476 1.3665077 1.3855067 1.2383275 1.8840042 1.2843022 1.6947789 1.7159248 1.5621544 1.8799409 1.5942602 1.5985884 1.8906870 1.9132500 1.7763983 1.8867427 2.3464678 1.9014820 1.8185588 2.3272593 1.7177811 1.8483347 1.8554217 1.8404191 1.5124633 2.6853098 1.9146740 1.6908189 1.6525649 1.6927029 1.6979844 2.1010800 1.6534752 1.7465656 2.6573932 1.6840199 2.1876483 1.6732436 2.3554165 1.6331647 2.0716298 2.1270870 2.7457057 2.6367853 1.5768972 1.5023781 1.1264365 1.1264365 1.3665681 0.4763402 0.4763402 0.3762359 0.3762359 1.1760587 0.4740019 1.5018988 1.5018988 0.2132657 1.1032867 3.3881822 0.2132657 1.3614885 1.5755401 0.4740019 1.3614885 1.0739323 1.0352964 2.2763788 1.4472917 1.2498540 2.4777296 1.2320703 1.1984763 3.0552248 1.2320703 1.0789220 1.5092300 1.5807897 1.5807897 1.7303835 1.7303835 1.9955138 1.7719857 1.7317148 1.3004426 1.7317148 0.2258566 2.0071731 1.7351517 2.3186868 2.3186868 1.5519092 1.5519092 2.1273185 2.1339274 2.0521106 1.2119566 2.2763788 1.7119066 1.9955138 1.5761071 1.8935950 1.8935950 2.4566591 3.1571228 2.3153181 3.1096402 2.1276057 2.2013760 1.9845815 2.2013760 1.9045091 2.2945391 1.9045091 2.2945391 1.5460463 1.9013823 1.9013823 1.8727950 1.9129314 2.3024762 1.9831542 2.4094724 2.5297767 2.5399068 3.6890952 2.1179402 2.1179402 2.2441058 2.3533007 2.4301364 3.0111747 3.0111747 2.0249001 2.8424428 2.0077220 2.5647879 1.6307356 2.5864057 2.0620830 1.9749256 1.8938947 1.6890463 1.8118698 
Glyma.15G059600.2.p_Kbox           1.3694481 1.4255138 1.3922139 1.3872880 1.2036331 1.2432736 1.3132932 1.3589483 1.3286876 1.3279812 0.3107200 0.0593839 1.6317725 1.6586462 1.6586462 1.2279726 1.2279726 0.0000000 1.6802451 1.2861678 1.5184838 1.5064685 1.6633009 1.4735929 1.3785812 1.3986514 1.5608516 1.4737854 1.7710240 1.7654079 1.5337321 1.5337321 1.4470138 1.4461174 1.4437920 1.5467488 0.4230942 1.6569824 1.5879887 1.3912965 1.5222254 0.4343036 1.6428232 1.6386725 0.3442489 0.4102152 0.3479966 1.7179669 1.8160725 1.6370508 1.7351270 1.5204648 1.8427273 1.4424250 1.5771593 1.8574574 1.9710360 1.5798016 1.9456059 2.0735609 1.9046258 1.7069976 2.0332971 1.9929318 1.7344706 1.8656708 2.1151017 1.9258363 2.8299913 1.6025840 1.6002604 1.6231872 1.6699280 1.6348013 1.8197058 1.6686625 1.5761337 2.8360942 2.0108411 1.6736922 1.7842641 2.8512308 1.7066936 2.2215201 2.1004231 2.5470051 2.1588764 1.4495132 1.4222844 1.1698506 1.1698506 1.4459199 1.1739082 1.1739082 1.0575522 1.0575522 1.4862984 1.1959108 1.5595917 1.5595917 1.0437161 0.4464681 0.9040560 1.0437161 1.3980964 1.5662463 1.1959108 1.3980964 1.4760171 0.4138765 0.6767282 1.2563751 0.3985533 1.4935527 1.6125206 0.4542849 0.4512019 1.6125206 1.4054485 1.4134946 2.0561709 2.0561709 1.8086902 1.8086902 2.0933943 1.2945633 1.8694212 2.1806039 1.8694212 1.0085332 1.8578174 1.7142284 1.6271908 1.6271908 1.5203275 1.5203275 1.5848860 2.1031964 2.3482448 0.4703190 0.6767282 1.6435080 2.0933943 1.9977205 2.1069019 2.1069019 2.1783262 2.2242295 2.1583115 2.5829893 1.7791839 1.9013941 2.0442669 1.9013941 1.7826102 2.1500362 1.7826102 2.1500362 1.6844431 1.8769187 1.8769187 2.0465065 1.7228910 2.3281083 2.0773634 2.4852625 2.4174882 2.0590245 3.8790474 2.3685463 2.3685463 2.4285455 2.4669485 2.7349574 2.6029961 2.6029961 2.4504022 2.3729192 3.3019881 2.6547092 1.4152455 2.3107370 1.9901868 2.3649488 2.0772831 1.7962892 1.9265622 
Glyma.08G250700.1.p_Kbox           1.0065060 1.1325852 1.0371016 1.1629432 0.8662348 0.9032236 0.6950090 1.4126437 1.6104866 0.6979718 1.5157632 1.5715217 0.0118982 0.0736435 0.0736435 1.5427550 1.5427550 1.6802451 0.0000000 1.6812974 1.5805443 1.5871833 1.0702315 1.6811165 0.2492287 0.2658604 0.9393951 1.6873021 1.0791694 1.0805529 1.6562068 1.6562068 0.3381051 0.3340291 1.0050054 1.5335406 1.7675260 0.5228510 0.4684829 1.6886275 0.8971783 1.6691550 0.4664105 0.5267629 1.7073850 1.7677557 1.4651685 1.2437722 1.7411195 1.7651623 1.7152213 1.6804361 1.0598482 0.9041750 1.6892359 1.8326198 1.8652479 1.7632277 1.7310400 2.7297866 1.7831271 0.9464866 2.7290392 1.9945921 0.9723897 1.0605050 2.0799978 1.9472843 2.5746983 1.8865438 1.7998558 1.9290942 2.0316899 1.8529301 2.0323405 2.0397176 2.0030317 2.5562625 1.6340806 2.1073920 2.3186228 2.1291056 2.0875184 3.0231045 2.9524641 2.5453171 2.0582141 0.8780418 0.8709792 0.9009812 0.9009812 0.7742453 1.3068740 1.3068740 1.2766449 1.2766449 1.5012546 1.3362793 0.2373551 0.2373551 1.4077756 1.6693635 2.7310495 1.4077756 0.2435140 0.2635320 1.3362793 0.2435140 1.4297690 1.3715630 1.9287822 0.8589362 1.3112399 3.7270578 0.5786307 1.6054899 2.3384127 0.5786307 1.4526737 1.2784359 1.8814277 1.8814277 1.9032807 1.9032807 1.8481204 1.7807779 2.0610542 1.7826797 2.0610542 1.3981027 1.6822270 1.6760331 1.7833615 1.7833615 1.8869694 1.8869694 2.2089959 2.3441961 1.8541287 1.5653462 1.9287822 1.8347995 1.8481204 1.9548266 1.8829428 1.8829428 3.0966268 2.8522653 2.6423621 3.6126013 1.8311145 1.8452999 1.6338046 1.8452999 1.7586801 1.7714601 1.7586801 1.7714601 1.3963961 1.4293060 1.4293060 1.8113694 1.9405347 2.3335813 1.9062775 2.0425039 2.0860407 2.7285226 3.7143899 3.2387524 3.2387524 3.2321491 3.1847418 3.6367112 3.1801368 3.1801368 2.1629617 2.3946293 2.5122574 2.4720394 1.7671800 1.9814053 2.6901175 2.2099527 2.1202359 1.8927454 1.8802471 
Glyma.08G120600.1.p_Kbox           1.5649774 1.4857995 1.5819319 1.4991439 1.5536407 1.5178024 1.3065889 0.1969710 0.1852338 1.3473354 1.1596614 1.3066989 1.7013926 1.6643589 1.6643589 0.4930370 0.4930370 1.2861678 1.6812974 0.0000000 1.4315799 1.4252597 1.7584978 0.4516660 1.4778192 1.5049513 1.5725717 0.4681853 2.0872727 1.9110724 0.5253899 0.5253899 1.5803093 1.6620969 1.6283176 1.5766669 1.4469153 1.5892906 1.6644963 0.0448602 1.5951740 1.3062144 1.7220882 1.5863624 1.3889267 1.3936337 1.2363849 2.0553056 1.5259944 1.8713714 1.9343868 1.7896311 1.9656022 1.6567220 1.8234805 1.9430620 1.9651646 1.7067365 2.1041496 2.3199336 2.1014289 1.9881812 2.3304213 1.7465457 2.0037480 1.9125398 1.9035237 1.7585023 2.5824718 1.8748296 1.7690908 1.7016962 1.9782259 2.1075415 2.2081436 1.8182365 1.9125905 2.5778900 1.6760650 2.1688549 1.8603851 2.6441645 1.7350332 2.5849641 2.5587696 2.8195793 2.9517333 1.5638835 1.5464093 1.3047257 1.3047257 1.3820986 0.4231893 0.4231893 0.4775859 0.4775859 1.3227962 0.4311782 1.6010904 1.6010904 0.5277094 1.1474741 3.0243399 0.5277094 1.5772325 1.6751038 0.4311782 1.5772325 1.4166143 0.9137108 1.9673352 1.4130613 1.1333270 2.8980957 1.5273889 1.2204753 2.6698197 1.5273889 1.3738863 1.7781280 1.6760932 1.6760932 1.6864068 1.6864068 1.9425374 1.7429643 1.6796175 1.5614767 1.6796175 0.5268187 2.0020999 1.8058499 2.3580626 2.3580626 1.6097368 1.6097368 2.0242827 2.1564393 2.0846929 1.1472855 1.9673352 1.6757317 1.9425374 1.6765026 2.2194338 2.2194338 2.2838597 2.7474319 2.4780601 2.8302876 2.0534508 2.1613173 2.1870713 2.1613173 2.0189060 2.4566271 2.0189060 2.4566271 1.4833212 1.8708233 1.8708233 2.1896600 1.8481708 2.6063932 2.1634513 2.4652835 2.4345381 2.6230249 2.6729710 2.6280918 2.6280918 3.3518994 3.1224832 2.5138830 2.5178273 2.5178273 2.5212817 3.2005650 1.7972897 2.5582286 1.6860642 2.7554389 2.1597546 2.6555715 2.3315387 2.2164532 2.3250115 
