183
HanXRQChr08g0223671_MADS           0.0000000 0.1454276 0.1692555 0.1668530 0.1668530 0.0655921 0.0655921 0.0667769 0.0653133 0.4243134 0.1926199 0.0653974 0.4548694 0.5485620 0.1734950 0.1734950 0.3016662 0.3720728 0.1627357 0.1627357 0.2723197 0.1739974 0.3469248 0.2381305 0.3393640 0.2381305 0.3284154 0.3018655 0.4342060 0.2395769 0.2395769 0.2458008 0.3342857 0.3897007 0.3863154 0.5991034 0.3897007 0.1628572 0.2134704 0.5702129 0.5099119 0.5099119 0.3758113 0.5132369 0.4387424 0.5184821 0.2639615 0.4477350 0.2130923 0.4431073 0.4606193 0.5217030 0.5073065 0.5073065 0.6121270 0.0212336 0.1454276 0.1951314 0.1951314 0.1727802 0.1974161 1.6614615 0.3365009 0.2783008 0.2978761 0.4074126 0.4074126 0.1924168 0.1924168 0.1107438 0.3410593 0.1122262 0.2293024 0.1594685 0.3619511 0.3619511 0.1122262 0.2701312 0.8239854 0.3537771 0.3564248 0.3564248 0.3710133 0.4085809 0.1098828 0.3657008 0.2274916 0.3781180 0.2590168 0.6841557 0.2590168 0.4750438 0.4147933 0.3779514 0.6439913 0.8349383 0.3875530 0.3875530 0.7601856 0.5002353 0.5002353 0.6944638 0.7446542 0.5032102 0.5916267 0.5916267 0.5032102 0.5118339 0.5118339 0.4735184 0.5112917 0.5112917 0.4735184 1.1693254 0.4345550 0.8088263 0.6779780 0.5429698 0.5429698 0.6149877 0.6149877 0.7915215 1.0244965 0.7140264 0.7140264 1.0070573 2.1535608 0.9797039 1.2213572 1.3543856 0.7866864 1.1288603 1.1288603 1.0805909 1.6604355 1.4477780 1.3300216 1.2331978 1.2488056 1.1892948 1.2426844 3.0238625 1.5174958 1.4282970 0.8701275 2.2802056 0.9141173 2.1755128 1.8031288 1.8031288 1.7473300 0.9938437 1.9007209 1.8681702 2.1080467 1.4086807 1.4086807 1.8147562 1.5793081 1.5793081 1.5926545 1.0170421 1.4494461 1.5581473 1.3279748 2.1154507 1.2635324 1.7309120 1.1070539 1.7276556 1.5759442 1.6162429 2.0736663 1.6073988 1.6958781 1.0316051 2.0643082 1.1362389 0.9003019 1.8138354 1.7322446 1.0877348 1.4229321 
HanXRQChr04g0122131_MADS           0.1454276 0.0000000 0.0439610 0.1866749 0.1866749 0.1500578 0.1500578 0.1714433 0.1445652 0.3754435 0.2120297 0.1673818 0.3833682 0.5058789 0.0212496 0.0212496 0.2944170 0.3351372 0.2699467 0.2699467 0.2621799 0.0213178 0.3653495 0.2882920 0.2963665 0.2882920 0.3457840 0.2998771 0.4701817 0.3520551 0.3520551 0.2577088 0.3171751 0.3439429 0.2524384 0.5552600 0.3439429 0.2636624 0.2847376 0.5123173 0.5188899 0.5188899 0.3289584 0.5022373 0.3882813 0.5277253 0.3106084 0.3916829 0.3209099 0.4061991 0.4652841 0.6033650 0.5625897 0.5625897 0.5587412 0.1166071 0.0000010 0.1867546 0.1867546 0.0423909 0.0424110 1.8397341 0.2748959 0.2838770 0.2376738 0.3374096 0.3374096 0.1900295 0.1900295 0.2013978 0.2978222 0.2041835 0.3298486 0.2801779 0.2782772 0.2782772 0.2041835 0.3138903 0.7589884 0.2881213 0.3117797 0.3117797 0.3263055 0.3599968 0.2273853 0.4167357 0.3327908 0.3688458 0.1627083 0.6925018 0.1627083 0.4099482 0.4044154 0.3529963 0.5982089 0.7988208 0.3899146 0.3899146 0.7240572 0.4480126 0.4480126 0.7033632 0.7119805 0.4889419 0.5604375 0.5604375 0.4889419 0.5185528 0.5185528 0.4947637 0.6797081 0.6797081 0.4947637 1.1714078 0.4732566 0.7451364 0.6189805 0.5589010 0.5589010 0.6348420 0.6348420 0.7495847 1.0533896 0.6383878 0.6383878 1.0161463 2.3414230 1.0346470 0.9773878 1.2203658 0.6946707 1.0162109 1.0162109 0.9509819 1.4168537 1.3088183 0.8660506 1.0708830 1.0469520 1.0500364 1.2703108 1.9781233 1.4966396 1.2665524 0.8854157 2.0338049 0.9537186 1.9431899 1.7447985 1.7447985 1.6912706 1.0156555 1.8365614 1.6577334 2.0078539 1.4511397 1.4511397 1.8234062 1.5567596 1.5567596 1.4136651 1.0405044 1.4297160 1.5362390 1.1783864 2.0370593 1.2524935 1.4561090 1.1348181 1.7689529 1.3840419 1.6189665 1.9760325 1.4148091 1.5710924 1.0607087 1.9674014 1.1626789 1.1165497 1.7240983 1.5484365 1.2040758 1.0454087 
HanXRQChr12g0358721_MADS           0.1692555 0.0439610 0.0000000 0.2457556 0.2457556 0.2107120 0.2107120 0.2027418 0.2035410 0.3989961 0.2729753 0.2272256 0.4076286 0.5309091 0.0672712 0.0672712 0.3174777 0.3582764 0.3020494 0.3020494 0.2848523 0.0674834 0.3492761 0.3202377 0.3193963 0.3202377 0.3681277 0.3393597 0.4938280 0.3870273 0.3870273 0.3241572 0.3492941 0.4228809 0.3190146 0.5806877 0.4228809 0.2955210 0.3163683 0.4548725 0.5021066 0.5021066 0.3528956 0.4860122 0.4119765 0.5096517 0.3391714 0.4142738 0.3544681 0.4302954 0.5030121 0.6255375 0.5846177 0.5846177 0.5856129 0.1724696 0.0439610 0.2458563 0.2458563 0.0644527 0.0428815 1.8397341 0.2985390 0.3070157 0.2604841 0.3592982 0.3592982 0.2501259 0.2501259 0.2649686 0.3209457 0.2686009 0.3635279 0.3113074 0.3093293 0.3093293 0.2686009 0.3478265 0.7471409 0.3128148 0.3353347 0.3353347 0.3495568 0.3839462 0.2518553 0.3976081 0.3667588 0.3561577 0.2204007 0.6671164 0.2204007 0.3966372 0.3903564 0.3887225 0.6227469 0.8507507 0.4138291 0.4138291 0.6930443 0.4726546 0.4726546 0.7347991 0.7429417 0.5141602 0.5401378 0.5401378 0.5141602 0.5427579 0.5427579 0.5219322 0.6462788 0.6462788 0.5219322 1.1185429 0.4572698 0.7726055 0.6155026 0.5834877 0.5834877 0.6598921 0.6598921 0.7442340 1.0845219 0.6655973 0.6655973 1.0058345 2.3414230 1.0653569 0.9601975 1.1728825 0.7480830 1.0040700 1.0040700 0.9509819 1.3626902 1.2654301 0.8660506 1.0328244 1.0469520 1.0500364 1.3055031 1.9781233 1.4505591 1.2055350 0.8854157 2.0353636 0.9537186 1.9425455 1.7392357 1.7392357 1.6844735 0.9801182 1.8331040 1.6077065 2.0088238 1.4413140 1.4413140 1.7779374 1.5481986 1.5481986 1.4136651 1.0275945 1.4195827 1.5274554 1.0886227 1.9916845 1.2077394 1.2980881 1.1348181 1.6221386 1.2251345 1.5493266 1.8200412 1.2550220 1.5710924 1.0446813 1.7109223 1.1626789 1.1773348 1.7147550 1.4798512 1.2040758 1.0055254 
HanXRQChr16g0519321_MADS           0.1668530 0.1866749 0.2457556 0.0000000 0.0000010 0.1637757 0.1637757 0.1925304 0.1629852 0.4835498 0.0210346 0.1633080 0.4528920 0.5176553 0.2143850 0.2143850 0.2394676 0.3182066 0.2728441 0.2728441 0.3348865 0.2149307 0.3427691 0.2969880 0.3960314 0.2969880 0.3609143 0.3052430 0.4220484 0.2993259 0.2993259 0.0889005 0.2929296 0.4190100 0.2445110 0.5673835 0.4190100 0.3250302 0.2714429 0.5656884 0.4770857 0.4770857 0.3742573 0.4799764 0.4342731 0.4849488 0.2848289 0.3832206 0.3220081 0.4749543 0.5135464 0.4741542 0.4931832 0.4931832 0.6176691 0.1377516 0.1866749 0.0423546 0.0423546 0.2369303 0.2369967 1.6614615 0.4028412 0.3699304 0.2924227 0.3034003 0.3034003 0.0637443 0.0637443 0.1643651 0.3372466 0.2153363 0.2898062 0.2134808 0.3554759 0.3554759 0.2153363 0.3362392 0.9090569 0.3886538 0.3531049 0.3531049 0.4278724 0.4715659 0.3034371 0.3742749 0.2888890 0.3127074 0.2429757 0.8067337 0.2429757 0.5318755 0.3470980 0.3952812 0.7044932 0.9176629 0.4686730 0.4686730 0.8339730 0.5248261 0.5248261 0.8213636 0.7817651 0.4825262 0.5388493 0.5388493 0.4825262 0.5633352 0.5633352 0.4859468 0.6552175 0.6552175 0.4859468 1.1631075 0.4860502 0.7094353 0.6687607 0.5961960 0.5961960 0.6760551 0.6760551 0.7834284 1.1271893 0.6661296 0.6661296 1.1567658 2.4191054 1.0779840 1.1805935 1.4176059 0.7943863 1.1634603 1.1634603 1.1092398 1.5957958 1.4351179 0.8882614 1.1935992 1.1625761 1.2010084 1.3621052 2.7431685 1.3915169 1.3366381 1.0123792 2.2039191 0.9303980 2.1043500 2.0534562 2.0534562 1.9954453 1.0691849 2.1631903 1.9127339 2.2672732 1.5853458 1.5853458 1.7645864 1.6264921 1.6264921 1.4938838 1.2187227 1.4778170 1.5678945 1.4289869 2.2639170 1.3489446 1.5166014 1.1310381 1.9543165 1.5614304 1.7514126 2.1104025 1.5937440 1.6207948 1.2323902 2.1011380 1.2628074 1.0544693 1.9743277 1.7879257 1.0877348 1.3033899 
HanXRQChr05g0147261_MADS           0.1668530 0.1866749 0.2457556 0.0000010 0.0000000 0.1637757 0.1637757 0.1925304 0.1629852 0.4835498 0.0210346 0.1633080 0.4528920 0.5176553 0.2143850 0.2143850 0.2394676 0.3182066 0.2728441 0.2728441 0.3348865 0.2149307 0.3427691 0.2969880 0.3960314 0.2969880 0.3609143 0.3052430 0.4220484 0.2993259 0.2993259 0.0889005 0.2929296 0.4190100 0.2445110 0.5673835 0.4190100 0.3250302 0.2714429 0.5656884 0.4770857 0.4770857 0.3742573 0.4799764 0.4342731 0.4849488 0.2848289 0.3832206 0.3220081 0.4749543 0.5135464 0.4741542 0.4931832 0.4931832 0.6176691 0.1377516 0.1866749 0.0423546 0.0423546 0.2369303 0.2369967 1.6614615 0.4028412 0.3699304 0.2924227 0.3034003 0.3034003 0.0637443 0.0637443 0.1643651 0.3372466 0.2153363 0.2898062 0.2134808 0.3554759 0.3554759 0.2153363 0.3362392 0.9090569 0.3886538 0.3531049 0.3531049 0.4278724 0.4715659 0.3034371 0.3742749 0.2888890 0.3127074 0.2429757 0.8067337 0.2429757 0.5318755 0.3470980 0.3952812 0.7044932 0.9176629 0.4686730 0.4686730 0.8339730 0.5248261 0.5248261 0.8213636 0.7817651 0.4825262 0.5388493 0.5388493 0.4825262 0.5633352 0.5633352 0.4859468 0.6552175 0.6552175 0.4859468 1.1631075 0.4860502 0.7094353 0.6687607 0.5961960 0.5961960 0.6760551 0.6760551 0.7834284 1.1271893 0.6661296 0.6661296 1.1567658 2.4191054 1.0779840 1.1805935 1.4176059 0.7943863 1.1634603 1.1634603 1.1092398 1.5957958 1.4351179 0.8882614 1.1935992 1.1625761 1.2010084 1.3621052 2.7431685 1.3915169 1.3366381 1.0123792 2.2039191 0.9303980 2.1043500 2.0534562 2.0534562 1.9954453 1.0691849 2.1631903 1.9127339 2.2672732 1.5853458 1.5853458 1.7645864 1.6264921 1.6264921 1.4938838 1.2187227 1.4778170 1.5678945 1.4289869 2.2639170 1.3489446 1.5166014 1.1310381 1.9543165 1.5614304 1.7514126 2.1104025 1.5937440 1.6207948 1.2323902 2.1011380 1.2628074 1.0544693 1.9743277 1.7879257 1.0877348 1.3033899 
HanXRQChr15g0489071_MADS           0.0655921 0.1500578 0.2107120 0.1637757 0.1637757 0.0000000 0.0000010 0.0884004 0.0212635 0.4794528 0.1889458 0.0424097 0.5122332 0.6003520 0.1785728 0.1785728 0.3534903 0.3582189 0.1572270 0.1572270 0.3194519 0.1790900 0.3980397 0.2599148 0.3893631 0.2599148 0.3965775 0.3602863 0.4206027 0.2616276 0.2616276 0.2408401 0.3799765 0.4014618 0.3610173 0.6534365 0.4014618 0.1850182 0.2578477 0.6593572 0.5452309 0.5452309 0.4204275 0.5490331 0.4856755 0.5545240 0.2859397 0.4737569 0.2351055 0.4982844 0.4249867 0.6009193 0.5839181 0.5839181 0.6659035 0.0422225 0.1500578 0.1684661 0.1684661 0.2026087 0.2026668 1.6614615 0.3888211 0.3277953 0.3246793 0.4423377 0.4423377 0.1660757 0.1660757 0.0420828 0.3912890 0.0426461 0.2419501 0.2029255 0.3769602 0.3769602 0.0426461 0.3023387 0.9318027 0.4091569 0.4079106 0.4079106 0.4225855 0.4542749 0.1635182 0.4314664 0.2403921 0.4343185 0.2513741 0.8269577 0.2513741 0.4600615 0.4737088 0.3819161 0.7221148 0.9398016 0.4512250 0.4512250 0.9193037 0.5491286 0.5491286 0.8423806 0.9062616 0.5175988 0.6647384 0.6647384 0.5175988 0.5851580 0.5851580 0.4978005 0.4709163 0.4709163 0.4978005 1.2577968 0.5185757 0.8373681 0.7262153 0.5883825 0.5883825 0.6640359 0.6640359 0.8205932 1.1316600 0.6838014 0.6838014 1.0482396 2.2180355 1.0815358 1.2363456 1.4620245 0.8151203 1.2331121 1.2331121 1.1072565 1.6960544 1.5407499 1.3300216 1.3127971 1.3137293 1.2089207 1.3693948 3.5963195 1.5917352 1.4731297 0.8914655 2.4565711 0.9301743 2.3452414 2.0617579 2.0617579 2.0037583 1.1001095 2.1716893 1.8944408 2.2869236 1.5432608 1.5432608 1.8095750 1.7267963 1.7267963 1.7342334 1.1470802 1.5879339 1.7028460 1.4429862 2.1972327 1.4013699 1.8120417 1.1327662 1.9714216 1.7003629 1.8140795 2.2168051 1.7323939 1.7798843 1.0949687 2.2070170 1.1687185 0.9774098 2.0165747 1.7388149 1.0877348 1.4059796 
HanXRQChr12g0361321_MADS           0.0655921 0.1500578 0.2107120 0.1637757 0.1637757 0.0000010 0.0000000 0.0884004 0.0212635 0.4794528 0.1889458 0.0424097 0.5122332 0.6003520 0.1785728 0.1785728 0.3534903 0.3582189 0.1572270 0.1572270 0.3194519 0.1790900 0.3980397 0.2599148 0.3893631 0.2599148 0.3965775 0.3602863 0.4206027 0.2616276 0.2616276 0.2408401 0.3799765 0.4014618 0.3610173 0.6534365 0.4014618 0.1850182 0.2578477 0.6593572 0.5452309 0.5452309 0.4204275 0.5490331 0.4856755 0.5545240 0.2859397 0.4737569 0.2351055 0.4982844 0.4249867 0.6009193 0.5839181 0.5839181 0.6659035 0.0422225 0.1500578 0.1684661 0.1684661 0.2026087 0.2026668 1.6614615 0.3888211 0.3277953 0.3246793 0.4423377 0.4423377 0.1660757 0.1660757 0.0420828 0.3912890 0.0426461 0.2419501 0.2029255 0.3769602 0.3769602 0.0426461 0.3023387 0.9318027 0.4091569 0.4079106 0.4079106 0.4225855 0.4542749 0.1635182 0.4314664 0.2403921 0.4343185 0.2513741 0.8269577 0.2513741 0.4600615 0.4737088 0.3819161 0.7221148 0.9398016 0.4512250 0.4512250 0.9193037 0.5491286 0.5491286 0.8423806 0.9062616 0.5175988 0.6647384 0.6647384 0.5175988 0.5851580 0.5851580 0.4978005 0.4709163 0.4709163 0.4978005 1.2577968 0.5185757 0.8373681 0.7262153 0.5883825 0.5883825 0.6640359 0.6640359 0.8205932 1.1316600 0.6838014 0.6838014 1.0482396 2.2180355 1.0815358 1.2363456 1.4620245 0.8151203 1.2331121 1.2331121 1.1072565 1.6960544 1.5407499 1.3300216 1.3127971 1.3137293 1.2089207 1.3693948 3.5963195 1.5917352 1.4731297 0.8914655 2.4565711 0.9301743 2.3452414 2.0617579 2.0617579 2.0037583 1.1001095 2.1716893 1.8944408 2.2869236 1.5432608 1.5432608 1.8095750 1.7267963 1.7267963 1.7342334 1.1470802 1.5879339 1.7028460 1.4429862 2.1972327 1.4013699 1.8120417 1.1327662 1.9714216 1.7003629 1.8140795 2.2168051 1.7323939 1.7798843 1.0949687 2.2070170 1.1687185 0.9774098 2.0165747 1.7388149 1.0877348 1.4059796 
HanXRQChr12g0358711_MADS           0.0667769 0.1714433 0.2027418 0.1925304 0.1925304 0.0884004 0.0884004 0.0000000 0.0880141 0.4153852 0.2187814 0.0881423 0.5265047 0.6257493 0.2003557 0.2003557 0.3801893 0.3629883 0.2113060 0.2113060 0.2631375 0.2009104 0.3372618 0.2884224 0.3302145 0.2884224 0.4070776 0.3874653 0.4674260 0.2905797 0.2905797 0.2592852 0.3253828 0.4217652 0.4178544 0.6803375 0.4217652 0.2116428 0.2634370 0.5716065 0.4587229 0.4587229 0.4421274 0.4614946 0.5084257 0.4927081 0.2584957 0.5374681 0.2630897 0.4345064 0.4446045 0.5835059 0.5667247 0.5667247 0.6916659 0.0429423 0.1714433 0.2214803 0.2214803 0.1982649 0.1951301 1.6614615 0.3992966 0.3363041 0.3750578 0.4907811 0.4907811 0.2184855 0.2184855 0.1112414 0.3318832 0.1360355 0.2811470 0.2070687 0.4211959 0.4211959 0.1360355 0.3259607 0.7992043 0.4207685 0.3471832 0.3471832 0.3619669 0.4764171 0.1652199 0.3693194 0.2535592 0.3772215 0.2601610 0.8273340 0.2601610 0.4271486 0.4138380 0.3681394 0.7606203 0.9852741 0.4732237 0.4732237 0.7669530 0.4922233 0.4922233 0.8611268 0.8337668 0.5764372 0.5903953 0.5903953 0.5764372 0.6108631 0.6108631 0.5501307 0.4711820 0.4711820 0.5501307 1.2014933 0.5337575 0.9045130 0.5653973 0.6458186 0.6458186 0.7264317 0.7264317 0.7786752 1.1961903 0.8075949 0.8075949 1.0632281 2.1535608 1.1432642 1.2158117 1.3232067 0.8913700 1.1697406 1.1697406 1.1182930 1.6144587 1.5167384 1.3300216 1.2442433 1.2832633 1.2299113 1.4434490 3.0238625 1.6999314 1.4396401 0.8999799 2.5961287 0.9458122 2.4757331 2.0934076 2.0934076 2.0347760 1.0895258 2.2056962 1.7660874 2.4229657 1.6251547 1.6251547 1.7391690 1.8192105 1.8192105 1.5926545 1.2187363 1.6730581 1.7931200 1.4702575 2.0512333 1.3846473 1.8551645 1.2023969 1.8148227 1.7390797 1.6134094 1.9619276 1.7717062 1.7516170 1.2850243 2.0141917 1.1362389 1.2107177 2.2827613 1.4816091 1.1567466 1.3759644 
HanXRQChr00c0029g0571181_MADS      0.0653133 0.1445652 0.2035410 0.1629852 0.1629852 0.0212635 0.0212635 0.0880141 0.0000000 0.4762405 0.1880115 0.0422392 0.5086952 0.5784490 0.1722844 0.1722844 0.3426807 0.3953015 0.1839147 0.1839147 0.3175874 0.1727783 0.3955260 0.2307915 0.3869550 0.2307915 0.3940551 0.3492127 0.4573715 0.2321042 0.2321042 0.2396006 0.3778058 0.3840656 0.3506237 0.6305137 0.3840656 0.1579478 0.2565315 0.6545249 0.5396423 0.5396423 0.4017244 0.5433419 0.4658562 0.5487579 0.2843086 0.4611518 0.2065472 0.4949492 0.4455246 0.5967695 0.5800003 0.5800003 0.6484640 0.0420526 0.1445652 0.1410166 0.1410166 0.1958464 0.1959016 1.6614615 0.3863091 0.3257808 0.3276004 0.4444885 0.4444885 0.1389818 0.1389818 0.0645944 0.3888590 0.0654640 0.2500419 0.2019536 0.3787846 0.3787846 0.0654640 0.2932847 0.9107742 0.4063635 0.4053221 0.4053221 0.4198990 0.4350371 0.1366921 0.4288459 0.2485520 0.4222196 0.2525742 0.8077053 0.2525742 0.5009258 0.4608869 0.3709081 0.7046179 0.9193757 0.4321314 0.4321314 0.8978452 0.5284250 0.5284250 0.8224703 0.8843967 0.4974309 0.6483937 0.6483937 0.4974309 0.5629685 0.5629685 0.4942132 0.4879972 0.4879972 0.4942132 1.2313625 0.5148115 0.8187128 0.7281252 0.6144846 0.6144846 0.6916052 0.6916052 0.8285326 1.1150297 0.6663102 0.6663102 1.0547233 2.2180355 1.0660191 1.2067139 1.4312370 0.7940735 1.2041384 1.2041384 1.0783855 1.6607007 1.5061378 1.3300216 1.2816703 1.2813694 1.1785233 1.3485344 3.5963195 1.5759345 1.4402539 0.8674801 2.4127731 0.9278371 2.3028852 2.0169817 2.0169817 1.9590951 1.0302801 2.1252443 1.8562530 2.2421355 1.5520868 1.5520868 1.8213321 1.7374893 1.7374893 1.7342334 1.1532853 1.5972730 1.7132060 1.4082253 2.1554039 1.3150922 1.7713542 1.1327662 1.9288872 1.6618270 1.7744532 2.1754072 1.6938510 1.7394722 1.1019090 2.1657352 1.1687185 0.9513500 1.9499007 1.6760056 1.0877348 1.3166127 
HanXRQChr10g0299591_MADS           0.4243134 0.3754435 0.3989961 0.4835498 0.4835498 0.4794528 0.4794528 0.4153852 0.4762405 0.0000000 0.4583096 0.4776379 0.3806003 0.4769927 0.4122785 0.4122785 0.5324843 0.2268157 0.5056162 0.5056162 0.2695675 0.4129986 0.3282344 0.5337259 0.1914606 0.5337259 0.4917057 0.5460070 0.5819172 0.6142608 0.6142608 0.5835012 0.4407484 0.4435053 0.6322756 0.5226619 0.4435053 0.5106171 0.5047589 0.5025864 0.5707845 0.5707845 0.4061642 0.5815355 0.4029585 0.5800172 0.3994727 0.7280762 0.5745769 0.2449437 0.6891060 0.6665805 0.6004527 0.6004527 0.6672723 0.4089501 0.3754435 0.5402899 0.5402899 0.3699890 0.4372433 0.9346846 0.3555208 0.1914160 0.3599629 0.3984089 0.3984089 0.5150009 0.5150009 0.5111713 0.1916565 0.5497948 0.5412464 0.4960272 0.3551399 0.3551399 0.5497948 0.5608510 0.5862655 0.3414046 0.1895109 0.1895109 0.2059144 0.4274639 0.4614271 0.5676537 0.5382937 0.6296253 0.4346196 0.7255946 0.4346196 0.2699306 0.6750460 0.4309572 0.5936268 0.7490375 0.5341569 0.5341569 0.6178830 0.4097740 0.4097740 0.7719834 0.6649508 0.4988916 0.9099748 0.9099748 0.4988916 0.5188501 0.5188501 0.4773716 0.7517294 0.7517294 0.4773716 1.2579513 0.5486353 0.8469434 0.6648813 0.5496187 0.5496187 0.5665076 0.5665076 0.8473588 1.1382135 0.7409047 0.7409047 0.9509882 2.0793756 1.1181571 1.0911465 1.2383161 0.6983907 1.1987317 1.1987317 1.2733154 1.4958159 1.3299175 1.0852068 1.1279565 1.1627213 1.3126753 1.4417140 2.1095567 1.0988701 1.3396128 1.2424810 1.9765589 1.2081512 1.8854805 1.7435905 1.7435905 1.6883593 0.9708892 1.8383521 1.9346439 1.9572931 1.5580528 1.5580528 1.7523436 1.6316898 1.6316898 1.4053358 1.1508488 1.4924332 1.5823587 1.0794809 2.0302629 1.2318196 1.4847917 1.2500731 1.7829483 1.4900015 1.6710431 2.0675249 1.4692523 1.7989577 1.1152822 2.0582988 1.0301695 1.0235094 1.5628434 1.7381709 1.2372944 1.2401620 
HanXRQChr01g0007431_MADS           0.1926199 0.2120297 0.2729753 0.0210346 0.0210346 0.1889458 0.1889458 0.2187814 0.1880115 0.4583096 0.0000000 0.1884100 0.4487457 0.5134733 0.2405674 0.2405674 0.2691264 0.2988195 0.2722269 0.2722269 0.3642038 0.2411520 0.3729779 0.2915713 0.3648113 0.2915713 0.3678959 0.3367774 0.4531387 0.2704947 0.2704947 0.1121079 0.2876533 0.3857874 0.2439298 0.5632960 0.3857874 0.2959348 0.2664354 0.5615863 0.5108629 0.5108629 0.3702205 0.5141261 0.4302138 0.5192619 0.2553715 0.4156218 0.2932508 0.5087846 0.5483809 0.5074143 0.5263573 0.5263573 0.6601342 0.1622428 0.2120297 0.0641026 0.0641026 0.2631820 0.2632619 1.3156814 0.3987981 0.4005642 0.2622681 0.2740438 0.2740438 0.0857237 0.0857237 0.1896665 0.3072334 0.2415074 0.2715770 0.1871576 0.3255201 0.3255201 0.2415074 0.3296337 0.8673535 0.3844480 0.3837103 0.3837103 0.4364300 0.4675141 0.2743119 0.4050119 0.2833522 0.3436441 0.2697775 0.7585219 0.2697775 0.5420739 0.3789907 0.3876221 0.6601019 0.8771661 0.5041210 0.5041210 0.8221471 0.5148167 0.5148167 0.7999864 0.7661214 0.5171923 0.5499307 0.5499307 0.5171923 0.6023611 0.6023611 0.5230553 0.6678775 0.6678775 0.5230553 1.2323872 0.5217924 0.7525269 0.6206676 0.6365757 0.6365757 0.6894601 0.6894601 0.7799536 1.1943703 0.7088598 0.7088598 1.1346294 2.6775919 1.1416232 1.2042116 1.4422870 0.8165774 1.1868692 1.1868692 1.1869353 1.6251747 1.3708058 0.8882614 1.2179014 1.1868523 1.2347690 1.4430134 2.8739676 1.3995960 1.2762896 1.0835384 2.2414495 0.9561053 2.1401591 2.0660006 2.0660006 2.0074552 1.0915936 2.1771484 1.9041910 2.3085095 1.5957642 1.5957642 1.7252341 1.6371947 1.6371947 1.4938838 1.2567965 1.4869920 1.5736063 1.3941324 2.1726793 1.3491547 1.5221945 1.0528042 1.8805885 1.5931412 1.7640512 2.0417530 1.6003207 1.6277511 1.2323902 2.0327317 1.2655842 1.0544693 1.9743277 1.7879257 1.0873490 1.3033899 
HanXRQChr06g0174721_MADS           0.0653974 0.1673818 0.2272256 0.1633080 0.1633080 0.0424097 0.0424097 0.0881423 0.0422392 0.4776379 0.1884100 0.0000000 0.4388639 0.5324724 0.1691552 0.1691552 0.3363357 0.4222557 0.1566973 0.1566973 0.2992196 0.1959857 0.3966899 0.2291213 0.3693023 0.2291213 0.3952238 0.3426904 0.4663705 0.2557817 0.2557817 0.2401628 0.3788188 0.4096099 0.3755280 0.5828877 0.4096099 0.1806635 0.2054057 0.5782554 0.5475078 0.5475078 0.3604123 0.5513346 0.4230578 0.5568302 0.2850693 0.4716208 0.2310019 0.4614093 0.4548979 0.5982820 0.5814733 0.5814733 0.6436169 0.0420979 0.1673818 0.1908292 0.1908292 0.2187625 0.2188239 1.6614615 0.3217223 0.3267288 0.2998539 0.4585833 0.4585833 0.1882250 0.1882250 0.0858863 0.3899877 0.0870205 0.2203221 0.1536618 0.4092895 0.4092895 0.0870205 0.2588750 0.8486964 0.3381229 0.4065145 0.4065145 0.4211255 0.3930471 0.1855621 0.4124393 0.2184694 0.4138011 0.2800108 0.7498926 0.2800108 0.5292525 0.4520707 0.3319632 0.7348528 0.8591524 0.4588860 0.4588860 0.9320435 0.5197353 0.5197353 0.7627881 0.8198117 0.5243000 0.6387243 0.6387243 0.5243000 0.5913600 0.5913600 0.4957422 0.5174353 0.5174353 0.4957422 1.2711291 0.4648803 0.8123170 0.7690003 0.6249057 0.6249057 0.7023226 0.7023226 0.8815172 1.1520526 0.6550183 0.6550183 1.1063292 2.2180355 1.1016769 1.1869745 1.4156718 0.7803288 1.1848327 1.1848327 1.0592869 1.6364000 1.4826604 1.3300216 1.2608611 1.2597128 1.1583334 1.3901674 3.5963195 1.5373324 1.4180411 0.8517753 2.4412629 0.9280446 2.3308622 2.0377798 2.0377798 1.9801413 1.0741975 2.1462118 1.7875187 2.2719544 1.5449598 1.5449598 1.8134405 1.7299400 1.7299400 1.7342334 1.1454602 1.5899977 1.7057765 1.3847943 2.1285538 1.3667316 1.7431507 1.1327662 1.8989255 1.6353730 1.7469651 2.2186413 1.6673188 1.7115025 1.0924168 2.2087195 1.1687185 1.0162411 1.9812908 1.6331340 1.0877348 1.2582761 
HanXRQChr13g0405061_MADS           0.4548694 0.3833682 0.4076286 0.4528920 0.4528920 0.5122332 0.5122332 0.5265047 0.5086952 0.3806003 0.4487457 0.4388639 0.0000000 0.2110555 0.3886815 0.3886815 0.4098968 0.4086877 0.4940422 0.4940422 0.3926377 0.4223099 0.4132076 0.3966141 0.3617562 0.3966141 0.5232093 0.4211037 0.5201528 0.4980314 0.4980314 0.5389670 0.4951666 0.5117387 0.6176494 0.2438532 0.5117387 0.4659515 0.4331449 0.1106621 0.4793439 0.4793439 0.1791634 0.4746252 0.1778120 0.4876012 0.5162692 0.5979665 0.4619567 0.4843772 0.7491599 0.7271733 0.6842239 0.6842239 0.7099203 0.4390080 0.3833682 0.4775739 0.4775739 0.4075923 0.4472300 1.2438668 0.0663790 0.3829474 0.3460667 0.3859316 0.3859316 0.4851558 0.4851558 0.5781423 0.2888090 0.5850452 0.5023546 0.4183597 0.4227721 0.4227721 0.5850452 0.4512478 0.7107463 0.0213292 0.4056638 0.4056638 0.3793798 0.1773337 0.5317733 0.4715208 0.4810848 0.5679436 0.4595968 0.7252908 0.4595968 0.4149829 0.6121848 0.5163122 0.6541130 0.7869115 0.6074759 0.6074759 0.7777936 0.4731666 0.4731666 0.8340724 0.6806449 0.6718664 0.7295998 0.7295998 0.6718664 0.6595253 0.6595253 0.6199803 0.8322657 0.8322657 0.6199803 1.1319976 0.5504834 0.9651979 0.6207547 0.6942512 0.6942512 0.6994496 0.6994496 0.6680443 1.1521887 0.7070692 0.7070692 1.1139150 1.5642223 1.1593086 1.1519294 1.1008973 0.7186992 1.1438151 1.1438151 1.2059036 1.4788676 1.2412673 0.9638822 1.2857310 1.1028601 1.2862331 1.4937576 1.8513066 1.1634552 1.3052070 1.2962064 1.6046100 1.1868976 1.6845528 1.7616514 1.7616514 1.7079542 0.8772882 1.8542874 2.0143637 1.5618649 1.4137507 1.4137507 1.8631227 1.3654727 1.3654727 1.4654444 1.0974770 1.3920837 1.5304753 1.4017796 2.2677305 1.1094914 1.3335887 1.1247208 1.5540107 1.3886036 1.4660492 2.1652617 1.4607484 1.6380269 1.1007357 2.1557686 0.9390295 1.1758681 1.9178238 1.8466031 1.5592715 1.2438275 
HanXRQChr09g0270841_MADS           0.5485620 0.5058789 0.5309091 0.5176553 0.5176553 0.6003520 0.6003520 0.6257493 0.5784490 0.4769927 0.5134733 0.5324724 0.2110555 0.0000000 0.5135734 0.5135734 0.4054088 0.4673288 0.4984206 0.4984206 0.5952516 0.5495953 0.6512672 0.3844993 0.5838896 0.3844993 0.5611842 0.4172605 0.5925866 0.4135248 0.4135248 0.6027360 0.5347308 0.4984329 0.6639266 0.0214044 0.4984329 0.5151546 0.4456683 0.3204071 0.6374750 0.6374750 0.2724075 0.6397130 0.2702589 0.6485847 0.5959222 0.5914535 0.5103108 0.6491721 0.6908705 0.7865576 0.7851334 0.7851334 0.6190632 0.5324795 0.5058789 0.5298726 0.5298726 0.5312905 0.5753031 1.7319455 0.2493057 0.4175643 0.4152422 0.4134275 0.4134275 0.5878500 0.5878500 0.6041238 0.4890079 0.6761809 0.4900072 0.4309513 0.5125350 0.5125350 0.6761809 0.4153206 0.7219515 0.1943547 0.6194922 0.6194922 0.5474841 0.2550055 0.6014613 0.6164960 0.4543631 0.5451661 0.5930504 0.7365423 0.5930504 0.5839483 0.5894963 0.6177731 0.6831661 0.7662423 0.5409660 0.5409660 0.7998854 0.4154731 0.4154731 0.7348463 0.6621873 0.6401487 0.6532732 0.6532732 0.6401487 0.6209692 0.6209692 0.6654023 0.8212296 0.8212296 0.6654023 1.0934106 0.7134243 0.8976935 0.8816885 0.6921064 0.6921064 0.7012647 0.7012647 0.8292909 1.0598283 0.6515346 0.6515346 0.9742764 1.8670439 1.1997394 1.1018754 1.0080707 0.6453226 1.2283032 1.2283032 1.0917580 1.3629869 1.1279236 1.5562579 1.0743743 1.0307705 1.1697102 1.3813369 2.1982425 1.2056126 1.0335530 1.2428310 1.8578703 1.2338395 1.9509131 1.5724621 1.5724621 1.5216375 0.9478806 1.6550087 1.9242664 1.6748142 1.2044616 1.2044616 1.9843590 1.1625870 1.1625870 1.3967249 0.9506612 1.2027356 1.3058448 1.5027654 2.0573396 1.1540270 1.5576603 1.1809886 1.7691478 1.5234661 1.5461049 2.2945414 1.6068802 1.6796748 0.9022004 2.2842026 0.9278194 1.2463861 1.9443684 1.4975378 1.1487747 1.4293323 
HanXRQChr17g0560051_MADS           0.1734950 0.0212496 0.0672712 0.2143850 0.2143850 0.1785728 0.1785728 0.2003557 0.1722844 0.4122785 0.2405674 0.1691552 0.3886815 0.5135734 0.0000000 0.0000010 0.2944170 0.3700800 0.2732771 0.2732771 0.2679657 0.0434911 0.4020430 0.2918148 0.3031466 0.2918148 0.3812960 0.2998771 0.4820244 0.3432256 0.3432256 0.2888087 0.3503672 0.3807777 0.2835642 0.5639993 0.3807777 0.2572587 0.2881847 0.5201997 0.5327112 0.5327112 0.3333003 0.5154929 0.3935484 0.5419698 0.3464029 0.3948332 0.2863227 0.3956189 0.5058462 0.6481070 0.6056449 0.6056449 0.5456179 0.1429397 0.0212496 0.2144734 0.2144734 0.0648519 0.0648802 1.8397341 0.2783374 0.3172086 0.2405091 0.3451928 0.3451928 0.2182131 0.2182131 0.2311759 0.3315835 0.2343565 0.3340514 0.2835189 0.3104493 0.3104493 0.2343565 0.3179394 0.7737037 0.2919303 0.3466221 0.3466221 0.3611641 0.3648490 0.2584185 0.4270150 0.3370608 0.3594992 0.1898108 0.7051411 0.1898108 0.4487471 0.3939893 0.3578434 0.6477115 0.8139558 0.4298320 0.4298320 0.7787732 0.4360123 0.4360123 0.7166511 0.7252473 0.5319542 0.5140738 0.5140738 0.5319542 0.5642723 0.5642723 0.5413736 0.7314800 0.7314800 0.5413736 1.2546365 0.4704613 0.7266705 0.6757170 0.6069674 0.6069674 0.6867291 0.6867291 0.8072471 1.1307938 0.6383878 0.6383878 1.0911131 2.3414230 1.1106437 0.9773878 1.1801616 0.6946707 1.0162109 1.0162109 0.9509819 1.4168537 1.3088183 0.8660506 1.0708830 1.0469520 1.0500364 1.3606200 1.9781233 1.5034697 1.2665524 0.8854157 2.0219158 0.9537186 1.9317280 1.7494267 1.7494267 1.6966461 1.0156555 1.8400643 1.5842081 1.9953515 1.4511397 1.4511397 1.8234062 1.5567596 1.5567596 1.4136651 1.0405044 1.4297160 1.5362390 1.1783864 1.9605479 1.2524935 1.4561090 1.1348181 1.7689529 1.3840419 1.6189665 2.0614793 1.4148091 1.5710924 1.0607087 2.0523713 1.1626789 1.2725044 1.7315464 1.5484365 1.2040758 1.0454087 
HanXRQChr16g0523531_MADS           0.1734950 0.0212496 0.0672712 0.2143850 0.2143850 0.1785728 0.1785728 0.2003557 0.1722844 0.4122785 0.2405674 0.1691552 0.3886815 0.5135734 0.0000010 0.0000000 0.2944170 0.3700800 0.2732771 0.2732771 0.2679657 0.0434911 0.4020430 0.2918148 0.3031466 0.2918148 0.3812960 0.2998771 0.4820244 0.3432256 0.3432256 0.2888087 0.3503672 0.3807777 0.2835642 0.5639993 0.3807777 0.2572587 0.2881847 0.5201997 0.5327112 0.5327112 0.3333003 0.5154929 0.3935484 0.5419698 0.3464029 0.3948332 0.2863227 0.3956189 0.5058462 0.6481070 0.6056449 0.6056449 0.5456179 0.1429397 0.0212496 0.2144734 0.2144734 0.0648519 0.0648802 1.8397341 0.2783374 0.3172086 0.2405091 0.3451928 0.3451928 0.2182131 0.2182131 0.2311759 0.3315835 0.2343565 0.3340514 0.2835189 0.3104493 0.3104493 0.2343565 0.3179394 0.7737037 0.2919303 0.3466221 0.3466221 0.3611641 0.3648490 0.2584185 0.4270150 0.3370608 0.3594992 0.1898108 0.7051411 0.1898108 0.4487471 0.3939893 0.3578434 0.6477115 0.8139558 0.4298320 0.4298320 0.7787732 0.4360123 0.4360123 0.7166511 0.7252473 0.5319542 0.5140738 0.5140738 0.5319542 0.5642723 0.5642723 0.5413736 0.7314800 0.7314800 0.5413736 1.2546365 0.4704613 0.7266705 0.6757170 0.6069674 0.6069674 0.6867291 0.6867291 0.8072471 1.1307938 0.6383878 0.6383878 1.0911131 2.3414230 1.1106437 0.9773878 1.1801616 0.6946707 1.0162109 1.0162109 0.9509819 1.4168537 1.3088183 0.8660506 1.0708830 1.0469520 1.0500364 1.3606200 1.9781233 1.5034697 1.2665524 0.8854157 2.0219158 0.9537186 1.9317280 1.7494267 1.7494267 1.6966461 1.0156555 1.8400643 1.5842081 1.9953515 1.4511397 1.4511397 1.8234062 1.5567596 1.5567596 1.4136651 1.0405044 1.4297160 1.5362390 1.1783864 1.9605479 1.2524935 1.4561090 1.1348181 1.7689529 1.3840419 1.6189665 2.0614793 1.4148091 1.5710924 1.0607087 2.0523713 1.1626789 1.2725044 1.7315464 1.5484365 1.2040758 1.0454087 
HanXRQChr05g0150571_MADS           0.3016662 0.2944170 0.3174777 0.2394676 0.2394676 0.3534903 0.3534903 0.3801893 0.3426807 0.5324843 0.2691264 0.3363357 0.4098968 0.4054088 0.2944170 0.2944170 0.0000000 0.4310688 0.4390393 0.4390393 0.4622687 0.3297752 0.5449151 0.4224562 0.5362842 0.4224562 0.4054885 0.0894000 0.3821570 0.3480646 0.3480646 0.3698575 0.4576584 0.5827066 0.4292529 0.4551662 0.5827066 0.3752000 0.4886218 0.5099846 0.4794657 0.4794657 0.4428150 0.4826877 0.4386864 0.4881976 0.5779329 0.1983783 0.4092507 0.5287299 0.6410051 0.5268033 0.5087252 0.5087252 0.4432237 0.3038395 0.2944170 0.2728453 0.2728453 0.3259448 0.3543820 1.5268182 0.3749954 0.3427987 0.4190677 0.3223381 0.3223381 0.2666978 0.2666978 0.3927821 0.4994893 0.4215872 0.4720721 0.4092535 0.4002298 0.4002298 0.4215872 0.4424204 0.7773665 0.3749954 0.4856142 0.4856142 0.4958323 0.4147894 0.4435549 0.4097508 0.4753585 0.1395935 0.3210885 0.6981356 0.3210885 0.5252658 0.1665134 0.5900331 0.5399350 0.7778095 0.4581079 0.4581079 0.7673750 0.4765228 0.4765228 0.7098566 0.7575425 0.5868100 0.3207339 0.3207339 0.5868100 0.6190820 0.6190820 0.7104482 0.4962217 0.4962217 0.7104482 1.0627708 0.5048199 0.4234601 0.6754711 0.6639557 0.6639557 0.7046206 0.7046206 0.7350925 0.9038813 0.4686104 0.4686104 0.9793554 1.9438970 0.9823639 1.0383255 1.1475730 0.5819229 1.0077532 1.0077532 1.0540559 1.4459775 1.1863353 0.7255326 1.0833836 1.1271825 1.1576670 1.1176619 2.3726109 1.3109777 1.2892181 0.9528307 1.7153206 0.9839073 1.8072376 1.6099520 1.6099520 1.5534048 0.9891922 1.7032876 1.4007561 1.7343318 1.5834171 1.5834171 1.8282117 1.4651913 1.4651913 1.3022476 1.2021262 1.4659232 1.5658780 1.3152701 1.7078394 1.3063169 1.4986106 1.2532621 1.8398953 1.4553427 1.5538473 1.9374850 1.4868270 1.4790593 1.3358187 1.9281876 1.1476113 1.0955200 1.4642575 1.3560177 0.9905739 0.8070164 
HanXRQChr01g0015681_MADS           0.3720728 0.3351372 0.3582764 0.3182066 0.3182066 0.3582189 0.3582189 0.3629883 0.3953015 0.2268157 0.2988195 0.4222557 0.4086877 0.4673288 0.3700800 0.3700800 0.4310688 0.0000000 0.3066358 0.3066358 0.3881373 0.3708002 0.4926631 0.3971048 0.3523939 0.3971048 0.5087421 0.5135358 0.4592008 0.4413478 0.4413478 0.3996541 0.3656015 0.4394891 0.4286408 0.5130171 0.4394891 0.4031585 0.3941887 0.5765841 0.5220346 0.5220346 0.4434617 0.5345946 0.4398709 0.5306566 0.4160007 0.6529355 0.4643592 0.4212478 0.6369674 0.6878477 0.6793385 0.6793385 0.6958207 0.3575821 0.3351372 0.3448849 0.3448849 0.3301278 0.3946242 1.4418891 0.3654795 0.3543940 0.3051150 0.2703101 0.2703101 0.3759920 0.3759920 0.3308395 0.3539533 0.4220218 0.3611041 0.3620697 0.2764548 0.2764548 0.4220218 0.4789310 0.5806923 0.3826635 0.3604797 0.3604797 0.4328569 0.4055427 0.3495864 0.4929184 0.4006835 0.5845833 0.3170130 0.7231381 0.3170130 0.4492171 0.6274261 0.4707750 0.5893224 0.7727842 0.5401894 0.5401894 0.6098265 0.4052418 0.4052418 0.7966361 0.6571447 0.5951531 0.8000434 0.8000434 0.5951531 0.6205461 0.6205461 0.6560173 0.6385234 0.6385234 0.6560173 1.3269118 0.7075349 0.8515427 0.5213223 0.6237620 0.6237620 0.6459789 0.6459789 0.7084459 1.2036854 0.7880759 0.7880759 1.0273752 2.2395640 1.1620790 1.1779598 1.3407121 0.9274548 1.0726505 1.0726505 1.2679735 1.5612810 1.2158985 1.1326240 1.3274905 1.2160210 1.3061322 1.5112353 2.3669630 1.3602881 1.1565278 1.3455279 2.1697912 1.0293002 2.0723990 1.8936578 1.8936578 1.8370739 0.9331233 1.9953766 2.0349083 2.1733638 1.5443898 1.5443898 1.6826702 1.6164683 1.6164683 1.3599934 1.1424429 1.4618400 1.5300221 1.4110212 2.0051745 1.2403840 1.4416229 1.0928619 1.9142590 1.5288610 1.7599460 1.9000373 1.5075914 1.5957052 1.0831022 1.8915987 1.0507900 1.0361084 1.9607925 1.7999946 1.2485098 1.4395562 
HanXRQChr08g0223681_MADS           0.1627357 0.2699467 0.3020494 0.2728441 0.2728441 0.1572270 0.1572270 0.2113060 0.1839147 0.5056162 0.2722269 0.1566973 0.4940422 0.4984206 0.2732771 0.2732771 0.4390393 0.3066358 0.0000000 0.0000010 0.3837622 0.3039255 0.4854922 0.1202120 0.4235634 0.1202120 0.4174338 0.4429550 0.4403009 0.1348538 0.1348538 0.3571752 0.3433054 0.4322528 0.3944438 0.5478138 0.4322528 0.1101916 0.1190809 0.6087037 0.5959829 0.5959829 0.4051416 0.6109152 0.4683515 0.6061224 0.3823559 0.6243310 0.1581259 0.4807069 0.4890154 0.5660076 0.6096978 0.6096978 0.7136397 0.1567120 0.2699467 0.2801431 0.2801431 0.2686168 0.3280824 1.8458160 0.3751231 0.4145479 0.2643057 0.4022520 0.4022520 0.3280964 0.3280964 0.1577657 0.4434438 0.2069123 0.0853614 0.0635137 0.3777093 0.3777093 0.2069123 0.1632972 0.7993701 0.3940894 0.4954632 0.4954632 0.4838547 0.4304345 0.2449985 0.4614535 0.1182595 0.5236042 0.3983206 0.7509957 0.3983206 0.5223884 0.5663612 0.4239097 0.7327329 0.7794677 0.4888199 0.4888199 0.9259491 0.5213457 0.5213457 0.7486037 0.8458418 0.6430026 0.7417506 0.7417506 0.6430026 0.6257028 0.6257028 0.6303481 0.6630295 0.6630295 0.6303481 1.2990316 0.4811397 0.9134851 0.8070130 0.6289997 0.6289997 0.6786203 0.6786203 0.8905171 1.2195009 0.8121104 0.8121104 1.1486612 2.6547835 1.1660608 1.3495364 1.2900911 0.8728874 1.2932058 1.2932058 1.2865307 1.8496642 1.4175097 1.3300216 1.3438775 1.2976908 1.3363784 1.5127649 3.3148850 1.6755037 1.2947070 1.1745906 2.5538937 1.1191673 2.4394006 2.0513702 2.0513702 1.9944778 1.0793475 2.1587088 1.7878821 2.3865869 1.5649833 1.5649833 1.7627895 1.7541146 1.7541146 1.5926545 1.1745656 1.6289480 1.6984290 1.4949251 2.1936470 1.3386805 1.7836888 1.1295533 1.8087124 1.7319888 1.7574668 2.2523111 1.7250132 1.7421479 1.1423140 2.2422488 1.2192506 1.0520288 2.1381317 1.8717099 1.3694362 1.5383792 
HanXRQChr12g0364981_MADS           0.1627357 0.2699467 0.3020494 0.2728441 0.2728441 0.1572270 0.1572270 0.2113060 0.1839147 0.5056162 0.2722269 0.1566973 0.4940422 0.4984206 0.2732771 0.2732771 0.4390393 0.3066358 0.0000010 0.0000000 0.3837622 0.3039255 0.4854922 0.1202120 0.4235634 0.1202120 0.4174338 0.4429550 0.4403009 0.1348538 0.1348538 0.3571752 0.3433054 0.4322528 0.3944438 0.5478138 0.4322528 0.1101916 0.1190809 0.6087037 0.5959829 0.5959829 0.4051416 0.6109152 0.4683515 0.6061224 0.3823559 0.6243310 0.1581259 0.4807069 0.4890154 0.5660076 0.6096978 0.6096978 0.7136397 0.1567120 0.2699467 0.2801431 0.2801431 0.2686168 0.3280824 1.8458160 0.3751231 0.4145479 0.2643057 0.4022520 0.4022520 0.3280964 0.3280964 0.1577657 0.4434438 0.2069123 0.0853614 0.0635137 0.3777093 0.3777093 0.2069123 0.1632972 0.7993701 0.3940894 0.4954632 0.4954632 0.4838547 0.4304345 0.2449985 0.4614535 0.1182595 0.5236042 0.3983206 0.7509957 0.3983206 0.5223884 0.5663612 0.4239097 0.7327329 0.7794677 0.4888199 0.4888199 0.9259491 0.5213457 0.5213457 0.7486037 0.8458418 0.6430026 0.7417506 0.7417506 0.6430026 0.6257028 0.6257028 0.6303481 0.6630295 0.6630295 0.6303481 1.2990316 0.4811397 0.9134851 0.8070130 0.6289997 0.6289997 0.6786203 0.6786203 0.8905171 1.2195009 0.8121104 0.8121104 1.1486612 2.6547835 1.1660608 1.3495364 1.2900911 0.8728874 1.2932058 1.2932058 1.2865307 1.8496642 1.4175097 1.3300216 1.3438775 1.2976908 1.3363784 1.5127649 3.3148850 1.6755037 1.2947070 1.1745906 2.5538937 1.1191673 2.4394006 2.0513702 2.0513702 1.9944778 1.0793475 2.1587088 1.7878821 2.3865869 1.5649833 1.5649833 1.7627895 1.7541146 1.7541146 1.5926545 1.1745656 1.6289480 1.6984290 1.4949251 2.1936470 1.3386805 1.7836888 1.1295533 1.8087124 1.7319888 1.7574668 2.2523111 1.7250132 1.7421479 1.1423140 2.2422488 1.2192506 1.0520288 2.1381317 1.8717099 1.3694362 1.5383792 
HanXRQChr10g0291191_MADS           0.2723197 0.2621799 0.2848523 0.3348865 0.3348865 0.3194519 0.3194519 0.2631375 0.3175874 0.2695675 0.3642038 0.2992196 0.3926377 0.5952516 0.2679657 0.2679657 0.4622687 0.3881373 0.3837622 0.3837622 0.0000000 0.2948302 0.1889354 0.4742102 0.1088783 0.4742102 0.3780588 0.4738210 0.4339413 0.4626193 0.4626193 0.4295712 0.4265196 0.5764668 0.5648068 0.6461495 0.5764668 0.3711717 0.4458355 0.5577114 0.4501824 0.4501824 0.3116195 0.4589328 0.3139743 0.4573915 0.2744583 0.6273974 0.4364935 0.2657002 0.7106426 0.5109949 0.4752228 0.4752228 0.5538850 0.2594354 0.2621799 0.3574136 0.3574136 0.2580230 0.2651588 1.0986320 0.2892031 0.2999215 0.3862703 0.4716302 0.4716302 0.3105297 0.3105297 0.3474650 0.2048612 0.3594504 0.4129867 0.3753982 0.4713537 0.4713537 0.3594504 0.4976820 0.8109668 0.3023845 0.1802391 0.1802391 0.1793560 0.4169397 0.3972630 0.4017475 0.4110961 0.4780435 0.3745783 0.7805083 0.3745783 0.2914545 0.4953270 0.3566993 0.7087668 0.9034825 0.5413890 0.5413890 0.7487655 0.4100722 0.4100722 0.8631776 0.7197410 0.5643222 0.7265186 0.7265186 0.5643222 0.5722815 0.5722815 0.5130227 0.8192336 0.8192336 0.5130227 1.2202251 0.4538585 0.6711072 0.7114348 0.6454157 0.6454157 0.6777310 0.6777310 0.9708982 1.1702680 0.6821320 0.6821320 1.0911166 1.7646112 1.0895532 1.2994102 1.1419430 0.7123089 1.1790191 1.1790191 1.2704882 1.4930800 1.5585604 0.7991858 1.1659526 1.0735532 1.3912973 1.4336409 2.3203455 1.3064728 1.3691172 1.2738078 2.0272883 1.1917650 1.9340389 1.8749743 1.8749743 1.8197692 1.1547745 1.9738357 1.9762234 2.0995789 1.6651411 1.6651411 1.7232788 1.7916337 1.7916337 1.3022476 1.2524113 1.6426223 1.7652714 1.2857744 2.1647670 1.4673372 1.5143507 1.3156346 1.9482864 1.6584127 1.8289343 2.0231311 1.6902699 1.6687466 1.3307612 2.0142564 1.2373715 1.0849589 1.7618157 2.2472721 1.3549254 1.4856211 
