158
HanXRQChr12g0358711_Kbox           0.0000000 1.3652879 1.1347112 1.1899678 1.2514201 1.1622918 0.9329987 1.3123078 1.1676279 1.2657279 0.9124186 1.3677455 0.9955888 0.9325408 1.0919741 1.4475780 1.1536901 1.1012364 0.9632820 1.4053127 1.0831375 1.4339226 1.3963633 1.6903014 1.6500892 1.5305849 1.6934259 1.5585864 1.4623192 1.9211839 1.0603283 1.9430063 1.6572140 1.9410486 2.0829006 1.6074337 1.6955667 1.3951735 1.2212701 2.3992102 1.9948969 1.7690264 1.8000941 2.2462015 2.2462015 2.3309598 2.4358832 2.6954296 2.4849156 1.6843099 2.1522484 1.5555004 1.4543089 2.3372970 3.3494481 2.8336177 2.8006840 4.0610520 0.9295597 0.8710749 1.0428960 1.0428960 0.4149781 1.1263524 1.1263524 1.1578509 1.1578509 1.4173575 1.1230712 0.8051045 0.8051045 1.2631962 1.3244881 3.4534292 1.2631962 0.6929460 0.8312647 1.1230712 0.6929460 1.4665570 1.1893531 2.4068188 0.5447504 1.4213394 5.9290240 1.0494527 1.3557629 2.4516706 1.0494527 1.7128918 1.2804648 1.6103329 1.6103329 1.7128918 1.7128918 1.9834312 1.5091154 1.7538075 1.8835958 1.7538075 1.2531351 1.5109795 1.6676123 1.8464914 1.8464914 2.0702522 2.0702522 2.1440351 2.3485515 1.7948206 1.3729137 2.4068188 1.5548789 1.9834312 1.6419702 1.9095816 1.9095816 2.6997672 2.8537593 2.5303280 3.5331297 1.6298701 1.6111367 1.7767789 1.6111367 1.8328387 1.8368779 1.8328387 1.8368779 1.5056906 1.7746002 1.7746002 1.8282619 1.3929646 2.3079814 1.7458406 2.1810723 2.1762472 2.5665512 4.6302529 2.6871336 2.6871336 2.5456903 2.5775024 3.1828013 3.7224781 3.7224781 1.9177073 3.1337151 3.4868798 3.9435898 1.5770193 2.7582155 2.5491533 2.4322511 2.0014607 1.8683640 2.0577052 
HanXRQChr05g0163521_Kbox           1.3652879 0.0000000 1.0021765 1.0887994 1.4883943 1.2706103 1.4437146 0.5866239 1.3617260 1.3937513 1.4856795 1.1285368 1.2131765 1.6179048 1.6756914 1.4734692 1.3613990 1.8741498 1.2655645 0.5600171 1.7943746 1.1315409 1.3124902 1.6181443 1.8939796 1.4489772 1.5732670 1.7251965 1.6883490 1.8631503 1.7129799 1.9626823 1.9771030 2.3900754 2.0768458 1.9071240 1.7051619 2.2992140 0.5452772 3.0721897 2.0130238 1.7781884 2.0837721 2.8435074 2.8435074 1.9520134 2.8753804 2.2102766 2.4633667 1.9387523 2.1091424 1.7688561 1.6488954 3.3246943 3.5631833 2.5983608 2.8529265 2.8091707 1.3586956 1.2427891 1.1453421 1.1453421 1.4768616 1.2921491 1.2921491 1.0092093 1.0092093 1.4932754 1.3405877 1.5251352 1.5251352 0.8917748 0.3833898 1.0024140 0.8917748 1.3407431 1.5611428 1.3405877 1.3407431 1.5940315 0.3155266 0.9135797 1.2893831 0.5732520 1.2115515 1.5088525 0.4125961 0.5219417 1.5088525 1.4783138 1.3981530 1.9220188 1.9220188 1.6736798 1.6736798 2.2864029 1.5027063 1.6660832 1.8807112 1.6660832 0.8957761 1.5240959 1.9231608 1.7053259 1.7053259 1.7425248 1.7425248 2.2747719 2.3021525 2.2939923 0.4338013 0.9135797 1.6334433 2.2864029 1.8648332 2.3477609 2.3477609 2.3609565 2.3063990 1.8418631 2.4058514 1.8834302 2.0290101 2.0321850 2.0290101 1.9989068 2.1236807 1.9989068 2.1236807 1.4458150 1.9750345 1.9750345 2.1877066 1.5742527 2.4574249 2.1788271 2.3880636 2.4112525 2.3166739 3.4451053 2.2636134 2.2636134 2.0233027 2.3724200 2.8160663 2.2052082 2.2052082 2.2336762 3.1480269 3.0017592 3.6610878 1.8080029 2.4318534 2.3188324 2.3583452 1.8501307 1.6340975 2.0111607 
HanXRQChr08g0223681_Kbox           1.1347112 1.0021765 0.0000000 0.0478524 0.5078072 0.6011864 1.1410738 1.2816950 0.5498095 0.5366543 0.8800870 1.5550716 0.5475117 0.9377872 1.2123241 1.5922959 0.6609163 1.2513349 0.5696249 1.2576687 1.2587161 1.5660681 1.6274669 1.3229241 1.5714913 1.6175624 1.7314838 1.6628715 1.7505144 1.7736946 1.2048219 2.1919649 1.7884522 2.1580751 2.3691650 1.7148895 1.7369781 1.3976480 1.4940209 2.6062630 2.1080725 2.2830039 2.0100906 2.5127248 2.5127248 2.3483490 2.7553112 2.5446195 2.7391421 1.7448599 2.1101638 1.3786947 1.2546429 2.0421467 2.6482445 2.4026448 3.7096555 3.3795472 0.4233046 0.5237975 0.5544724 0.5544724 1.1076488 1.3741795 1.3741795 1.3138200 1.3138200 1.4714838 1.4550765 1.1345590 1.1345590 1.4231138 1.3395319 1.6093604 1.4231138 0.9784737 1.1653959 1.4550765 0.9784737 1.5885000 1.2379683 1.1987260 1.1316809 1.4751801 2.1364019 1.1572728 1.4169436 1.1444342 1.1572728 1.6214615 0.9820952 1.6487296 1.6487296 1.6057278 1.6057278 2.3553436 1.7347194 1.9290342 2.2474195 1.9290342 1.4998683 1.7955718 1.9462322 2.1534707 2.1534707 2.2001165 2.2001165 1.9706197 2.6773135 1.6936588 1.1508493 1.1987260 1.5579663 2.3553436 1.6430869 2.0528724 2.0528724 2.5594458 3.0533699 2.6957838 4.1897563 1.8418869 1.7935777 1.8113092 1.7935777 1.9371691 1.8446026 1.9371691 1.8446026 1.4361814 1.3736172 1.3736172 1.9610641 1.4894191 2.4867293 1.9693561 2.3777778 2.2763609 2.9466510 5.7560041 3.2175880 3.2175880 2.8333457 2.9388788 4.3023420 4.4560915 4.4560915 2.3315416 2.3328834 2.3051358 3.7717641 1.9403736 3.3295570 2.9942154 2.9617381 2.3935968 2.3183645 2.5236690 
HanXRQChr12g0364981_Kbox           1.1899678 1.0887994 0.0478524 0.0000000 0.5531974 0.6552649 1.1607916 1.3736567 0.5971520 0.5823496 0.8713084 1.6469083 0.6097968 0.9290671 1.2447558 1.6607938 0.6529828 1.2850273 0.6326404 1.3274894 1.2926900 1.6019336 1.6294712 1.4741008 1.5647774 1.7119795 1.7103178 1.6550299 1.7424087 1.6810419 1.2182038 2.1667321 1.7859569 2.1178840 2.2690115 1.6893707 1.7906299 1.4165716 1.5094444 2.5425297 1.9063365 2.2364233 1.8465356 2.4512520 2.4512520 2.2950623 2.6866648 2.4705315 2.4967496 1.7173910 2.0924833 1.3966535 1.2732579 2.1876249 2.6180032 2.4037463 3.8062014 3.4050789 0.4536422 0.5255613 0.5563556 0.5563556 1.1089460 1.3805807 1.3805807 1.3199700 1.3199700 1.4024845 1.4620216 1.1402314 1.1402314 1.4296827 1.3517861 1.8074710 1.4296827 0.9309075 1.1524493 1.4620216 0.9309075 1.5128428 1.2497647 1.4436425 1.1433525 1.4737076 2.7164263 1.1624411 1.4298039 1.3065978 1.1624411 1.5426073 0.9861912 1.6358790 1.6358790 1.6129621 1.6129621 2.3398790 1.7205670 1.9287981 2.2600087 1.9287981 1.5069819 1.7798598 1.9331784 2.1584903 2.1584903 2.2776751 2.2776751 1.6818540 2.6620188 1.6976119 1.1573621 1.4436425 1.5649707 2.3398790 1.6302947 1.9597355 1.9597355 2.5116747 3.0479840 2.7241666 4.1680422 1.7612100 1.7148893 1.7147926 1.7148893 1.8326641 1.7444042 1.8326641 1.7444042 1.3085717 1.1826840 1.1826840 1.8730805 1.4060662 2.3219784 1.8463403 2.2643720 2.1677050 2.9545971 5.7750128 3.2267490 3.2267490 2.8405872 2.9467281 4.2824512 4.4560915 4.4560915 2.2123171 2.3654096 2.3051358 3.6066151 1.7688639 3.3490298 2.9942154 2.9617381 2.3935968 2.3183645 2.5236690 
HanXRQChr02g0043891_Kbox           1.2514201 1.4883943 0.5078072 0.5531974 0.0000000 0.7755763 1.1764223 1.4854351 0.2101051 0.1621160 0.9155480 1.8269453 0.6695910 1.0454927 1.3195518 1.7050370 0.7287787 1.2419189 0.6849211 1.7822528 1.1865929 1.9743230 1.7677192 1.4125003 1.5967739 1.5860803 1.7220632 1.6753127 1.5613938 1.8623635 1.5025578 2.0824985 1.9297840 2.4048231 2.1374048 1.9296506 1.9153721 1.7058775 2.1434536 2.8920688 1.9114730 2.3861878 1.8209834 2.7472113 2.7472113 2.0241470 2.8982170 2.3869700 2.4104109 1.9582830 2.1333832 1.5291891 1.2452518 2.2075903 2.6843760 2.5415734 3.2255746 2.6932068 0.6353196 0.6326426 0.6588174 0.6588174 1.1827982 1.4452275 1.4452275 1.6427655 1.6427655 1.4436864 1.5731179 1.5862584 1.5862584 1.3129705 1.6376525 1.8340408 1.3129705 1.1986056 1.6255424 1.5731179 1.1986056 1.5854889 1.8543113 1.1472183 1.2892235 1.8999433 2.7303807 1.6693039 1.6829480 1.3750721 1.6693039 1.6766471 0.7554848 1.8328660 1.8328660 1.9332759 1.9332759 2.1423074 2.0397244 2.0586013 2.0048806 2.0586013 1.3260637 2.1334014 1.6130703 2.2003092 2.2003092 1.9552793 1.9552793 2.1200405 2.6421122 1.8810572 1.6878739 1.1472183 1.8088579 2.1423074 1.8261119 2.5468860 2.5468860 2.4017006 2.7999700 2.7134787 4.6163878 1.7981754 1.8200480 1.8498229 1.8200480 1.9138707 2.0188066 1.9138707 2.0188066 1.3310230 1.3467914 1.3467914 2.4328856 1.4917447 2.0037969 2.1410827 1.8624199 1.7809884 2.7226709 6.1433079 2.6860257 2.6860257 2.7711492 2.6948499 3.3235466 4.1855466 4.1855466 2.6657435 2.3078940 2.0540228 3.5496924 2.1150322 3.5511463 2.8564603 2.9192443 2.3971617 2.7325072 2.4941960 
HanXRQChr04g0110101_Kbox           1.1622918 1.2706103 0.6011864 0.6552649 0.7755763 0.0000000 1.3335728 1.5371203 0.8178317 0.8730247 0.9474125 1.2832446 0.5374918 1.0263858 1.1990713 1.4657081 0.5175891 1.2372615 0.5663443 1.4678305 1.1953114 1.4039860 1.3452479 1.4697127 1.9299839 1.6241667 1.9095264 1.9142891 2.0016848 1.9007105 1.4682146 2.3613568 1.7943839 2.3647107 2.3272777 1.8767666 1.9078164 1.7937336 1.4286016 2.8669055 1.8275704 2.0306232 1.6973758 2.7712489 2.7712489 2.2485398 3.0115775 2.5779560 2.4422100 1.9636135 2.2108862 1.1632020 1.1339312 2.0559408 2.8394892 2.2855819 4.0928275 3.3994349 0.7488626 0.8152819 0.6994248 0.6994248 1.1666498 1.3145392 1.3145392 1.2026798 1.2026798 1.4790613 1.3750708 1.2433591 1.2433591 1.2568560 1.4181729 2.6170619 1.2568560 0.7804982 1.2253489 1.3750708 0.7804982 1.5509777 1.3275110 1.9296966 1.2118551 1.5599547 2.9079387 1.2788662 1.4532881 1.9104605 1.2788662 1.5415884 1.0460850 2.1314957 2.1314957 1.8146787 1.8146787 2.3067488 2.0539575 1.8000717 2.4135097 1.8000717 1.3215718 1.8949506 1.8193475 2.1725584 2.1725584 2.0431443 2.0431443 2.6154573 2.4823202 1.9605573 1.1662057 1.9296966 1.8044443 2.3067488 2.1226514 2.2096048 2.2096048 2.8510368 3.0015459 2.1699678 4.0203597 1.5394602 1.6828881 1.8360747 1.6828881 1.7467524 1.7470382 1.7467524 1.7470382 1.4780593 1.4463528 1.4463528 2.1125995 1.5892421 2.6032147 1.7902011 2.2735943 2.2634941 2.7043770 5.0364077 3.4411092 3.4411092 3.2384043 3.7676698 3.5055176 4.0387364 4.0387364 2.6589818 2.2984498 1.7129055 4.4667873 2.3823777 3.9650842 2.4385372 2.6789488 2.1250709 1.9422732 2.0716592 
HanXRQChr02g0042981_Kbox           0.9329987 1.4437146 1.1410738 1.1607916 1.1764223 1.3335728 0.0000000 1.3139176 1.2012078 1.1833571 0.5723253 1.5855854 1.1485483 0.5284665 0.6823985 1.4657352 1.2897393 0.6544055 1.1831511 1.5971331 0.6313661 1.6286842 1.5604760 1.8850446 1.6003853 1.3023098 1.6275413 1.5513921 1.4510734 1.6536511 0.7061844 1.9218447 2.0415078 2.5349241 2.0622334 1.9078600 1.6601547 1.0446305 1.5663615 2.9958846 1.8565988 2.2839215 1.7933248 2.8879939 2.8879939 2.1151186 3.1730637 2.0444627 2.2581728 1.9465228 2.0066415 1.7499370 1.7406094 2.1712601 3.2843371 3.1830071 3.7959017 3.6466871 0.9631601 0.9484187 0.8769756 0.8769756 1.0781879 1.3589709 1.3589709 1.3531605 1.3531605 1.4234168 1.4145264 0.5348505 0.5348505 1.1541238 1.5500027 2.3926561 1.1541238 0.5302112 0.5694453 1.4145264 0.5302112 1.3523412 1.3919925 1.7472536 1.0876621 1.5086504 3.0632757 0.6294878 1.6897875 1.5120043 0.6294878 1.3698973 1.4420580 1.8153372 1.8153372 1.8587922 1.8587922 2.0258890 2.1429012 2.0283913 1.9135916 2.0283913 1.1043043 1.6959085 1.7229215 2.1906397 2.1906397 1.7188938 1.7188938 2.4831583 2.8639554 1.9335071 1.4812441 1.7472536 1.6269396 2.0258890 1.8530356 1.9838080 1.9838080 3.0314173 3.7008897 2.6187635 3.8933936 2.0058284 1.9772770 1.7441817 1.9772770 1.8030589 2.1103552 1.8030589 2.1103552 1.4211530 1.5652555 1.5652555 1.8714270 2.0042958 2.4419971 1.9504823 2.7261957 2.6784575 2.8054485 4.6662374 3.4339697 3.4339697 3.5675376 3.3323034 4.1980827 3.6542282 3.6542282 1.8563586 2.8417822 2.9810418 3.8872481 1.8231003 2.6154377 3.3054057 2.7169140 2.0729393 2.1914849 2.2919497 
HanXRQChr10g0291191_Kbox           1.3123078 0.5866239 1.2816950 1.3736567 1.4854351 1.5371203 1.3139176 0.0000000 1.5061999 1.4980355 1.4409759 1.3255934 1.5824756 1.5814553 1.8023510 1.5868067 1.4796032 1.8345924 1.5707755 0.7339228 1.7507119 1.2909352 1.3944629 1.7562473 1.9279876 1.3543582 1.7745978 1.8128371 1.9476045 1.8388758 1.6723097 2.1130667 2.2115121 2.2728611 2.5581979 2.0175324 1.9097118 2.1848328 0.6695319 3.0434712 1.8591095 1.8866538 1.9211542 2.9926834 2.9926834 1.9676162 3.0897073 1.7962075 2.3195206 2.0641963 1.6830402 1.7773044 1.5298351 2.8771879 3.5389608 3.1724032 2.9751083 3.0626732 1.4706553 1.4363784 1.5058060 1.5058060 1.4660132 1.2013537 1.2013537 1.0388673 1.0388673 1.5854511 1.1847115 1.4477097 1.4477097 1.0392966 0.5891116 1.3536530 1.0392966 1.4375020 1.4841725 1.1847115 1.4375020 1.7284037 0.6110680 1.0827889 1.3375922 0.4384814 1.9519155 1.3440102 0.5976507 0.7979501 1.3440102 1.7408579 1.6546526 2.0669647 2.0669647 1.8794605 1.8794605 2.2319364 1.8097930 1.9931737 2.1022156 1.9931737 0.9647839 1.9736325 1.8676050 1.9966684 1.9966684 1.9513791 1.9513791 1.6966674 2.1459562 2.4435763 0.8139757 1.0827889 1.7464766 2.2319364 1.9615497 2.4989045 2.4989045 2.5271657 2.9664950 2.5689465 3.0448558 2.2266376 2.3863815 2.1701889 2.3863815 1.9871733 2.7660880 1.9871733 2.7660880 1.6908766 2.0975609 2.0975609 2.3801503 1.9769425 2.8836687 2.0616799 2.9679990 2.8988192 2.3230263 3.7163264 2.6226482 2.6226482 3.0038627 2.8850911 3.2681215 2.8841109 2.8841109 2.6248871 2.5196881 2.2168045 3.6924374 1.8829561 3.1325089 2.0952383 2.4208423 2.0178901 1.8836515 2.0733346 
HanXRQChr07g0200001_Kbox           1.1676279 1.3617260 0.5498095 0.5971520 0.2101051 0.8178317 1.2012078 1.5061999 0.0000000 0.1287133 0.9577638 1.5868565 0.6632745 1.1341859 1.3725708 1.5799328 0.7093208 1.3544763 0.6591556 1.7791726 1.2843590 1.7590148 1.5834180 1.4129619 1.6567060 1.6452736 1.7395979 1.6733492 1.6766850 1.9218684 1.3459027 2.2741920 2.0132879 2.2249457 2.0815703 2.0119969 2.0775355 1.7592216 1.8975626 2.9130738 1.9306666 2.3657513 1.8070824 2.7527900 2.7527900 2.0304540 3.0882130 2.5359479 2.4571972 2.0418655 2.1406409 1.6006361 1.2462075 2.0892824 2.6531923 2.3860248 3.6541198 2.8248787 0.5822954 0.5923719 0.7206700 0.7206700 1.0859634 1.3155163 1.3155163 1.5025583 1.5025583 1.4574307 1.4876491 1.5655133 1.5655133 1.1540693 1.7784801 2.0602175 1.1540693 1.2363278 1.6037506 1.4876491 1.2363278 1.5357592 1.7261367 1.5473599 1.1389762 1.7709755 2.7322418 1.4872840 1.6395190 1.6326441 1.4872840 1.6420417 0.8246133 1.8805944 1.8805944 1.8066276 1.8066276 2.3965712 2.4289233 1.9403840 1.9626508 1.9403840 1.2169270 1.9324016 1.6281424 2.2831212 2.2831212 1.9142216 1.9142216 2.2280997 2.4271992 1.9048482 1.6032883 1.5473599 1.7962676 2.3965712 1.8735258 2.1178372 2.1178372 2.3820850 3.1078650 2.7162307 4.8508529 1.8171316 1.8171209 1.8020567 1.8171209 1.9638626 2.0561567 1.9638626 2.0561567 1.3421958 1.2949942 1.2949942 2.0234973 1.6132981 1.9857806 2.1807623 2.0013196 1.9122981 2.7792438 6.1749714 2.8734699 2.8734699 2.7682888 2.9015529 3.6551426 4.2069989 4.2069989 2.7576892 2.8393920 2.7152890 3.3245616 2.3120778 3.4555121 3.0983789 3.0952422 2.6190647 2.7048373 2.6508173 
HanXRQChr14g0452461_Kbox           1.2657279 1.3937513 0.5366543 0.5823496 0.1621160 0.8730247 1.1833571 1.4980355 0.1287133 0.0000000 0.9945033 1.6967322 0.6633379 1.0754452 1.4224025 1.6587510 0.7069085 1.3337149 0.6785485 1.6656290 1.2655537 1.8597240 1.6556469 1.4436211 1.6833484 1.5976356 1.7895839 1.7510721 1.7028466 2.0151166 1.3441015 2.1644050 1.9766329 2.2043778 2.0688461 1.9385085 1.9021935 1.6198821 1.7518563 2.6370100 1.8910220 2.5172224 1.7616748 2.4911297 2.4911297 2.0074371 2.7416820 2.5689867 2.4541200 1.9616819 2.2512905 1.7102512 1.4060412 2.1547232 2.6978930 2.5908360 3.6200245 2.8115656 0.6494162 0.6057580 0.7040819 0.7040819 1.2413503 1.2721124 1.2721124 1.4954891 1.4954891 1.5412285 1.4366269 1.6429188 1.6429188 1.2227428 1.6203549 1.9938838 1.2227428 1.3100234 1.6823220 1.4366269 1.3100234 1.6249632 1.5868036 1.3732314 1.2105644 1.6302137 2.9794243 1.3832622 1.5326670 1.5531645 1.3832622 1.7375762 0.8723965 1.9880334 1.9880334 1.8393674 1.8393674 2.5025678 2.4094753 1.9688816 1.9612468 1.9688816 1.2330627 2.0575728 1.6677627 2.2224587 2.2224587 1.9269999 1.9269999 2.2717685 2.4174651 1.9198350 1.4856758 1.3732314 1.7213365 2.5025678 1.9804062 2.2601886 2.2601886 2.6244359 2.8249321 3.0227202 4.7396820 1.9865071 1.9542425 1.8710906 1.9542425 2.1176692 2.1081553 2.1176692 2.1081553 1.4099542 1.4195245 1.4195245 2.1607713 1.5825732 2.1513381 2.3325328 2.1050845 2.0138216 2.9379072 6.2560570 2.8597623 2.8597623 2.9180898 2.8463262 3.4841792 4.0736274 4.0736274 2.8622586 2.6447123 2.6209677 3.0994557 2.2281161 3.3974704 2.7430287 2.8069516 2.2888074 2.6168799 2.4078192 
HanXRQChr06g0174721_Kbox           0.9124186 1.4856795 0.8800870 0.8713084 0.9155480 0.9474125 0.5723253 1.4409759 0.9577638 0.9945033 0.0000000 1.4629807 0.9089864 0.1034592 0.5545510 1.4902381 0.9712252 0.4716848 0.9371567 1.6583116 0.5550297 1.5548676 1.4392852 1.7961024 1.8882073 1.5384580 1.8784866 1.8500788 1.8494562 1.8695415 0.6876882 2.1309334 1.8414191 2.1695531 1.8402657 1.7915135 1.9275263 0.7370413 1.5192357 2.6049048 2.0534941 2.3676228 1.9403058 2.5406239 2.5406239 2.0834269 2.9197815 2.4917446 2.2304206 1.8227834 2.2185302 1.6616054 1.6189218 2.0860844 2.6202127 2.5883919 4.1484529 3.7897380 0.7451805 0.7249624 0.8213095 0.8213095 0.7243944 1.2527539 1.2527539 1.2208204 1.2208204 1.4330108 1.3161700 0.4031828 0.4031828 1.1656568 1.4111159 2.6890255 1.1656568 0.2282294 0.4357866 1.3161700 0.2282294 1.4356584 1.5084106 1.4506937 0.8380861 1.3891060 3.3703710 0.7286680 1.4937736 2.0142540 0.7286680 1.5154587 1.1982668 1.9396519 1.9396519 1.9147630 1.9147630 2.2415093 1.8723969 2.0941551 1.8469126 2.0941551 1.1967604 2.1435514 2.1790680 1.8816490 1.8816490 2.2552675 2.2552675 2.3647721 2.3702401 1.9395850 1.6540384 1.4506937 1.8714027 2.2415093 1.9833838 2.0452449 2.0452449 3.2044707 3.5626203 2.5546804 4.0075206 1.8648200 1.8865713 1.6863674 1.8865713 1.6555462 1.9660595 1.6555462 1.9660595 1.3584647 1.5305016 1.5305016 1.9558416 1.6750595 3.2205768 1.7941427 2.5158817 2.5786800 2.6868518 4.5122587 3.1211314 3.1211314 3.0058681 3.1377608 3.7134471 3.5179331 3.5179331 2.9971828 2.3340636 2.9082136 4.1543605 1.8262289 2.8551473 3.5683307 2.7516126 2.2393194 2.2429176 2.2955782 
HanXRQChr16g0519321_Kbox           1.3677455 1.1285368 1.5550716 1.6469083 1.8269453 1.2832446 1.5855854 1.3255934 1.5868565 1.6967322 1.4629807 0.0000000 1.4127667 1.5377295 2.0699067 0.5562005 1.5922046 2.1603207 1.4260212 1.1507807 2.2559281 0.1350160 0.1416639 1.8527434 1.7774387 0.7558095 1.9174316 1.9151345 1.8088351 2.1997459 1.9032178 1.8946067 1.9583093 2.3215375 2.2075502 1.8492020 1.9490418 2.0694347 1.3631424 2.7280861 1.7914252 1.5474976 1.6703931 2.7132734 2.7132734 2.0429241 2.9058190 2.2463608 2.2270515 1.8646991 2.3395924 2.3069613 2.3234632 3.0420843 3.4954630 3.0417739 3.2020712 3.1962477 1.6558606 1.5746996 1.2510230 1.2510230 1.3258297 0.3496510 0.3496510 0.3769272 0.3769272 1.3893713 0.3914291 1.5677960 1.5677960 0.4234865 1.2296287 3.3068431 0.4234865 1.4883304 1.6429924 0.3914291 1.4883304 1.4996770 1.0695626 1.6346260 1.4287478 1.1880377 3.5177300 1.6725134 1.2930209 2.8809730 1.6725134 1.5677623 1.7641381 1.9201395 1.9201395 1.9564633 1.9564633 1.9542493 2.1666643 1.8281340 1.8714934 1.8281340 0.4438843 2.2749916 1.7906004 2.6091900 2.6091900 1.7810657 1.7810657 2.8270392 2.2456152 2.2954622 1.4784298 1.6346260 2.0515586 1.9542493 1.9133840 2.3638656 2.3638656 3.0803583 3.3643258 2.9135404 3.4321869 2.1327639 2.2005041 2.0213325 2.2005041 1.8054354 2.2772252 1.8054354 2.2772252 1.4424545 1.7925330 1.7925330 2.3225943 1.7660176 2.8306532 1.9326916 2.8671408 2.9385000 3.0958755 3.2621217 2.5553405 2.5553405 3.2340976 2.9860927 3.2783406 3.2007749 3.2007749 3.2775890 3.8499093 2.1088522 4.1213765 1.7134785 3.6970021 2.9027712 2.4935271 2.1154498 1.8548083 2.1084445 
HanXRQChr05g0154261_Kbox           0.9955888 1.2131765 0.5475117 0.6097968 0.6695910 0.5374918 1.1485483 1.5824756 0.6632745 0.6633379 0.9089864 1.4127667 0.0000000 1.0013673 1.1602107 1.5413167 0.4842582 1.2369532 0.0475594 1.4127932 1.1828868 1.4843871 1.4768603 1.6157942 1.4028811 1.3563398 1.6362178 1.5970711 1.8203026 1.9265594 1.1273217 2.0993871 2.0937308 2.4760241 2.5598794 2.1065783 1.9328893 1.6705806 1.5322057 2.9640520 1.7544997 2.0686407 1.6232708 2.8215539 2.8215539 2.3161314 3.0432014 2.4639883 2.5815244 2.1290125 2.2879391 1.3781552 1.1781930 1.9136802 3.3257940 2.5884278 3.9085482 3.1594329 0.7603000 0.7328893 0.5220828 0.5220828 1.0071525 1.4503878 1.4503878 1.2996681 1.2996681 1.4839953 1.5389305 1.2513628 1.2513628 1.1099997 1.2986759 2.6051946 1.1099997 0.8953203 1.2338631 1.5389305 0.8953203 1.5434285 1.1510122 1.6010984 0.9751341 1.5135122 3.3441060 1.3682256 1.3761198 1.6728025 1.3682256 1.6070627 1.1145318 2.0361625 2.0361625 1.7509991 1.7509991 2.5047591 2.1271386 1.6355209 2.0478813 1.6355209 1.1369448 2.1505366 1.7012028 2.0332299 2.0332299 1.9343754 1.9343754 3.2985506 2.8555132 2.2063157 1.1188660 1.6010984 1.6631059 2.5047591 2.0278438 1.7274472 1.7274472 2.7152010 2.5110579 2.4611493 4.1871410 1.5089558 1.4664004 1.4602295 1.4664004 1.6242656 1.5144514 1.6242656 1.5144514 1.2555418 1.4787220 1.4787220 1.6529878 1.2554934 2.1504113 1.5609005 2.2553137 2.1538815 2.5191100 5.5272547 3.3472586 3.3472586 3.5090016 3.4166543 3.1262152 3.6429049 3.6429049 2.6707433 2.6651713 3.0586402 4.1285134 2.0930394 3.2499819 2.6227409 1.8759109 1.5220842 1.4779710 1.4003552 
HanXRQChr12g0361321_Kbox           0.9325408 1.6179048 0.9377872 0.9290671 1.0454927 1.0263858 0.5284665 1.5814553 1.1341859 1.0754452 0.1034592 1.5377295 1.0013673 0.0000000 0.5271928 1.7020724 1.0383661 0.4894762 1.0314613 1.8018533 0.5499620 1.6649324 1.5014963 2.0023492 2.0642555 1.7238628 2.0499180 2.0126477 2.0377066 2.0390484 0.6663301 2.2819584 2.1454119 2.3155905 2.0159555 2.0475080 2.0036544 0.7127586 1.4827350 2.6367756 2.0083551 2.4819353 1.9083828 2.5720664 2.5720664 2.1460402 2.8677852 2.3500562 2.1986101 2.0980457 2.0830881 1.7127049 1.6217865 2.1535344 2.8010558 2.6952077 4.3463783 4.2581521 0.8137448 0.7841090 0.7787029 0.7787029 0.7948799 1.2922646 1.2922646 1.3168196 1.3168196 1.4425390 1.3578213 0.3484442 0.3484442 1.2425983 1.4901548 3.0953212 1.2425983 0.1706014 0.3801425 1.3578213 0.1706014 1.4133154 1.4640266 1.5502234 0.8849024 1.5015373 3.9965146 0.6554133 1.5306568 2.3815639 0.6554133 1.4710063 1.2741707 1.9559569 1.9559569 2.1013038 2.1013038 2.2051842 1.8216508 2.2688676 1.9900254 2.2688676 1.1854641 2.2205557 2.2168991 1.9303023 1.9303023 2.2371066 2.2371066 2.5159639 2.4385335 2.1377198 1.6698711 1.5502234 1.8327156 2.2051842 2.0001661 2.1030129 2.1030129 3.5386208 3.3843879 2.5048318 3.9273809 1.9475158 2.0135291 1.7951747 2.0135291 1.7304964 2.0999856 1.7304964 2.0999856 1.4050008 1.5804110 1.5804110 2.0093341 1.7454317 3.1615213 1.8340401 2.7829333 2.8592085 2.6569565 4.7411082 3.1021579 3.1021579 3.5065146 3.1452789 3.7159688 3.4297924 3.4297924 2.7072568 2.5907607 2.9082136 3.9529599 1.9448735 2.7174385 3.3466524 2.4750724 2.0156835 1.9732252 2.0622754 
HanXRQChr07g0200321_Kbox           1.0919741 1.6756914 1.2123241 1.2447558 1.3195518 1.1990713 0.6823985 1.8023510 1.3725708 1.4224025 0.5545510 2.0699067 1.1602107 0.5271928 0.0000000 2.2451816 1.2888600 0.1108488 1.1548504 2.1191438 0.1382122 2.2833196 2.1479784 1.9898843 2.0282395 1.9870029 2.0355269 2.0314909 2.0971303 2.1405648 0.8081107 2.3095463 2.4575731 2.9667932 2.2798823 2.3745596 1.9027122 0.9319676 1.9050378 3.0574816 2.1114490 2.7992482 2.0377398 2.9910152 2.9910152 2.2356719 3.1726835 2.5382491 2.4610452 2.3662898 2.2733587 1.6838293 1.5941293 2.2037496 3.6057783 3.3593269 4.1418870 3.8509004 1.0806393 0.8557032 1.0304552 1.0304552 1.1227772 1.6687369 1.6687369 1.5494465 1.5494465 1.8077059 1.6561125 0.5662151 0.5662151 1.6634651 1.7956650 3.8144513 1.6634651 0.4470980 0.6003837 1.6561125 0.4470980 1.6629198 1.6192740 1.8092713 1.0142444 2.1604919 3.2930546 0.9129840 1.7075507 2.3372211 0.9129840 1.6467879 1.7136904 2.2540554 2.2540554 2.1456071 2.1456071 2.3953390 1.9048453 2.0732975 2.0408330 2.0732975 1.5974892 2.2015686 2.1911787 2.2183158 2.2183158 2.0521675 2.0521675 3.0552180 2.6514479 2.2900671 1.6679079 1.8092713 1.8891666 2.3953390 2.3015928 2.2166623 2.2166623 3.2586062 3.6830743 2.6331980 3.9654586 2.2304261 2.2785175 1.9031134 2.2785175 2.2478602 1.9686048 2.2478602 1.9686048 1.4940438 1.6522948 1.6522948 2.1188978 2.3905577 2.8234605 2.3823946 2.7457468 2.8833315 2.9760578 4.7125412 3.6135246 3.6135246 3.7033786 3.4146613 3.9228538 3.5260245 3.5260245 2.3080628 2.9140660 2.5469715 4.3048248 2.4173472 2.9681551 2.5703223 2.9964862 2.5462997 2.1705045 2.3562178 
HanXRQChr09g0266391_Kbox           1.4475780 1.4734692 1.5922959 1.6607938 1.7050370 1.4657081 1.4657352 1.5868067 1.5799328 1.6587510 1.4902381 0.5562005 1.5413167 1.7020724 2.2451816 0.0000000 1.5112155 2.0707776 1.6306074 1.4622571 2.1237586 0.6610481 0.6478252 1.7730108 1.7402708 0.4659313 2.0535435 1.8452899 1.6407776 2.1333420 1.7107853 2.0392126 2.1407264 2.1909850 2.3117615 2.1130003 2.0972267 2.3831330 1.5799974 3.2342134 1.8738245 1.7888469 1.8000282 3.0351939 3.0351939 2.2987252 3.1984017 2.3576200 2.5275814 2.2799117 2.5255918 2.1366027 2.2036746 2.2738335 3.9882376 3.1096993 3.0185205 2.9417377 1.7573620 1.6160218 1.4460532 1.4460532 1.4477918 0.5348165 0.5348165 0.5623436 0.5623436 1.3211635 0.5459741 1.8027343 1.8027343 0.3381045 1.4307914 2.9167445 0.3381045 1.4794596 1.8899103 0.5459741 1.4794596 1.2805795 1.4275649 2.1552993 1.4760585 1.6036600 4.8211533 1.5497938 1.3507284 3.0920251 1.5497938 1.3580095 1.7679411 1.7207649 1.7207649 1.7343940 1.7343940 2.7387238 2.1522014 1.8342495 1.4055723 1.8342495 0.3783554 2.0555193 1.8970069 2.7323559 2.7323559 1.8026981 1.8026981 3.2683575 2.3107150 2.1623447 2.0068979 2.1552993 1.8351070 2.7387238 1.7144203 1.8298353 1.8298353 2.5828672 3.5935870 2.7477724 3.4214079 2.3296334 2.2547585 2.0375499 2.2547585 2.1143546 2.4033111 2.1143546 2.4033111 1.5992736 2.2668965 2.2668965 1.8040847 2.0117298 2.5053238 2.0025114 2.7854933 2.8316632 3.1132796 3.2617664 2.4109720 2.4109720 2.6548397 2.6821366 3.3959377 3.4473663 3.4473663 2.4608592 4.1290803 2.6298620 3.7577685 1.9326048 3.6827143 2.7844578 2.3849693 2.2087402 1.8135420 2.2508695 
HanXRQChr09g0270311_Kbox           1.1536901 1.3613990 0.6609163 0.6529828 0.7287787 0.5175891 1.2897393 1.4796032 0.7093208 0.7069085 0.9712252 1.5922046 0.4842582 1.0383661 1.2888600 1.5112155 0.0000000 1.2215680 0.4704052 1.4914814 1.1835778 1.6995798 1.5584701 1.6146614 1.7943450 1.5968047 1.7996121 1.6494792 1.9710089 1.9486408 1.2655935 2.1773751 1.8763637 2.3578964 2.4930082 1.9402710 1.9729358 1.8704707 1.4800932 3.0593299 1.8670042 2.1579403 1.7500606 2.8939268 2.8939268 2.0992824 3.1014509 2.3250922 2.1729563 2.0870643 2.1788408 1.1878696 1.0993526 1.9245235 2.7363823 2.3073856 3.8146031 3.5683540 0.8135143 0.8900499 0.6587839 0.6587839 1.3659112 1.6499122 1.6499122 1.3792999 1.3792999 1.5802745 1.7250222 1.3433758 1.3433758 1.2725234 1.4065245 3.2429628 1.2725234 0.8575043 1.3242218 1.7250222 0.8575043 1.4762597 1.5033978 1.8429638 1.1820420 1.6267611 3.7360545 1.3519383 1.6560369 2.2564684 1.3519383 1.4413065 1.1380121 2.1600519 2.1600519 1.7882896 1.7882896 2.5018245 2.0497909 1.6453712 2.2554001 1.6453712 1.3412903 1.9506691 1.8478769 1.8771825 1.8771825 2.4631784 2.4631784 1.7763025 2.7036066 2.1838715 1.4260782 1.8429638 1.7778853 2.5018245 2.1509442 1.8976794 1.8976794 2.9682780 2.6137341 2.4643708 3.3367869 1.5477634 1.5059221 1.3993067 1.5059221 1.6360438 1.4853364 1.6360438 1.4853364 1.1285531 1.3767040 1.3767040 1.8150518 1.5149059 2.5140268 1.6123182 2.3648121 2.1341798 2.6582557 4.9947301 3.1020467 3.1020467 3.0144093 3.4002228 3.2893817 3.3679862 3.3679862 2.9359233 2.4340844 2.6738541 4.5611049 2.1676182 4.4429806 2.4386867 2.3951547 1.9515855 2.0300017 1.8633608 
HanXRQChr09g0265001_Kbox           1.1012364 1.8741498 1.2513349 1.2850273 1.2419189 1.2372615 0.6544055 1.8345924 1.3544763 1.3337149 0.4716848 2.1603207 1.2369532 0.4894762 0.1108488 2.0707776 1.2215680 0.0000000 1.2306826 2.1435186 0.0612130 2.2809418 2.2152341 2.0383068 1.9498206 1.9140087 2.0447814 1.9641038 2.0041282 2.2480393 0.7874652 2.3761757 2.4190683 3.0866590 2.3909479 2.3369781 1.7814361 0.8929053 1.8687358 2.8317617 2.1198112 2.7555055 2.0387461 2.7670900 2.7670900 2.0716516 3.0136697 2.3503212 2.2737315 2.3811432 2.2847194 1.8561670 1.6454022 2.0974759 3.5692603 3.3577204 4.2702925 3.6094405 1.0353549 1.0229903 1.1452582 1.1452582 1.0312923 1.6635341 1.6635341 1.5651117 1.5651117 1.7323586 1.6511896 0.5257140 0.5257140 1.6806982 1.8945616 4.0641478 1.6806982 0.4497501 0.5593496 1.6511896 0.4497501 1.4819240 1.7108527 1.9448151 1.0221938 2.0382902 3.2289585 0.8905021 1.7594349 3.1071604 0.8905021 1.5050287 1.7315374 2.2562130 2.2562130 2.1697428 2.1697428 2.2236872 2.0054376 2.1466257 1.9355826 2.1466257 1.6138547 2.2240197 2.0303541 2.2435704 2.2435704 2.0007667 2.0007667 3.6243894 2.6223383 1.9842685 1.9035118 1.9448151 1.9090895 2.2236872 2.3034294 2.2304325 2.2304325 3.3731275 3.8060219 2.7280599 4.1768007 2.3319234 2.3832025 2.0673874 2.3832025 2.3350596 2.2643718 2.3350596 2.2643718 1.6063457 1.7503333 1.7503333 2.1294464 2.5757218 2.9147142 2.4846366 2.7800695 2.9970832 3.0155073 4.3959201 3.3855178 3.3855178 3.7482147 3.5186751 4.0509560 3.5760253 3.5760253 2.7564029 3.1119349 2.5469715 3.9960139 2.4173472 2.9339258 2.6272095 3.0891036 2.6246704 2.2454555 2.4303306 
HanXRQChr16g0507561_Kbox           0.9632820 1.2655645 0.5696249 0.6326404 0.6849211 0.5663443 1.1831511 1.5707755 0.6591556 0.6785485 0.9371567 1.4260212 0.0475594 1.0314613 1.1548504 1.6306074 0.4704052 1.2306826 0.0000000 1.4413369 1.1773119 1.4979588 1.4904176 1.5899013 1.4944184 1.4130609 1.6058078 1.5676731 1.8690501 1.8837766 1.1946710 2.0659154 2.0308790 2.3365600 2.5564818 2.0413239 1.9266919 1.6581019 1.5497538 2.7612179 1.7440370 2.1875465 1.6412921 2.6789908 2.6789908 2.2288431 2.8276520 2.5206715 2.4350851 2.0594729 2.3144761 1.3263848 1.1305459 2.0010361 3.4130717 2.6154249 3.9089364 3.1119491 0.8381000 0.7916723 0.5998857 0.5998857 1.0362644 1.5320030 1.5320030 1.3814295 1.3814295 1.5822909 1.6259266 1.3751292 1.3751292 1.1777525 1.3549196 2.5254536 1.1777525 0.9706944 1.3557018 1.6259266 0.9706944 1.6404763 1.2249378 1.5656974 1.0037909 1.5517111 3.0983830 1.4761651 1.4391100 1.6334681 1.4761651 1.7103395 1.1653231 2.1551968 2.1551968 1.7709608 1.7709608 2.5219172 2.1355047 1.6583258 2.0512582 1.6583258 1.2078307 2.1505366 1.5686105 2.1082899 2.1082899 2.2008921 2.2008921 2.6711467 2.9385291 2.2247370 1.1140365 1.5656974 1.6827512 2.5219172 2.1458284 1.7274472 1.7274472 2.7152010 2.5641715 2.5917985 4.1229060 1.4424145 1.4018883 1.3975316 1.4018883 1.5515080 1.5144514 1.5515080 1.5144514 1.1978286 1.4081185 1.4081185 1.6529878 1.2554934 2.2112008 1.5609005 2.2975300 2.2120736 2.6617967 5.5671881 3.3865438 3.3865438 3.5488801 3.4560770 3.2107924 3.9428798 3.9428798 2.6707433 2.6065260 3.0586402 4.1508677 2.0930394 3.2499819 2.6521230 1.8759109 1.5220842 1.4779710 1.4003552 
HanXRQChr09g0262151_Kbox           1.4053127 0.5600171 1.2576687 1.3274894 1.7822528 1.4678305 1.5971331 0.7339228 1.7791726 1.6656290 1.6583116 1.1507807 1.4127932 1.8018533 2.1191438 1.4622571 1.4914814 2.1435186 1.4413369 0.0000000 2.2120894 1.0934691 1.2611309 1.6999552 2.1712624 1.5881497 2.0460190 2.1617804 1.9466024 1.7430754 1.4875131 2.0948921 2.1622426 2.7377216 2.1655528 2.0808069 2.0555253 2.5311453 0.5830567 3.1151833 2.2178423 2.3653699 2.1884972 2.9370610 2.9370610 2.2548828 3.4964477 2.4004860 2.6019362 2.1786384 2.5112467 1.8483333 1.7646990 2.6291513 4.0603701 3.0606027 2.8597010 2.8885637 1.5523780 1.3384229 1.3928312 1.3928312 1.3117682 1.2831303 1.2831303 1.1241909 1.1241909 1.5221220 1.2970604 1.8915487 1.8915487 1.0356617 0.5804726 0.8727547 1.0356617 1.5687313 1.8645416 1.2970604 1.5687313 1.6387625 0.5791806 0.5372318 1.4610421 0.6863055 1.2463480 1.5101819 0.6630194 0.6047067 1.5101819 1.6423932 1.7632988 2.0298078 2.0298078 1.9793936 1.9793936 2.2295168 1.5348750 1.6664585 1.7912473 1.6664585 0.9953069 1.8705596 1.9703081 1.5730442 1.5730442 2.1147585 2.1147585 2.7340887 2.8675591 2.4905923 0.6560555 0.5372318 2.0824794 2.2295168 1.9279768 2.1840807 2.1840807 2.5428409 2.5559239 2.5433545 2.4524733 1.7590470 1.8157567 1.8202673 1.8157567 1.5596082 1.8027867 1.5596082 1.8027867 1.5481876 1.7672278 1.7672278 2.0180158 1.3841402 2.3000841 1.6061906 2.4732207 2.5571240 2.6714952 3.9551874 2.6813308 2.6813308 2.7907239 2.7042817 2.8935230 2.5503083 2.5503083 2.2013165 3.2125820 2.4176691 3.5066970 1.5497098 2.3091519 2.6962642 1.9976363 1.9962584 1.8957816 2.1789654 
HanXRQChr15g0489071_Kbox           1.0831375 1.7943746 1.2587161 1.2926900 1.1865929 1.1953114 0.6313661 1.7507119 1.2843590 1.2655537 0.5550297 2.2559281 1.1828868 0.5499620 0.1382122 2.1237586 1.1835778 0.0612130 1.1773119 2.2120894 0.0000000 2.4150735 2.2683309 2.0070954 2.0250253 1.9940024 2.1845664 2.0990178 2.1273586 2.2655654 0.7866426 2.5490828 2.4819813 3.0833884 2.4561571 2.3967649 1.7633618 0.8932040 1.8886003 2.8986688 2.1349756 2.9469664 2.0164086 2.8338472 2.8338472 2.0861496 3.0850936 2.3663971 2.2573611 2.4466538 2.2426829 1.8486010 1.6572639 2.1740644 3.5207110 3.1811609 4.2206984 3.8383601 1.0695405 1.0488385 1.1862426 1.1862426 1.0409509 1.7751014 1.7751014 1.6670980 1.6670980 1.8823623 1.7601132 0.5602662 0.5602662 1.6881791 1.7777278 4.6246622 1.6881791 0.4511660 0.5953263 1.7601132 0.4511660 1.4739779 1.6394971 2.2341131 1.0244693 1.9635348 3.4909642 0.8974118 1.6554486 2.8431758 0.8974118 1.4866520 1.7148009 2.3318164 2.3318164 2.1481202 2.1481202 2.2598916 1.9339379 2.0411769 2.0520771 2.0411769 1.6215214 2.2216987 2.0031139 2.1790804 2.1790804 1.9695081 1.9695081 3.5970639 2.6010846 2.0552586 1.8411092 2.2341131 1.8902588 2.2598916 2.3804809 2.2264026 2.2264026 3.2100880 3.7899716 2.7046706 4.0999790 2.2885596 2.3386465 2.0323667 2.3386465 2.2912518 2.2604683 2.2912518 2.2604683 1.7076586 1.7397759 1.7397759 2.1258425 2.5083458 2.6953147 2.4297640 2.6204541 2.7468408 2.8663496 4.2701825 3.3568974 3.3568974 3.7149630 3.5113160 3.9610739 3.5298299 3.5298299 2.6422825 3.0602504 2.5469715 4.0620463 2.4173472 2.8615352 2.5287366 2.9083093 2.4709292 2.0918025 2.1962552 
HanXRQChr01g0007431_Kbox           1.4339226 1.1315409 1.5660681 1.6019336 1.9743230 1.4039860 1.6286842 1.2909352 1.7590148 1.8597240 1.5548676 0.1350160 1.4843871 1.6649324 2.2833196 0.6610481 1.6995798 2.2809418 1.4979588 1.0934691 2.4150735 0.0000000 0.2261826 1.9781160 1.8229942 0.7510059 1.9948985 1.9408657 1.8102506 2.1533836 1.9140003 1.9352159 2.0815244 2.2174471 2.3149587 1.9659370 1.9833320 2.1480188 1.4391521 2.6037132 1.8698743 1.4245086 1.7562114 2.7188952 2.7188952 2.3758698 2.6800353 2.0685948 2.4474466 1.9891150 2.1231475 2.5241269 2.5278790 3.2045069 3.0861377 2.9609154 2.9761180 2.8691397 1.7354370 1.6451620 1.3813701 1.3813701 1.3109387 0.3978015 0.3978015 0.4445143 0.4445143 1.2580265 0.3787301 1.5778129 1.5778129 0.4299817 1.2319275 3.5560088 0.4299817 1.4340336 1.5917036 0.3787301 1.4340336 1.4922191 1.1005554 1.8076451 1.4694367 1.2180642 3.6335565 1.7154427 1.2778859 3.1679878 1.7154427 1.5585557 1.7931968 1.8572798 1.8572798 1.8350884 1.8350884 2.0463700 2.0119614 1.6914183 1.9087142 1.6914183 0.4310716 2.2426454 1.7232255 2.6977906 2.6977906 1.8109056 1.8109056 2.4560177 2.2379656 2.1907213 1.3869517 1.8076451 1.9378984 2.0463700 1.8046920 2.3709724 2.3709724 2.7722642 3.4520323 2.7554128 3.5867208 2.2902590 2.3575100 2.1989211 2.3575100 1.9625560 2.4638527 1.9625560 2.4638527 1.5808586 1.8378308 1.8378308 2.3296807 1.7671638 2.7755629 1.9589971 2.7204385 2.6768314 3.0297526 3.3546973 2.4866404 2.4866404 2.9949068 2.8357637 3.2199952 3.0828334 3.0828334 3.3038909 3.5509545 1.9215198 3.3582835 1.6472326 2.9971729 2.7853740 2.5035708 2.0387883 1.8602538 2.1150918 
HanXRQChr05g0147261_Kbox           1.3963633 1.3124902 1.6274669 1.6294712 1.7677192 1.3452479 1.5604760 1.3944629 1.5834180 1.6556469 1.4392852 0.1416639 1.4768603 1.5014963 2.1479784 0.6478252 1.5584701 2.2152341 1.4904176 1.2611309 2.2683309 0.2261826 0.0000000 1.9955798 1.9691605 0.7278081 2.1526571 2.1073173 1.9280084 2.0402427 1.8823553 2.0009536 2.0032711 2.4573054 2.3600883 1.8849061 2.0621346 2.0745124 1.3747115 2.6531788 1.8671184 1.6954108 1.7239620 2.6502666 2.6502666 2.4044224 2.6643976 2.2777261 2.4027575 1.9031992 2.1336277 2.4810926 2.3533620 3.2510793 3.2860650 2.8820915 3.1796652 3.1463472 1.4803212 1.5631982 1.2832407 1.2832407 1.2316312 0.4529185 0.4529185 0.4637984 0.4637984 1.4193563 0.4410724 1.5891488 1.5891488 0.4643093 1.2681303 3.7945101 0.4643093 1.4198808 1.6035481 0.4410724 1.4198808 1.4729361 1.0964672 2.4684223 1.3334424 1.2832802 5.9197403 1.6370043 1.2341043 3.3996050 1.6370043 1.4855656 1.8394820 1.7239757 1.7239757 1.9703965 1.9703965 1.8478004 1.9921061 1.7269502 2.0639684 1.7269502 0.4867003 2.0577130 1.9115035 2.6174314 2.6174314 1.9191781 1.9191781 3.1215212 2.0909209 2.4580383 1.5890542 2.4684223 2.0659621 1.8478004 1.7183755 2.3949921 2.3949921 2.6641281 3.2931862 2.8450005 3.4110993 2.3346190 2.4028251 2.2049570 2.4028251 2.0835531 2.4870947 2.0835531 2.4870947 1.5000202 1.9522330 1.9522330 2.3522719 2.0049804 2.6949418 2.0259523 2.6953233 2.7571801 2.8531279 3.2872346 2.5554495 2.5554495 3.2518698 2.9616247 3.2956784 3.1272672 3.1272672 3.4155515 3.8865480 2.1682036 3.9113995 1.4163802 3.3880589 3.0504975 3.2483529 2.5940644 2.4920183 2.7966277 
HanXRQChr09g0273361_Kbox           1.6903014 1.6181443 1.3229241 1.4741008 1.4125003 1.4697127 1.8850446 1.7562473 1.4129619 1.4436211 1.7961024 1.8527434 1.6157942 2.0023492 1.9898843 1.7730108 1.6146614 2.0383068 1.5899013 1.6999552 2.0070954 1.9781160 1.9955798 0.0000000 1.9032072 1.8998781 1.7575046 1.7712137 1.9459173 1.4089432 2.1095045 2.1587480 1.8333603 2.0508865 2.1779806 1.7586244 2.1316616 2.7486629 1.7594417 2.4930253 2.0857727 2.5339551 2.0118487 2.4206057 2.4206057 2.2752338 2.7129493 2.2172940 2.6858207 1.8712138 2.0319334 2.0060714 1.6300074 2.6650567 3.8749271 3.1523277 3.1031518 2.9597369 1.6412758 1.6391885 1.4831729 1.4831729 1.5629365 1.4916673 1.4916673 1.8719469 1.8719469 1.4129981 1.5055662 1.6657934 1.6657934 1.4216441 1.9572926 2.2982342 1.4216441 1.8420011 1.7498500 1.5055662 1.8420011 1.6843683 1.6391537 2.1016289 1.8886884 1.9276079 1.4316571 1.9414437 1.7772122 1.5873720 1.9414437 1.8434962 1.7313015 1.9003699 1.9003699 1.7144804 1.7144804 1.6950198 2.0305144 1.8195048 2.0555671 1.8195048 1.4926719 1.6874760 1.9324405 2.3286412 2.3286412 1.9112010 1.9112010 2.1907645 2.4861447 1.4111224 1.6647001 2.1016289 1.6735561 1.6950198 1.9244092 2.8467285 2.8467285 3.0272543 3.8496537 3.4634203 2.9974227 1.9559814 2.0880053 2.5622721 2.0880053 2.3089556 2.5803157 2.3089556 2.5803157 2.2066764 1.8106683 1.8106683 2.8197798 2.2041921 2.0736866 2.6476130 2.4383422 2.4970686 3.2493267 4.2794237 2.9313047 2.9313047 2.9840637 2.8638796 3.6163388 4.4930865 4.4930865 2.3755255 3.6932384 3.1451870 3.3474283 1.6771744 3.1346391 3.3051659 2.4017035 2.0288160 1.8413545 1.8719277 
