70
HanXRQChr00c0029g0571181                  0.0000000 2.4336737 2.1051043 1.8288018 2.9643420 1.8651482 2.9643420 1.6566548 2.5161380 3.0584410 1.8747214 1.0415606 1.9227788 1.6092072 2.0406195 1.7008980 2.2870578 2.8850489 2.9265925 2.2960839 1.0492836 2.6605302 2.8225303 2.4793171 2.1777566 3.4331570 1.6671792 2.3158449 1.8802134 3.9911866 2.7071258 2.4758876 1.5975784 1.3154560 1.9466196 0.7808894 2.3339615 2.1004068 1.7119574 2.7540111 1.9467612 2.0637013 1.9245889 1.9927464 0.8065409 1.9857092 2.8134664 3.2765593 1.7889366 1.0116432 2.4123789 2.7875219 1.7344200 2.3539294 2.3099395 1.0903733 0.6905854 1.6131814 1.7680943 5.9724520 3.0770591 2.3594032 1.8844131 2.1026842 2.0281323 2.0363146 1.1148083 1.1809244 0.7829173 1.4978899 
HanXRQChr10g0299591                       2.4336737 0.0000000 1.8941822 2.0331322 2.5403991 2.3078628 2.5403991 2.3005396 2.4094495 2.4034191 2.4094190 2.3411068 2.1069265 2.1963200 2.6940950 2.4266425 2.1737198 2.5333547 2.1837993 1.6092029 2.1673285 2.1935894 2.4633989 2.4695650 1.6257687 2.9647548 2.3091380 2.4948974 2.5026043 3.9107565 2.8156915 2.3573961 2.3611369 2.0029133 2.3656671 2.2554618 2.2484506 2.2149368 2.2283588 1.4276861 2.2402781 2.2500032 2.7838449 2.1003812 2.2543790 2.1581838 2.8254264 2.8161541 1.2859282 2.2053820 2.0543209 2.3902989 2.2904614 2.1394087 2.1145215 2.1997910 1.4745850 2.2845824 2.3408814 6.4306902 3.0012449 2.5512868 2.0891700 2.6907147 2.0376937 2.0403349 2.2107164 2.1302055 2.4646528 2.2508068 
HanXRQChr10g0291191                       2.1051043 1.8941822 0.0000000 1.7960685 2.3334663 1.8529451 2.3334663 1.7385220 2.1139380 2.6303670 1.8626463 1.8677096 1.7814357 1.6139833 1.7253053 1.6272706 1.9498709 2.3646301 2.3371280 0.7352479 1.9261996 1.8493795 2.3749981 1.8621358 0.6388767 2.8834367 1.7540653 2.1025107 1.8840621 2.8383143 1.9743845 2.0873384 1.6475397 1.6530715 2.1887872 1.9095700 2.1019398 2.0253909 1.8350891 1.8983516 1.7787652 2.3182116 2.4832312 1.9479573 1.8718630 1.8511079 2.6489165 2.7684306 0.5886299 1.9475434 1.9547799 2.1879528 1.9292109 2.0415396 2.0546996 1.6347985 1.2592102 1.6348796 1.7527498 6.5007718 2.3746429 2.3937799 1.7412762 1.7967472 1.7942101 1.7548455 1.7598829 1.9416477 1.8851835 2.0356953 
HanXRQChr16g0519321                       1.8288018 2.0331322 1.7960685 0.0000000 2.5298287 1.6965181 2.5298287 1.5730241 2.3554531 2.6033960 1.7195933 2.0851579 1.6062395 1.4942296 0.7334928 1.5405898 1.9045897 2.4368467 2.5424738 1.4703533 1.9557521 1.8725021 2.4724026 1.0683709 1.6237804 2.5022317 1.5683097 1.8897400 0.1519022 3.0494180 2.5028432 2.2907903 1.8398255 1.5638841 2.1776004 1.7646491 1.7084879 1.7605601 1.7721806 1.5976495 0.1099446 2.2327576 2.4067479 1.6275786 1.6935243 1.7018670 2.3225517 2.4935855 1.2646629 2.0209695 2.3364313 2.6108221 1.9950713 1.7727376 1.7655142 1.7350776 1.3622881 1.8066458 1.9277919 4.4855447 2.3594814 2.2323974 0.3229125 0.6920298 0.4674180 0.5260532 1.9127260 1.9340326 1.6992235 2.0002671 
HanXRQChr16g0501741                       2.9643420 2.5403991 2.3334663 2.5298287 0.0000000 2.4319466 0.0000010 2.5835690 1.1798055 3.1347930 2.8303548 3.0997587 2.0745687 2.5200636 2.4861711 2.4075861 2.9263128 0.0936274 3.3009143 2.2634597 2.7632077 2.4785932 0.2016137 3.4951360 2.3875880 3.0264745 2.6425859 2.4668115 2.6985716 4.3778169 2.9715351 2.7329327 2.5646965 2.3663006 2.7333703 3.0942885 1.7951229 2.6704760 2.5671444 2.4605418 2.5449062 3.1015403 3.5860506 2.3748128 2.9002793 2.6370526 3.4654925 2.9670151 1.7007967 2.9058953 2.8709774 2.9225183 2.9740105 1.7845247 1.7480361 2.8613499 1.9878914 2.4927350 2.5222989 8.6563495 0.8743506 2.1020225 2.8643695 2.9069335 2.8602306 2.7791049 2.7651754 2.9014981 2.7706426 3.2507178 
HanXRQChr16g0523531                       1.8651482 2.3078628 1.8529451 1.6965181 2.4319466 0.0000000 2.4319466 1.7193233 2.5762741 2.8436422 1.6968646 1.7853437 0.2783931 1.9907577 1.5617938 1.7669017 1.9530858 2.5103325 2.5203208 1.8867821 1.6487078 1.8916563 2.4657064 1.7285187 1.6831695 2.5200926 1.6732313 1.6088863 1.8020430 2.9479047 2.0895816 1.7649064 1.6712313 1.4733250 2.4522641 1.7973293 2.3308035 0.5141520 1.6387956 2.0959013 1.7072304 2.6393861 2.1562961 0.2644662 1.7068934 0.3273673 3.0593711 2.4329678 1.4595950 1.7234615 2.1555454 1.7296788 1.7031483 2.2707688 2.2324740 1.6132132 1.5542813 1.7063838 1.7438762 6.1592047 2.4812523 2.2064376 1.6305592 1.6494193 1.8009904 1.7442509 1.8660131 1.7815858 1.6486539 1.8323192 
HanXRQChr16g0501381                       2.9643420 2.5403991 2.3334663 2.5298287 0.0000010 2.4319466 0.0000000 2.5835690 1.1798055 3.1347930 2.8303548 3.0997587 2.0745687 2.5200636 2.4861711 2.4075861 2.9263128 0.0936274 3.3009143 2.2634597 2.7632077 2.4785932 0.2016137 3.4951360 2.3875880 3.0264745 2.6425859 2.4668115 2.6985716 4.3778169 2.9715351 2.7329327 2.5646965 2.3663006 2.7333703 3.0942885 1.7951229 2.6704760 2.5671444 2.4605418 2.5449062 3.1015403 3.5860506 2.3748128 2.9002793 2.6370526 3.4654925 2.9670151 1.7007967 2.9058953 2.8709774 2.9225183 2.9740105 1.7845247 1.7480361 2.8613499 1.9878914 2.4927350 2.5222989 8.6563495 0.8743506 2.1020225 2.8643695 2.9069335 2.8602306 2.7791049 2.7651754 2.9014981 2.7706426 3.2507178 
HanXRQChr16g0507561                       1.6566548 2.3005396 1.7385220 1.5730241 2.5835690 1.7193233 2.5835690 0.0000000 2.4191897 2.2387459 0.8693070 1.3806028 1.8401397 0.5710449 1.5705953 0.5074756 2.1371796 2.5776042 2.0717474 1.6143032 1.3477349 1.7847317 2.6130410 1.6814954 1.6906180 2.5937353 0.0216637 1.8350717 1.6320699 3.2164472 2.2766969 1.9372660 0.9387515 1.3475741 1.7721373 1.2968664 1.9088905 2.1876961 0.7817295 2.0945546 1.6317907 1.8348446 1.5414299 1.8960238 1.2354205 2.0043382 2.9443643 2.7384547 1.4286466 1.2656633 2.1094570 1.9890600 0.8627967 1.9788591 1.9698015 1.3757171 0.8965780 0.9479262 0.8768545 6.4401581 2.5736891 2.2177975 1.5551581 1.5553951 1.7124248 1.6814060 1.5018530 1.4351865 1.4644875 1.6003808 
HanXRQChr16g0530971                       2.5161380 2.4094495 2.1139380 2.3554531 1.1798055 2.5762741 1.1798055 2.4191897 0.0000000 3.0450327 2.3698132 2.6378232 2.3034390 2.2116752 2.0648987 2.0927902 3.2047607 1.1221184 2.8774122 2.2977294 2.7621003 2.2856650 1.1625028 2.7461445 2.3135722 2.7945846 2.4975319 2.1904733 2.5426735 3.9493740 2.6071093 2.5367285 2.4430813 2.1311121 2.6363153 2.5962487 1.8464801 2.7496347 2.2291695 2.1808117 2.2961757 2.8270520 3.2569317 2.4177024 2.5967317 2.4989985 2.8453831 3.0229645 1.7407751 2.6874922 2.6407616 2.7565911 2.7480075 1.8470142 1.8271971 2.3206463 1.7880993 2.4720537 2.5005885 5.8285305 1.1424741 2.1437475 2.2918025 2.4495533 2.2553187 2.2744416 2.2707679 2.3547666 2.2175917 2.5769196 
HanXRQChr16g0503081                       3.0584410 2.4034191 2.6303670 2.6033960 3.1347930 2.8436422 3.1347930 2.2387459 3.0450327 0.0000000 2.6985827 2.7853057 2.4934109 2.1858575 2.8544453 2.3386592 2.7327761 3.3043675 0.3621063 2.2788623 2.6426027 2.7296023 3.4009795 3.2234222 2.5232291 3.1808196 2.3051830 2.6017244 2.6493058 3.6113501 1.2904031 1.2944630 2.5760469 2.8778236 2.5608043 2.6791706 2.5515634 2.9755898 2.3772133 2.5138603 2.6806754 2.5511292 2.4126418 2.8683764 2.7191071 2.7534767 2.9142549 3.1783036 1.8108236 2.6480222 1.4211825 1.2322013 2.8691381 2.4724890 2.5069511 2.6565503 1.9698073 2.6442353 2.5207826 6.4975522 3.0822644 2.5878581 2.5732354 3.0713417 2.7588707 2.6051917 2.6808273 2.6769864 2.7121140 2.7664307 
HanXRQChr07g0200001                       1.8747214 2.4094190 1.8626463 1.7195933 2.8303548 1.6968646 2.8303548 0.8693070 2.3698132 2.6985827 0.0000000 1.5920539 1.7981967 0.8610138 1.7006175 0.8384564 1.9505396 2.8504124 2.3753867 1.6895484 1.5521324 1.6608935 2.8615728 1.9129286 1.8187442 3.1596811 0.8606952 1.8419601 1.8072595 3.6580692 2.5256938 2.1570387 0.8852370 1.2964278 1.8452468 1.5035017 1.9574533 2.2461594 0.1536523 2.2009466 1.8538013 1.7756791 1.6008292 1.8333951 1.3845011 1.8938113 3.1008186 2.9764011 1.5602115 1.5014078 2.6244153 2.1290770 0.2999357 2.0715740 2.0659980 1.3494807 0.9023888 0.8510333 0.7949505 6.8251527 2.4633209 2.1820401 1.6732905 1.6314444 1.8243019 1.8877172 1.7449375 1.7284607 1.5840133 1.7263491 
HanXRQChr07g0200321                       1.0415606 2.3411068 1.8677096 2.0851579 3.0997587 1.7853437 3.0997587 1.3806028 2.6378232 2.7853057 1.5920539 0.0000000 1.8102517 1.2981088 1.9467954 1.3737136 1.8095273 3.0484391 2.6807651 2.0181994 0.2008041 2.0592586 3.1205262 2.4014097 2.0244659 3.2363224 1.3890035 2.3738218 2.2299906 4.2915692 2.6181547 2.3676775 1.5683846 1.3209086 1.8255518 0.7265562 2.2415062 2.1574774 1.5120845 2.6051459 2.1210105 1.9103035 1.7890038 1.9273716 0.8193075 1.8155032 3.0522106 3.0879507 1.5025938 0.2227831 2.5586158 2.4545241 1.6368489 2.2239499 2.1960086 0.7477179 0.5016489 1.5758802 1.5577720 7.3145694 3.0192891 2.2341247 2.0183034 2.0078002 1.9693246 2.0328469 0.5949356 0.6585716 0.7214402 0.9095911 
HanXRQChr04g0122131                       1.9227788 2.1069265 1.7814357 1.6062395 2.0745687 0.2783931 2.0745687 1.8401397 2.3034390 2.4934109 1.7981967 1.8102517 0.0000000 1.8919106 1.5738558 1.7670440 1.7474919 2.1879408 2.1957129 1.7176092 1.6363896 1.6430915 2.1251385 1.7569147 1.5481468 2.6623188 1.8592007 1.6760709 1.7754384 3.0237692 2.2245392 1.8196319 1.9064144 1.4800674 2.2221232 1.8665547 2.0628215 0.5181168 1.6958425 1.9999013 1.6159293 2.3569813 2.2634443 0.3888537 1.7863770 0.1403740 3.1270774 2.5405576 1.3236809 1.7325507 2.1583117 1.9271639 1.8516010 1.9933845 1.9855733 1.4985427 1.5150218 1.9110941 1.9614084 5.5043029 2.0400535 1.9466393 1.5075741 1.5976136 1.7603334 1.6882758 1.8512225 1.7920901 1.6342324 1.7513643 
HanXRQChr04g0110101                       1.6092072 2.1963200 1.6139833 1.4942296 2.5200636 1.9907577 2.5200636 0.5710449 2.2116752 2.1858575 0.8610138 1.2981088 1.8919106 0.0000000 1.4660621 0.5402282 1.8592742 2.5172765 2.0118547 1.6075600 1.2521881 1.6868145 2.5395596 1.7789145 1.5121342 2.4266314 0.5566732 1.9285256 1.5752854 3.2440026 2.2918762 1.8285789 0.9192811 1.4564426 1.5563022 1.2487466 1.6228771 2.4617605 0.7530158 1.9149548 1.5784695 1.4490283 1.6851609 1.9475944 1.1963887 1.9942339 2.7316272 2.4598239 1.3057051 1.2079447 2.2394735 1.8981118 0.8212090 1.6970273 1.7141981 1.2819446 0.8541858 0.9184375 0.9601818 6.3276963 2.2265255 2.0081784 1.4402781 1.5031131 1.6093970 1.6369264 1.4950585 1.4075412 1.3688332 1.5670251 
HanXRQChr09g0266391                       2.0406195 2.6940950 1.7253053 0.7334928 2.4861711 1.5617938 2.4861711 1.5705953 2.0648987 2.8544453 1.7006175 1.9467954 1.5738558 1.4660621 0.0000000 1.7590256 1.8130437 2.5102427 2.3381048 1.5162741 1.7528542 1.9292044 2.6328379 0.6964678 1.6631550 2.6900704 1.5351028 1.9280707 0.9851458 3.1212030 2.6256184 2.2367086 1.6943546 1.5018507 2.2375683 1.7078281 1.9083961 1.8932163 1.7301088 1.9429170 0.9682973 2.2049796 2.0561247 1.5501446 1.6368629 1.5897107 2.3535513 2.7616932 1.2781102 1.8504546 2.1303806 2.4351726 1.9648697 1.9538027 2.0060988 1.6538792 1.2421934 1.6791058 1.9936590 6.4998081 2.7357234 2.4644500 1.0112044 0.9822619 0.9332302 0.9363940 1.7844262 1.8116543 1.5868585 1.8668855 
HanXRQChr09g0270311                       1.7008980 2.4266425 1.6272706 1.5405898 2.4075861 1.7669017 2.4075861 0.5074756 2.0927902 2.3386592 0.8384564 1.3737136 1.7670440 0.5402282 1.7590256 0.0000000 1.9980816 2.4411651 2.1754918 1.6304849 1.3288129 1.6513018 2.4234465 1.7454900 1.4657877 2.8336119 0.5091510 1.8976701 1.6178027 4.1308507 2.8598302 2.0567798 0.9953335 1.4263200 1.5976661 1.3557827 1.6520739 2.2347762 0.7284807 2.0473952 1.8850486 1.6472854 1.6530447 1.7345081 1.2439106 1.8147755 2.9710114 2.6353615 1.3522751 1.2654011 1.9992810 2.1652785 0.8569924 1.6629827 1.7071346 1.2984125 0.9312861 0.9841086 0.9070903 5.2215776 2.2363885 1.9907854 1.5572646 1.8721583 1.5503637 1.5811156 1.4918385 1.4544889 1.3766500 1.4766110 
HanXRQChr09g0267081                       2.2870578 2.1737198 1.9498709 1.9045897 2.9263128 1.9530858 2.9263128 2.1371796 3.2047607 2.7327761 1.9505396 1.8095273 1.7474919 1.8592742 1.8130437 1.9980816 0.0000000 2.9234888 2.7294230 1.8289620 1.8638174 2.0984986 2.8645070 2.0070049 2.0479459 3.3612129 2.1565712 2.1740959 1.9452445 2.8888009 2.2629597 2.2786426 2.1514848 1.8866910 2.3509579 1.8949096 2.2769426 1.8621593 1.9786299 2.0859823 1.8912052 2.2547600 2.5865677 1.8427853 1.8668056 1.8432671 3.1476289 3.4997847 1.7349141 1.9086218 2.3523816 2.5824705 1.9706973 2.4012271 2.3168610 1.9710508 1.6788479 2.1700341 2.1925445 5.3308748 3.1233117 2.6499158 1.9869060 2.1774219 1.8451261 1.8111312 2.0947299 2.0580759 1.9045230 1.8596355 
HanXRQChr09g0269421                       2.8850489 2.5333547 2.3646301 2.4368467 0.0936274 2.5103325 0.0936274 2.5776042 1.1221184 3.3043675 2.8504124 3.0484391 2.1879408 2.5172765 2.5102427 2.4411651 2.9234888 0.0000000 3.3862531 2.3441502 2.8372985 2.4970226 0.1871582 3.5512891 2.5008218 2.9671852 2.6629908 2.3764733 2.5616601 4.3525149 2.9892778 2.7710965 2.6607871 2.4499751 2.7995212 3.0354382 1.7796427 2.7733085 2.5856558 2.3810777 2.5000994 3.1294722 3.5921183 2.3800159 2.8461300 2.7415550 3.4583041 2.9403916 1.7464359 2.9025371 2.9915145 2.9899458 3.0073462 1.8198564 1.7835010 2.8415521 1.9793157 2.5611775 2.5220014 8.4862305 0.9103734 2.0506931 2.6862224 2.9036796 2.8369925 2.7745897 2.7378872 2.8724901 2.7743971 3.1635277 
HanXRQChr09g0270841                       2.9265925 2.1837993 2.3371280 2.5424738 3.3009143 2.5203208 3.3009143 2.0717474 2.8774122 0.3621063 2.3753867 2.6807651 2.1957129 2.0118547 2.3381048 2.1754918 2.7294230 3.3862531 0.0000000 2.2044858 2.6566476 2.5649068 3.3808119 2.8231494 2.2652639 3.3944886 2.1263930 3.0259148 2.7310104 3.4231047 1.1038813 1.1424987 2.4607031 2.5729134 2.2668261 2.7260069 2.4935126 2.5544172 2.1305501 2.2666640 2.6418899 2.3999824 2.8357337 2.5899353 2.5219714 2.4678431 2.8833570 3.2467210 1.8620016 2.5470397 1.2063856 1.0580513 2.4953761 2.4794349 2.5608811 2.6409607 1.9080984 2.4449902 2.4277728 6.1734160 3.2046932 2.6958121 2.4879068 2.8271039 2.5222639 2.3776541 2.8349507 2.7138478 2.7320271 2.6010081 
HanXRQChr09g0262151                       2.2960839 1.6092029 0.7352479 1.4703533 2.2634597 1.8867821 2.2634597 1.6143032 2.2977294 2.2788623 1.6895484 2.0181994 1.7176092 1.6075600 1.5162741 1.6304849 1.8289620 2.3441502 2.2044858 0.0000000 2.0027248 1.7392919 2.5130258 1.8224480 0.6218551 2.7869905 1.6007682 1.7683087 1.5509308 2.9606098 2.3215774 2.1065305 1.6338576 1.6949977 1.9732210 1.9942399 1.8196979 1.8573755 1.5976541 1.7426764 1.4869181 2.1501953 2.3619053 1.9123810 1.8984928 1.8101049 2.4995530 2.9360975 0.5611635 2.0591749 2.2469157 2.2970894 1.7408111 1.8238623 1.8439636 2.0078141 1.4606439 1.5623604 1.8232264 6.8020969 2.5245387 2.1823441 1.4684991 1.4936971 1.5890468 1.6185611 2.1461922 2.0742866 1.9199938 1.9597524 
HanXRQChr09g0265001                       1.0492836 2.1673285 1.9261996 1.9557521 2.7632077 1.6487078 2.7632077 1.3477349 2.7621003 2.6426027 1.5521324 0.2008041 1.6363896 1.2521881 1.7528542 1.3288129 1.8638174 2.8372985 2.6566476 2.0027248 0.0000000 1.9444149 2.7203618 2.3352615 2.0101179 2.9775811 1.3558728 2.2671068 2.0087214 3.8426072 2.5588295 2.3675388 1.5377689 1.3351455 1.8334941 0.7235046 2.1939746 2.0542327 1.4337323 2.4547101 1.9982968 1.9328892 1.6793961 1.7152407 0.7442253 1.6704642 2.8811352 2.9460642 1.4783042 0.0868761 2.3948350 2.4414831 1.5549892 2.1554012 2.1574436 0.7406411 0.4918840 1.5520141 1.5744402 6.8779840 2.5702704 2.1439900 1.7315772 1.8909574 1.8825418 1.9116494 0.5934412 0.6295762 0.6734660 0.8522661 
HanXRQChr09g0273361                       2.6605302 2.1935894 1.8493795 1.8725021 2.4785932 1.8916563 2.4785932 1.7847317 2.2856650 2.7296023 1.6608935 2.0592586 1.6430915 1.6868145 1.9292044 1.6513018 2.0984986 2.4970226 2.5649068 1.7392919 1.9444149 0.0000000 2.5213001 2.2960982 1.9000318 3.0971736 1.8138073 1.8850470 2.0118362 2.5761809 2.6295553 2.4444487 1.6764465 1.8309130 1.9038174 2.1313060 1.9433484 1.8926478 1.7236769 2.3508564 2.0072306 2.0224641 2.2618256 1.9549891 2.1178601 1.7141591 2.9654362 3.2230041 1.5190721 2.0405672 2.4803977 2.3908837 1.7879134 1.9679474 2.0188876 1.9422791 1.4733678 1.5782684 1.6666939 5.4275565 2.4973196 1.8541045 1.9207672 1.9726099 1.8581959 1.8816516 1.9818460 2.0241870 2.1140238 1.7779316 
HanXRQChr05g0151331                       2.8225303 2.4633989 2.3749981 2.4724026 0.2016137 2.4657064 0.2016137 2.6130410 1.1625028 3.4009795 2.8615728 3.1205262 2.1251385 2.5395596 2.6328379 2.4234465 2.8645070 0.1871582 3.3808119 2.5130258 2.7203618 2.5213001 0.0000000 3.7449757 2.3406271 2.9784187 2.6974456 2.4199754 2.5829284 4.4309121 2.8080222 2.6882906 2.6707489 2.5055414 2.7001872 3.0403248 1.7821052 2.6259215 2.5391819 2.5006891 2.5050462 2.9785631 3.5557431 2.3574960 2.9511748 2.5909357 3.4775551 2.9117149 1.6789500 2.8594115 2.7522556 2.9089174 2.8338611 1.7919328 1.7555964 2.8582603 2.0660175 2.6257038 2.6819425 8.1007489 0.8268411 2.1101275 2.7204668 2.9466775 2.7271796 2.6686183 2.8873997 2.8815814 2.7710801 3.3815537 
HanXRQChr05g0150661                       2.4793171 2.4695650 1.8621358 1.0683709 3.4951360 1.7285187 3.4951360 1.6814954 2.7461445 3.2234222 1.9129286 2.4014097 1.7569147 1.7789145 0.6964678 1.7454900 2.0070049 3.5512891 2.8231494 1.8224480 2.3352615 2.2960982 3.7449757 0.0000000 1.8314548 2.7678126 1.6472204 2.4288435 1.0629126 3.0743694 2.3956687 2.5215605 1.8756179 1.8665667 2.5087817 2.2504830 2.2843179 2.0144570 1.8327289 2.4655403 1.0838079 2.6508263 2.6494418 1.7555846 2.0859361 1.7959624 2.8351131 2.7669800 1.5825193 2.4308451 2.3454133 2.6004424 1.9790121 2.3309116 2.4767221 1.7766646 1.6542857 1.9045652 2.0530238 6.6530852 3.5629038 3.0657662 1.0837152 0.8720349 1.0964579 1.0652625 2.0807966 2.1761931 2.0260183 2.1477264 
HanXRQChr05g0163521                       2.1777566 1.6257687 0.6388767 1.6237804 2.3875880 1.6831695 2.3875880 1.6906180 2.3135722 2.5232291 1.8187442 2.0244659 1.5481468 1.5121342 1.6631550 1.4657877 2.0479459 2.5008218 2.2652639 0.6218551 2.0101179 1.9000318 2.3406271 1.8314548 0.0000000 2.7767932 1.6592627 2.0917500 1.7977890 2.9335425 2.2939054 2.1074821 1.5615749 1.7383689 2.0276098 2.1255114 2.0335467 1.8622761 1.7463202 1.7513652 1.5710790 2.1025783 2.6906701 1.6936051 2.0573563 1.5840910 2.7848848 2.9001478 0.5423693 1.9936349 2.1829926 2.2351665 2.0726137 2.0534846 2.0554229 1.9320988 1.4563857 1.5176677 1.7981414 6.1959934 2.7243379 2.4390785 1.5823861 1.5533734 1.7761800 1.8218814 2.1301559 2.0654385 2.0919114 2.0952894 
HanXRQChr05g0150571                       3.4331570 2.9647548 2.8834367 2.5022317 3.0264745 2.5200926 3.0264745 2.5937353 2.7945846 3.1808196 3.1596811 3.2363224 2.6623188 2.4266314 2.6900704 2.8336119 3.3612129 2.9671852 3.3944886 2.7869905 2.9775811 3.0971736 2.9784187 2.7678126 2.7767932 0.0000000 2.5815216 2.7582164 2.4970420 2.9044910 4.0037788 3.3164298 2.9023101 3.8961678 2.9919220 3.1576908 2.6085709 2.9935997 2.9610027 3.2599824 2.6260350 3.1045775 3.3472903 2.4230223 3.1999549 2.6040993 2.1679696 0.2843423 2.4495439 2.9994736 3.0298035 3.5692321 2.9677734 2.6023183 2.5791243 3.1089896 2.5281182 2.8296703 3.1030367 5.9750043 3.1314652 3.1029472 2.3519631 3.0254720 2.5592528 2.4869295 3.2200890 3.0845868 3.2378529 3.3896521 
HanXRQChr05g0154261                       1.6671792 2.3091380 1.7540653 1.5683097 2.6425859 1.6732313 2.6425859 0.0216637 2.4975319 2.3051830 0.8606952 1.3890035 1.8592007 0.5566732 1.5351028 0.5091510 2.1565712 2.6629908 2.1263930 1.6007682 1.3558728 1.8138073 2.6974456 1.6472204 1.6592627 2.5815216 0.0000000 1.8315030 1.6271334 3.2678518 2.2640130 1.9366503 0.9300081 1.3726120 1.8205059 1.3046746 1.9412813 2.2130544 0.7719716 2.0654708 1.6268284 1.8532658 1.5234588 1.8726398 1.2427849 2.0265387 2.9794219 2.7079054 1.4317907 1.2732305 2.0924185 1.9983177 0.8526184 2.0119281 2.0033509 1.3637479 0.8635049 0.9391726 0.8635031 6.7494011 2.6275964 2.2527088 1.5458099 1.5460648 1.6646180 1.6611435 1.4853946 1.4222643 1.4769613 1.5927037 
HanXRQChr05g0149341                       2.3158449 2.4948974 2.1025107 1.8897400 2.4668115 1.6088863 2.4668115 1.8350717 2.1904733 2.6017244 1.8419601 2.3738218 1.6760709 1.9285256 1.9280707 1.8976701 2.1740959 2.3764733 3.0259148 1.7683087 2.2671068 1.8850470 2.4199754 2.4288435 2.0917500 2.7582164 1.8315030 0.0000000 1.9733114 3.5795483 2.4530503 2.2454447 2.0823612 2.2228259 2.3105975 2.2926712 1.7787424 1.8919947 1.9327608 2.3040382 1.8980228 2.3140379 2.0994926 1.6688340 2.3581661 1.7091543 2.8631354 2.8692396 1.4309500 2.3189314 2.6443729 2.4370662 1.9857816 1.7411241 1.7516167 2.0939724 1.3732775 2.1781542 2.2915800 5.3016400 2.5088967 1.9258981 1.9275980 1.9698712 2.0928774 2.0905602 2.5500548 2.4398846 2.2113972 2.3724663 
HanXRQChr05g0147261                       1.8802134 2.5026043 1.8840621 0.1519022 2.6985716 1.8020430 2.6985716 1.6320699 2.5426735 2.6493058 1.8072595 2.2299906 1.7754384 1.5752854 0.9851458 1.6178027 1.9452445 2.5616601 2.7310104 1.5509308 2.0087214 2.0118362 2.5829284 1.0629126 1.7977890 2.4970420 1.6271334 1.9733114 0.0000000 3.7169466 2.6169762 2.3132083 1.8386105 1.5918590 2.2352466 1.8044523 1.7858409 1.8210995 1.8276916 1.7336351 0.2860766 2.3037803 2.4715600 1.7015601 1.7560376 1.8249565 2.5363110 2.4957407 1.2623110 2.0776397 2.4281950 2.5576566 2.0393400 1.8393600 1.8329609 1.7318536 1.3947653 1.8450825 1.9165782 5.1577034 2.4731482 2.3825175 0.4405863 0.8860042 0.6057191 0.6487387 1.9026664 1.9404273 1.7579025 2.0696285 
HanXRQChr05g0156101                       3.9911866 3.9107565 2.8383143 3.0494180 4.3778169 2.9479047 4.3778169 3.2164472 3.9493740 3.6113501 3.6580692 4.2915692 3.0237692 3.2440026 3.1212030 4.1308507 2.8888009 4.3525149 3.4231047 2.9606098 3.8426072 2.5761809 4.4309121 3.0743694 2.9335425 2.9044910 3.2678518 3.5795483 3.7169466 0.0000000 4.0049916 3.6687977 3.8630316 4.3193174 3.2139999 4.0354989 2.9928255 2.9253157 3.5416586 3.5005533 3.3347280 3.6576175 3.5322744 3.0256380 3.8992717 3.1501928 3.1132102 2.6672414 2.5357017 4.0560551 3.0217792 3.6789728 3.3284548 2.8774842 2.8457673 3.6213567 2.9916138 3.6559904 3.9307997 5.4569237 4.6954238 3.0911324 3.5338415 4.0220198 3.5830561 3.5204359 4.0705786 4.2290540 4.1646189 3.6490766 
HanXRQChr05g0163381                       2.7071258 2.8156915 1.9743845 2.5028432 2.9715351 2.0895816 2.9715351 2.2766969 2.6071093 1.2904031 2.5256938 2.6181547 2.2245392 2.2918762 2.6256184 2.8598302 2.2629597 2.9892778 1.1038813 2.3215774 2.5588295 2.6295553 2.8080222 2.3956687 2.2939054 4.0037788 2.2640130 2.4530503 2.6169762 4.0049916 0.0000000 0.9295130 2.3671654 2.3362348 2.8023112 2.4229631 2.1869944 2.5727516 2.4033519 2.3401334 2.9164094 2.8470570 3.1352956 2.2244630 2.5139980 2.1463392 2.8986044 3.1912296 1.5204630 2.5433652 0.3806242 1.1471991 2.6273970 2.1578659 2.2190487 2.3864993 1.8089946 2.3333246 2.4534984 6.6028129 2.7533994 2.7117000 2.4357028 3.6232980 2.3068891 2.1501056 2.4670723 2.2988223 2.5797517 2.5886757 
HanXRQChr13g0405061                       2.4758876 2.3573961 2.0873384 2.2907903 2.7329327 1.7649064 2.7329327 1.9372660 2.5367285 1.2944630 2.1570387 2.3676775 1.8196319 1.8285789 2.2367086 2.0567798 2.2786426 2.7710965 1.1424987 2.1065305 2.3675388 2.4444487 2.6882906 2.5215605 2.1074821 3.3164298 1.9366503 2.2454447 2.3132083 3.6687977 0.9295130 0.0000000 2.2206319 2.2411131 2.3096801 2.2089951 2.2151475 2.2176732 2.0235224 1.8657032 2.3248853 2.5971689 2.2922831 2.0226383 2.1493587 1.7855180 2.9729590 3.1707272 1.5700490 2.2829525 1.0285132 0.2302046 2.1329604 2.2620352 2.3221684 2.2261058 1.5078066 2.3148139 2.2796561 8.6777773 2.6955608 2.4507684 2.1934072 2.2462641 2.3133456 2.1978790 2.4611201 2.3218721 2.1507977 2.4468281 
HanXRQChr12g0364981                       1.5975784 2.3611369 1.6475397 1.8398255 2.5646965 1.6712313 2.5646965 0.9387515 2.4430813 2.5760469 0.8852370 1.5683846 1.9064144 0.9192811 1.6943546 0.9953335 2.1514848 2.6607871 2.4607031 1.6338576 1.5377689 1.6764465 2.6707489 1.8756179 1.5615749 2.9023101 0.9300081 2.0823612 1.8386105 3.8630316 2.3671654 2.2206319 0.0000000 1.5362243 1.6990809 1.3372857 1.9258546 2.4119552 0.8155421 2.2585541 1.8455703 1.5667715 1.7920489 1.8957380 1.3276881 1.9099145 2.8150301 2.7287014 1.4026938 1.5918198 2.5191156 2.2704499 0.8828400 1.9585730 1.9627873 1.4406966 0.9456324 0.1089613 0.5357295 5.7623123 2.5105297 2.0116979 1.7052179 1.8533515 1.8918853 1.8976150 1.6491378 1.6432442 1.4952173 1.7378928 
HanXRQChr12g0358711                       1.3154560 2.0029133 1.6530715 1.5638841 2.3663006 1.4733250 2.3663006 1.3475741 2.1311121 2.8778236 1.2964278 1.3209086 1.4800674 1.4564426 1.5018507 1.4263200 1.8866910 2.4499751 2.5729134 1.6949977 1.3351455 1.8309130 2.5055414 1.8665667 1.7383689 3.8961678 1.3726120 2.2228259 1.5918590 4.3193174 2.3362348 2.2411131 1.5362243 0.0000000 1.6731278 1.2381134 1.7702955 1.8232254 1.3807350 2.0642160 1.5950675 1.7800884 1.7304175 1.5213024 1.1143342 1.5125960 2.8371263 3.3015110 1.2430564 1.2804995 2.4689607 2.3473882 1.5441410 1.7596615 1.7909310 1.2804393 0.6504475 1.6437736 1.4551960 5.4265957 2.3977367 2.0863569 1.6691295 1.5900920 1.5846422 1.5059246 1.1766701 1.2145999 1.0263746 1.4684766 
HanXRQChr12g0375471                       1.9466196 2.3656671 2.1887872 2.1776004 2.7333703 2.4522641 2.7333703 1.7721373 2.6363153 2.5608043 1.8452468 1.8255518 2.2221232 1.5563022 2.2375683 1.5976661 2.3509579 2.7995212 2.2668261 1.9732210 1.8334941 1.9038174 2.7001872 2.5087817 2.0276098 2.9919220 1.8205059 2.3105975 2.2352466 3.2139999 2.8023112 2.3096801 1.6990809 1.6731278 0.0000000 1.8259456 2.2034253 2.6853408 1.7069344 2.3460510 2.1890800 0.2928520 1.6147672 2.8293007 1.8784289 2.2577678 2.8182802 3.1163528 1.9449085 1.8416379 2.7740456 2.3859924 1.7460663 2.2595142 2.1559768 2.1104463 1.3497013 1.6932947 1.8849290 8.3008647 2.6886766 2.5743214 2.0503800 2.1342100 2.3173529 2.3122504 1.9122096 1.9689836 1.7991530 1.8355018 
HanXRQChr12g0361321                       0.7808894 2.2554618 1.9095700 1.7646491 3.0942885 1.7973293 3.0942885 1.2968664 2.5962487 2.6791706 1.5035017 0.7265562 1.8665547 1.2487466 1.7078281 1.3557827 1.8949096 3.0354382 2.7260069 1.9942399 0.7235046 2.1313060 3.0403248 2.2504830 2.1255114 3.1576908 1.3046746 2.2926712 1.8044523 4.0354989 2.4229631 2.2089951 1.3372857 1.2381134 1.8259456 0.0000000 2.2261199 2.1882743 1.3730583 2.6558678 1.8640897 1.8803667 1.6747245 1.8437052 0.2230888 1.8445183 3.2660291 3.0168091 1.4184293 0.7641728 2.4598595 2.2085819 1.4267904 2.2092176 2.2220258 0.8471108 0.4638622 1.3626826 1.3373913 7.1335779 3.0842335 2.5977120 1.6869665 1.6860895 1.6982010 1.7800117 0.7507969 0.8014474 0.3986632 1.0716496 
HanXRQChr12g0358781                       2.3339615 2.2484506 2.1019398 1.7084879 1.7951229 2.3308035 1.7951229 1.9088905 1.8464801 2.5515634 1.9574533 2.2415062 2.0628215 1.6228771 1.9083961 1.6520739 2.2769426 1.7796427 2.4935126 1.8196979 2.1939746 1.9433484 1.7821052 2.2843179 2.0335467 2.6085709 1.9412813 1.7787424 1.7858409 2.9928255 2.1869944 2.2151475 1.9258546 1.7702955 2.2034253 2.2261199 0.0000000 2.3738535 1.9506157 2.3544073 1.8375263 2.1852298 2.5520978 2.2583330 2.0616489 2.1298711 2.8081266 2.5628193 1.4958518 2.1756213 2.3071930 2.4367340 1.9865761 0.0747311 0.0761166 1.9744817 1.8253044 1.8885329 1.9261796 5.9815044 1.8962706 0.5989722 1.6647164 1.8659691 1.7621065 1.7350246 2.0738112 2.0868032 2.1945983 2.3046053 
HanXRQChr12g0358721                       2.1004068 2.2149368 2.0253909 1.7605601 2.6704760 0.5141520 2.6704760 2.1876961 2.7496347 2.9755898 2.2461594 2.1574774 0.5181168 2.4617605 1.8932163 2.2347762 1.8621593 2.7733085 2.5544172 1.8573755 2.0542327 1.8926478 2.6259215 2.0144570 1.8622761 2.9935997 2.2130544 1.8919947 1.8210995 2.9253157 2.5727516 2.2176732 2.4119552 1.8232254 2.6853408 2.1882743 2.3738535 0.0000000 2.1249052 2.2309999 1.7577130 2.9699834 2.2810023 0.5642112 1.9366652 0.5594035 3.1098606 2.7839936 1.4684503 2.1485043 2.3028663 2.2204000 2.2161774 2.4090861 2.3703931 1.8773084 1.7250656 2.3713872 2.4188082 6.0752343 2.6902565 2.3481411 1.6772196 1.9594710 1.8430545 1.8032380 2.2327609 2.1171224 1.8309183 2.0609416 
HanXRQChr14g0452461                       1.7119574 2.2283588 1.8350891 1.7721806 2.5671444 1.6387956 2.5671444 0.7817295 2.2291695 2.3772133 0.1536523 1.5120845 1.6958425 0.7530158 1.7301088 0.7284807 1.9786299 2.5856558 2.1305501 1.5976541 1.4337323 1.7236769 2.5391819 1.8327289 1.7463202 2.9610027 0.7719716 1.9327608 1.8276916 3.5416586 2.4033519 2.0235224 0.8155421 1.3807350 1.7069344 1.3730583 1.9506157 2.1249052 0.0000000 2.1307859 1.9116052 1.6743751 1.6000679 1.7179659 1.3152235 1.8027514 2.9733210 2.8476663 1.4815719 1.4194600 2.4879740 1.9634925 0.2513333 2.0553193 2.0493563 1.3205672 0.9008487 0.7756178 0.7597433 7.0324951 2.2473318 2.0226612 1.7109860 1.5826526 1.7564868 1.8153141 1.6197875 1.6514537 1.4650767 1.5119339 
HanXRQChr01g0015681                       2.7540111 1.4276861 1.8983516 1.5976495 2.4605418 2.0959013 2.4605418 2.0945546 2.1808117 2.5138603 2.2009466 2.6051459 1.9999013 1.9149548 1.9429170 2.0473952 2.0859823 2.3810777 2.2666640 1.7426764 2.4547101 2.3508564 2.5006891 2.4655403 1.7513652 3.2599824 2.0654708 2.3040382 1.7336351 3.5005533 2.3401334 1.8657032 2.2585541 2.0642160 2.3460510 2.6558678 2.3544073 2.2309999 2.1307859 0.0000000 1.5129540 2.3287771 2.3628068 2.0869739 2.6738789 2.0086028 3.1477741 3.1640005 1.2863165 2.5817623 2.3597857 2.0738151 2.2055857 2.4370307 2.4691817 2.0970098 1.6611128 2.1983005 2.4524823 5.2042326 2.5733043 2.9648397 1.5963540 1.5970291 1.8317805 1.8932646 2.6907841 2.5474524 2.5311214 2.3632537 
HanXRQChr01g0007431                       1.9467612 2.2402781 1.7787652 0.1099446 2.5449062 1.7072304 2.5449062 1.6317907 2.2961757 2.6806754 1.8538013 2.1210105 1.6159293 1.5784695 0.9682973 1.8850486 1.8912052 2.5000994 2.6418899 1.4869181 1.9982968 2.0072306 2.5050462 1.0838079 1.5710790 2.6260350 1.6268284 1.8980228 0.2860766 3.3347280 2.9164094 2.3248853 1.8455703 1.5950675 2.1890800 1.8640897 1.8375263 1.7577130 1.9116052 1.5129540 0.0000000 2.3518684 2.5527846 1.6479303 1.7983809 1.6616862 2.2971887 2.3272983 1.3035313 2.1028592 2.3247052 2.5355810 2.1361207 1.8868489 1.8811907 1.7773548 1.4193006 1.8427610 2.0312286 5.5989920 2.4151945 2.3509905 0.4287579 0.9752705 0.5805460 0.6150609 1.9698109 1.9931138 1.7307029 2.0159181 
HanXRQChr17g0538691                       2.0637013 2.2500032 2.3182116 2.2327576 3.1015403 2.6393861 3.1015403 1.8348446 2.8270520 2.5511292 1.7756791 1.9103035 2.3569813 1.4490283 2.2049796 1.6472854 2.2547600 3.1294722 2.3999824 2.1501953 1.9328892 2.0224641 2.9785631 2.6508263 2.1025783 3.1045775 1.8532658 2.3140379 2.3037803 3.6576175 2.8470570 2.5971689 1.5667715 1.7800884 0.2928520 1.8803667 2.1852298 2.9699834 1.6743751 2.3287771 2.3518684 0.0000000 1.7301478 2.7496475 1.9006519 2.5065888 2.6566814 3.1517064 1.9926177 1.9551407 2.6971292 2.6734014 1.7866991 2.2756178 2.1913166 2.0159006 1.3633123 1.5802979 1.7784291 7.2980445 2.7610819 2.6851736 2.2058390 2.1673226 2.5415163 2.5054575 2.0443337 2.0989010 1.9148598 1.8780073 
HanXRQChr17g0550551                       1.9245889 2.7838449 2.4832312 2.4067479 3.5860506 2.1562961 3.5860506 1.5414299 3.2569317 2.4126418 1.6008292 1.7890038 2.2634443 1.6851609 2.0561247 1.6530447 2.5865677 3.5921183 2.8357337 2.3619053 1.6793961 2.2618256 3.5557431 2.6494418 2.6906701 3.3472903 1.5234588 2.0994926 2.4715600 3.5322744 3.1352956 2.2922831 1.7920489 1.7304175 1.6147672 1.6747245 2.5520978 2.2810023 1.6000679 2.3628068 2.5527846 1.7301478 0.0000000 2.1827132 1.6573250 2.2160105 3.0876658 3.5623792 1.8363463 1.6986377 2.7791667 2.4775644 1.6269730 2.7098604 2.7872624 1.8168723 1.4108336 1.7521644 1.6561606 8.1918064 2.8351573 2.7131954 2.2315505 2.2664984 2.3369199 2.4804115 1.6131094 1.6705973 1.6894125 1.5568584 
HanXRQChr17g0560051                       1.9927464 2.1003812 1.9479573 1.6275786 2.3748128 0.2644662 2.3748128 1.8960238 2.4177024 2.8683764 1.8333951 1.9273716 0.3888537 1.9475944 1.5501446 1.7345081 1.8427853 2.3800159 2.5899353 1.9123810 1.7152407 1.9549891 2.3574960 1.7555846 1.6936051 2.4230223 1.8726398 1.6688340 1.7015601 3.0256380 2.2244630 2.0226383 1.8957380 1.5213024 2.8293007 1.8437052 2.2583330 0.5642112 1.7179659 2.0869739 1.6479303 2.7496475 2.1827132 0.0000000 1.7488273 0.4376504 2.7819004 2.3321704 1.5053138 1.8189531 2.1621857 1.9594525 1.7941478 2.2041407 2.2007288 1.5923311 1.6318409 1.9289723 1.8088913 5.6226687 2.3069587 2.1259834 1.5920842 1.5604456 1.7103154 1.6201810 1.9455139 1.9019608 1.7106609 1.7515035 
HanXRQChr06g0174721                       0.8065409 2.2543790 1.8718630 1.6935243 2.9002793 1.7068934 2.9002793 1.2354205 2.5967317 2.7191071 1.3845011 0.8193075 1.7863770 1.1963887 1.6368629 1.2439106 1.8668056 2.8461300 2.5219714 1.8984928 0.7442253 2.1178601 2.9511748 2.0859361 2.0573563 3.1999549 1.2427849 2.3581661 1.7560376 3.8992717 2.5139980 2.1493587 1.3276881 1.1143342 1.8784289 0.2230888 2.0616489 1.9366652 1.3152235 2.6738789 1.7983809 1.9006519 1.6573250 1.7488273 0.0000000 1.8001527 3.1315842 3.0599758 1.4281441 0.7806789 2.5031300 2.2102351 1.2934052 2.0622812 2.0711058 0.8610534 0.4712577 1.4046031 1.3096923 7.7483627 2.9587131 2.4290488 1.6393479 1.6692090 1.6271702 1.7816643 0.8109243 0.8327413 0.4157246 1.1160987 
HanXRQChr06g0169281                       1.9857092 2.1581838 1.8511079 1.7018670 2.6370526 0.3273673 2.6370526 2.0043382 2.4989985 2.7534767 1.8938113 1.8155032 0.1403740 1.9942339 1.5897107 1.8147755 1.8432671 2.7415550 2.4678431 1.8101049 1.6704642 1.7141591 2.5909357 1.7959624 1.5840910 2.6040993 2.0265387 1.7091543 1.8249565 3.1501928 2.1463392 1.7855180 1.9099145 1.5125960 2.2577678 1.8445183 2.1298711 0.5594035 1.8027514 2.0086028 1.6616862 2.5065888 2.2160105 0.4376504 1.8001527 0.0000000 3.3471852 2.4222582 1.4017479 1.7901182 2.0700819 1.9183395 1.8898396 2.0907073 2.1003868 1.6259526 1.5330908 1.9436004 1.9232309 5.5301476 2.3415134 2.2099177 1.6047046 1.6605894 1.7166547 1.6984378 1.8629777 1.7914735 1.6802808 1.7589654 
HanXRQChr03g0091451                       2.8134664 2.8254264 2.6489165 2.3225517 3.4654925 3.0593711 3.4654925 2.9443643 2.8453831 2.9142549 3.1008186 3.0522106 3.1270774 2.7316272 2.3535513 2.9710114 3.1476289 3.4583041 2.8833570 2.4995530 2.8811352 2.9654362 3.4775551 2.8351131 2.7848848 2.1679696 2.9794219 2.8631354 2.5363110 3.1132102 2.8986044 2.9729590 2.8150301 2.8371263 2.8182802 3.2660291 2.8081266 3.1098606 2.9733210 3.1477741 2.2971887 2.6566814 3.0876658 2.7819004 3.1315842 3.3471852 0.0000000 1.9707021 2.8003508 2.9317728 2.5377341 2.8120945 2.5242826 2.7072725 2.6009713 3.0394457 2.5884542 2.8800719 3.3321707 6.5980889 3.2978616 2.7299266 2.3973748 2.5737140 2.4911288 2.4273479 3.3997723 3.3296107 3.2859097 2.9231180 
HanXRQChr15g0483111                       3.2765593 2.8161541 2.7684306 2.4935855 2.9670151 2.4329678 2.9670151 2.7384547 3.0229645 3.1783036 2.9764011 3.0879507 2.5405576 2.4598239 2.7616932 2.6353615 3.4997847 2.9403916 3.2467210 2.9360975 2.9460642 3.2230041 2.9117149 2.7669800 2.9001478 0.2843423 2.7079054 2.8692396 2.4957407 2.6672414 3.1912296 3.1707272 2.7287014 3.3015110 3.1163528 3.0168091 2.5628193 2.7839936 2.8476663 3.1640005 2.3272983 3.1517064 3.5623792 2.3321704 3.0599758 2.4222582 1.9707021 0.0000000 2.7293011 2.9108682 2.8383920 3.3729794 2.8939896 2.5432941 2.5173612 2.8960961 2.6866345 2.6839731 3.0815553 5.6394086 3.3262330 3.2050394 2.5318902 2.5479911 2.7687947 2.5509511 3.1385702 2.8446899 3.0576752 3.5116496 
HanXRQChr15g0474011                       1.7889366 1.2859282 0.5886299 1.2646629 1.7007967 1.4595950 1.7007967 1.4286466 1.7407751 1.8108236 1.5602115 1.5025938 1.3236809 1.3057051 1.2781102 1.3522751 1.7349141 1.7464359 1.8620016 0.5611635 1.4783042 1.5190721 1.6789500 1.5825193 0.5423693 2.4495439 1.4317907 1.4309500 1.2623110 2.5357017 1.5204630 1.5700490 1.4026938 1.2430564 1.9449085 1.4184293 1.4958518 1.4684503 1.4815719 1.2863165 1.3035313 1.9926177 1.8363463 1.5053138 1.4281441 1.4017479 2.8003508 2.7293011 0.0000000 1.4958500 1.3532586 1.6516738 1.6337681 1.5263292 1.5419041 1.3920337 1.4281835 1.3705080 1.5343581 5.9105510 1.6384737 1.9378894 1.1880469 1.1616320 1.3712363 1.3767933 1.3876993 1.4432122 1.4822795 1.4954677 
HanXRQChr15g0489071                       1.0116432 2.2053820 1.9475434 2.0209695 2.9058953 1.7234615 2.9058953 1.2656633 2.6874922 2.6480222 1.5014078 0.2227831 1.7325507 1.2079447 1.8504546 1.2654011 1.9086218 2.9025371 2.5470397 2.0591749 0.0868761 2.0405672 2.8594115 2.4308451 1.9936349 2.9994736 1.2732305 2.3189314 2.0776397 4.0560551 2.5433652 2.2829525 1.5918198 1.2804995 1.8416379 0.7641728 2.1756213 2.1485043 1.4194600 2.5817623 2.1028592 1.9551407 1.6986377 1.8189531 0.7806789 1.7901182 2.9317728 2.9108682 1.4958500 0.0000000 2.4129629 2.3721270 1.4959129 2.1199654 2.1210902 0.7070849 0.4858333 1.5762089 1.6286529 7.4344914 2.7046944 2.1585599 1.8467252 2.0533972 2.0227184 2.0666625 0.6401718 0.6657412 0.7394477 0.8731802 
HanXRQChr15g0484901                       2.4123789 2.0543209 1.9547799 2.3364313 2.8709774 2.1555454 2.8709774 2.1094570 2.6407616 1.4211825 2.6244153 2.5586158 2.1583117 2.2394735 2.1303806 1.9992810 2.3523816 2.9915145 1.2063856 2.2469157 2.3948350 2.4803977 2.7522556 2.3454133 2.1829926 3.0298035 2.0924185 2.6443729 2.4281950 3.0217792 0.3806242 1.0285132 2.5191156 2.4689607 2.7740456 2.4598595 2.3071930 2.3028663 2.4879740 2.3597857 2.3247052 2.6971292 2.7791667 2.1621857 2.5031300 2.0700819 2.5377341 2.8383920 1.3532586 2.4129629 0.0000000 1.2142217 2.5777376 2.2558719 2.2931159 2.4160165 1.7510992 2.4498143 2.3745916 7.8471456 2.6701511 2.5445676 2.2928691 2.3840411 2.3438210 2.0969233 2.3990281 2.3775273 2.4727734 2.6366105 
HanXRQChr15g0495861                       2.7875219 2.3902989 2.1879528 2.6108221 2.9225183 1.7296788 2.9225183 1.9890600 2.7565911 1.2322013 2.1290770 2.4545241 1.9271639 1.8981118 2.4351726 2.1652785 2.5824705 2.9899458 1.0580513 2.2970894 2.4414831 2.3908837 2.9089174 2.6004424 2.2351665 3.5692321 1.9983177 2.4370662 2.5576566 3.6789728 1.1471991 0.2302046 2.2704499 2.3473882 2.3859924 2.2085819 2.4367340 2.2204000 1.9634925 2.0738151 2.5355810 2.6734014 2.4775644 1.9594525 2.2102351 1.9183395 2.8120945 3.3729794 1.6516738 2.3721270 1.2142217 0.0000000 2.0871219 2.4593931 2.5310635 2.2752406 1.7050202 2.3777205 2.2391334 7.9996795 3.0155581 2.5678456 2.4607131 2.3635497 2.6094694 2.4652796 2.4744958 2.5204313 2.2979341 2.4261040 
HanXRQChr02g0043891                       1.7344200 2.2904614 1.9292109 1.9950713 2.9740105 1.7031483 2.9740105 0.8627967 2.7480075 2.8691381 0.2999357 1.6368489 1.8516010 0.8212090 1.9648697 0.8569924 1.9706973 3.0073462 2.4953761 1.7408111 1.5549892 1.7879134 2.8338611 1.9790121 2.0726137 2.9677734 0.8526184 1.9857816 2.0393400 3.3284548 2.6273970 2.1329604 0.8828400 1.5441410 1.7460663 1.4267904 1.9865761 2.2161774 0.2513333 2.2055857 2.1361207 1.7866991 1.6269730 1.7941478 1.2934052 1.8898396 2.5242826 2.8939896 1.6337681 1.4959129 2.5777376 2.0871219 0.0000000 2.0842768 2.0895137 1.4521446 0.9463178 0.8333276 0.8307616 7.0851164 2.7512068 2.2180796 1.9160128 1.9699127 1.9767485 2.0083562 1.8187274 1.7655807 1.6387157 1.7024030 
