43
CKAN_01596700                             0.0000000 1.5034933 3.4363847 1.7638747 2.2197529 1.4852390 2.5791755 1.4791789 1.5135590 2.9280227 2.2471104 1.6098955 1.6905023 1.5749221 2.6293714 1.4613322 2.5528097 1.7874799 1.7251450 1.7874058 3.7657837 1.6462779 1.6819495 1.5330123 2.4567782 1.7251378 2.4478168 1.5007111 1.6063023 1.8860028 1.5352103 1.7724058 6.7590676 2.1665551 1.8125574 1.7543681 1.6829827 1.6918237 1.6580294 1.9323255 1.8351317 1.8839880 1.7950772 
CKAN_01533600                             1.5034933 0.0000000 3.9653140 1.3037102 1.7414784 0.3186322 3.6078493 0.3386849 1.6628356 4.7507562 2.4910897 1.6940388 1.4214050 1.4992632 2.4024333 1.4392621 1.7899909 1.5040050 1.6435161 1.8890407 5.0744164 1.7438598 1.5918360 0.3504309 2.0075890 1.6768723 1.9576433 0.2417963 1.8739331 2.0569040 1.4226957 2.2802292 5.6915373 2.3030800 2.0629015 0.5299620 0.9126216 0.5760875 0.5871644 2.1758621 2.1490444 1.8845410 1.9707756 
CKAN_02447300                             3.4363847 3.9653140 0.0000000 3.8527940 3.5186672 3.8274302 4.0938907 3.8455594 3.4292817 4.1662469 4.8529441 3.8599724 3.6094109 3.5627206 5.7102930 4.2676247 4.0680106 3.9779792 3.5269717 3.6540412 0.3777147 3.7206144 3.4127957 4.1219033 4.6226028 3.1842894 4.6584697 3.9333096 3.5236554 3.2847972 3.7614311 3.7608381 8.9999984 3.5490966 3.4210846 4.2597801 4.0576102 3.8991253 4.1238619 3.6997662 3.9352836 3.6137068 3.5528358 
CKAN_01942000                             1.7638747 1.3037102 3.8527940 0.0000000 1.5548869 1.3950975 2.2564031 1.2469187 1.8083606 2.2335935 2.6906522 1.6350076 1.6481942 1.8265584 1.8046647 1.6129190 2.1064190 0.2853406 1.4755064 1.6737362 4.0876706 1.8881589 1.8409471 1.3959820 0.6506612 1.6643537 0.6634498 1.3594811 1.6207640 2.0083026 1.3783342 1.4271817 6.9939753 2.3155959 2.0813395 1.5001414 1.4378154 1.4659695 1.5010940 1.7508312 1.7693921 1.6304629 1.4535980 
CKAN_01906900                             2.2197529 1.7414784 3.5186672 1.5548869 0.0000000 1.6405681 2.6063554 1.6707521 1.7628713 3.1734712 2.5090027 1.5086542 1.6859770 1.7145480 2.7116674 1.5500398 0.2776998 1.7065958 1.9075971 1.8313166 3.5359478 1.8801489 1.6920131 1.6404360 2.0992353 1.6294309 2.1134022 1.6555447 1.3807420 2.1186913 1.5205268 1.8342527 6.8759957 2.1818885 2.2500620 1.7917831 1.9351867 1.7164165 1.8687599 1.9103243 1.9512784 1.8256312 2.0726410 
CKAN_01942500                             1.4852390 0.3186322 3.8274302 1.3950975 1.6405681 0.0000000 2.4490425 0.2722743 1.4181025 3.6204257 2.1265373 1.4608921 1.3808717 1.3004374 1.9772126 1.2568253 1.7464529 1.5391508 1.4524915 1.5020053 4.1760736 1.6085966 1.4142911 0.2040773 1.9715991 1.5018386 1.9433051 0.2850197 1.1509376 1.9357788 1.2587977 1.8804974 5.9232983 2.0547859 1.8324596 0.4272556 0.3962790 0.4593975 0.4741789 1.6544957 1.6276837 1.4681478 1.5062799 
CKAN_01894500                             2.5791755 3.6078493 4.0938907 2.2564031 2.6063554 2.4490425 0.0000000 2.8124713 2.9054042 2.2672079 4.6851902 3.2971048 2.5409834 2.7754498 4.1874625 2.4763674 2.9331914 3.0151850 2.8555493 2.9541362 3.4191599 2.7381275 2.6324651 2.3140030 3.2233948 2.9419147 3.1825617 2.6400681 1.8471371 2.5754053 2.6190698 3.2458764 7.9060281 3.0448718 2.7187482 2.8945444 2.8023444 3.1149515 3.3307277 3.0440736 3.2502332 2.9864796 3.0629582 
CKAN_01821800                             1.4791789 0.3386849 3.8455594 1.2469187 1.6707521 0.2722743 2.8124713 0.0000000 1.4832714 3.8220305 2.2168041 1.4293687 1.4638910 1.4155585 2.2459788 1.3949254 1.7092613 1.3982574 1.5305311 1.6568762 4.8186041 1.6653856 1.5708284 0.3252155 1.8732868 1.7062537 1.8562424 0.1611635 1.6282067 2.0102080 1.3933184 1.9072791 5.6044859 2.3076150 2.0571410 0.4497913 0.7463668 0.5206331 0.5130410 1.7603295 1.6742169 1.6227526 1.5605957 
CKAN_01848800                             1.5135590 1.6628356 3.4292817 1.8083606 1.7628713 1.4181025 2.9054042 1.4832714 0.0000000 3.8211357 1.8722003 1.3168882 0.7888408 0.2598176 1.4935819 1.2816346 2.0339657 1.7268235 0.8446096 0.9525385 3.6559276 1.6450850 1.7143377 1.3401920 2.2053774 1.4606848 2.2776189 1.3915044 1.5436663 2.0097414 1.3829697 1.4995190 5.8620911 2.1681629 2.0381134 1.6837390 1.4702048 1.4959132 1.4861542 0.9426424 0.9792383 0.9387645 1.3173236 
CKAN_02317200                             2.9280227 4.7507562 4.1662469 2.2335935 3.1734712 3.6204257 2.2672079 3.8220305 3.8211357 0.0000000 4.0721084 2.8337218 3.5287441 3.7172276 4.1065317 3.7324464 3.1030364 3.3263334 3.4190003 3.5727806 4.1916157 2.6612037 3.1098571 3.5043070 4.0106405 3.5052251 3.9558117 3.8079235 2.6897811 2.7178686 2.9168132 3.8466768 8.4587333 3.5062650 3.1717097 3.4133916 3.8209745 3.9348668 4.3949623 4.0484204 4.1088908 3.8543157 3.7475225 
CKAN_02742500                             2.2471104 2.4910897 4.8529441 2.6906522 2.5090027 2.1265373 4.6851902 2.2168041 1.8722003 4.0721084 0.0000000 0.0805784 1.5997471 1.9005653 3.1800225 2.1315250 2.6187066 2.8189542 1.8350185 1.8427052 5.3065360 1.8783436 2.0937326 2.0951476 3.5215499 2.9464379 3.3575477 2.0664796 3.1535403 2.3815585 1.7703941 2.1709105 7.8510197 2.8369780 2.6132845 2.4990314 2.4236864 2.4859474 2.5658704 1.7929405 1.9018928 1.9986288 2.2411867 
CKAN_00565900                             1.6098955 1.6940388 3.8599724 1.6350076 1.5086542 1.4608921 3.2971048 1.4293687 1.3168882 2.8337218 0.0805784 0.0000000 1.0946288 1.3747437 1.9511178 1.4983048 1.7439353 1.7644724 1.2776092 1.3273429 4.0203239 1.3125791 1.3915477 1.4426356 2.3612347 1.8038022 2.2753333 1.3838921 1.8246741 1.6803506 1.2874080 1.5161912 7.5045273 1.9134743 1.8238095 1.5680690 1.5735228 1.5976589 1.6392974 1.2838471 1.3602763 1.3539148 1.5955446 
CKAN_00566000                             1.6905023 1.4214050 3.6094109 1.6481942 1.6859770 1.3808717 2.5409834 1.4638910 0.7888408 3.5287441 1.5997471 1.0946288 0.0000000 0.8827552 1.4567778 1.3307052 1.8715696 1.8068948 0.4988722 0.5447586 3.8502075 1.9672799 1.7822546 1.3744225 2.2562805 1.8206384 2.2623512 1.3916488 1.7134198 2.0356519 1.4129481 1.3382943 6.3028839 2.6285652 2.1564835 1.5991373 1.5577144 1.8296971 1.6686981 0.6258362 0.6442236 0.5954161 0.8932223 
CKAN_00958900                             1.5749221 1.4992632 3.5627206 1.8265584 1.7145480 1.3004374 2.7754498 1.4155585 0.2598176 3.7172276 1.9005653 1.3747437 0.8827552 0.0000000 1.5960498 1.3008662 2.0154612 1.7279236 0.8470246 1.0424334 3.8987349 1.7883073 1.7666855 1.2707992 2.3281615 1.4397311 2.3115772 1.3418300 1.6582837 2.1103119 1.4651944 1.4902893 6.9314363 2.3362246 2.0955869 1.5882423 1.3961488 1.4007678 1.3481570 0.9634420 1.0474437 0.9074101 1.2790336 
CKAN_00861800                             2.6293714 2.4024333 5.7102930 1.8046647 2.7116674 1.9772126 4.1874625 2.2459788 1.4935819 4.1065317 3.1800225 1.9511178 1.4567778 1.5960498 0.0000000 1.9512718 2.9247894 2.3269977 1.1648235 1.4221817 6.0110734 2.8380013 2.6953247 2.2591120 3.0515456 2.1140712 2.9670776 2.0020195 1.8083800 3.0472242 2.3846681 2.0151118 8.4449881 3.1830443 3.0791185 2.4712909 2.2161259 2.1216432 2.0244222 1.5742287 1.5400564 1.2046964 1.7186309 
CKAN_00958800                             1.4613322 1.4392621 4.2676247 1.6129190 1.5500398 1.2568253 2.4763674 1.3949254 1.2816346 3.7324464 2.1315250 1.4983048 1.3307052 1.3008662 1.9512718 0.0000000 1.6966133 1.6006663 1.4383348 1.4187610 4.0299446 1.8076806 1.6199272 1.2401493 2.1300622 1.5036488 2.1171232 1.3516550 1.7878331 2.1930638 1.3972860 1.5413595 6.1291064 2.2288445 2.2009394 1.3725680 1.4612640 1.5192994 1.5823619 1.4901040 1.5497813 1.4508792 1.5033311 
CKAN_01290200                             2.5528097 1.7899909 4.0680106 2.1064190 0.2776998 1.7464529 2.9331914 1.7092613 2.0339657 3.1030364 2.6187066 1.7439353 1.8715696 2.0154612 2.9247894 1.6966133 0.0000000 2.2532447 2.0159725 2.0469842 3.9831106 2.5082165 2.1604360 1.7275505 2.9460851 1.8608096 2.9259729 1.7579803 1.7784529 2.4369305 1.8224649 2.1657825 7.1063507 2.6927075 2.7078890 2.0597081 1.9836205 1.8395012 1.9242013 2.2235745 2.3238502 1.9898197 2.1318778 
CKAN_01352300                             1.7874799 1.5040050 3.9779792 0.2853406 1.7065958 1.5391508 3.0151850 1.3982574 1.7268235 3.3263334 2.8189542 1.7644724 1.8068948 1.7279236 2.3269977 1.6006663 2.2532447 0.0000000 1.6589122 1.6692385 4.3455821 1.8995149 1.8371313 1.5249585 0.7416122 1.7782617 0.7127938 1.4969960 1.5933233 2.2935973 1.5470332 1.6967385 5.0291703 2.7173770 2.0659655 1.6046334 1.6611977 1.5001722 1.4932062 1.9540442 1.8856326 1.8150990 1.6619202 
CKAN_00283400                             1.7251450 1.6435161 3.5269717 1.4755064 1.9075971 1.4524915 2.8555493 1.5305311 0.8446096 3.4190003 1.8350185 1.2776092 0.4988722 0.8470246 1.1648235 1.4383348 2.0159725 1.6589122 0.0000000 0.6540951 3.8376514 1.8730346 1.8851867 1.4934814 2.2158810 1.6490105 2.1841069 1.4707615 1.5989329 2.0197462 1.5436723 1.3056475 5.5722177 2.3332731 2.1842725 1.4291426 1.4997769 1.5667435 1.6567412 0.5942993 0.6295054 0.3801339 0.8609812 
CKAN_00109600                             1.7874058 1.8890407 3.6540412 1.6737362 1.8313166 1.5020053 2.9541362 1.6568762 0.9525385 3.5727806 1.8427052 1.3273429 0.5447586 1.0424334 1.4221817 1.4187610 2.0469842 1.6692385 0.6540951 0.0000000 4.2166662 1.7950991 1.7101818 1.6263317 2.2796823 1.7520602 2.2972322 1.5897629 1.5950905 2.0489701 1.2790392 1.5548120 7.0698466 2.5553403 2.0506263 1.7031089 1.8230041 1.9849038 2.0410889 0.6726205 0.6990311 0.7344120 0.8202479 
CKAN_02197200                             3.7657837 5.0744164 0.3777147 4.0876706 3.5359478 4.1760736 3.4191599 4.8186041 3.6559276 4.1916157 5.3065360 4.0203239 3.8502075 3.8987349 6.0110734 4.0299446 3.9831106 4.3455821 3.8376514 4.2166662 0.0000000 4.1360574 3.6929092 4.2306064 5.1229504 3.5054420 5.1208712 4.3947486 3.8363388 3.1201369 4.0436856 3.9570189 7.6610823 3.7110599 3.6669349 4.2440933 5.1996650 4.7525941 4.8543375 3.9884526 4.2641160 4.0710453 4.0688910 
CKAN_02109000                             1.6462779 1.7438598 3.7206144 1.8881589 1.8801489 1.6085966 2.7381275 1.6653856 1.6450850 2.6612037 1.8783436 1.3125791 1.9672799 1.7883073 2.8380013 1.8076806 2.5082165 1.8995149 1.8730346 1.7950991 4.1360574 0.0000000 0.3104927 1.6739293 2.3676593 1.8160415 2.3626183 1.6054175 1.4590337 1.1235355 1.4117267 1.7827708 5.2538393 1.7817547 0.6333391 1.9108929 1.9185301 1.7532939 1.7214311 1.9297878 1.9096661 1.8128314 2.5026932 
CKAN_02199500                             1.6819495 1.5918360 3.4127957 1.8409471 1.6920131 1.4142911 2.6324651 1.5708284 1.7143377 3.1098571 2.0937326 1.3915477 1.7822546 1.7666855 2.6953247 1.6199272 2.1604360 1.8371313 1.8851867 1.7101818 3.6929092 0.3104927 0.0000000 1.5384760 2.3060895 1.6530870 2.3011653 1.4673667 1.4485918 1.2071677 1.3596944 1.8048038 6.2966552 1.8942518 0.6273022 1.8431623 1.7611695 1.5155694 1.5455043 1.7284601 1.8209997 1.7603679 2.2285997 
CKAN_02189300                             1.5330123 0.3504309 4.1219033 1.3959820 1.6404360 0.2040773 2.3140030 0.3252155 1.3401920 3.5043070 2.0951476 1.4426356 1.3744225 1.2707992 2.2591120 1.2401493 1.7275505 1.5249585 1.4934814 1.6263317 4.2306064 1.6739293 1.5384760 0.0000000 1.9553042 1.6976417 1.9235602 0.3196898 1.1416977 2.0309251 1.4321750 2.0093137 6.8098007 2.1865525 1.9955690 0.4349116 0.4230797 0.5297619 0.5325983 1.6888433 1.6290669 1.5131900 1.5176176 
CKAN_02189800                             2.4567782 2.0075890 4.6226028 0.6506612 2.0992353 1.9715991 3.2233948 1.8732868 2.2053774 4.0106405 3.5215499 2.3612347 2.2562805 2.3281615 3.0515456 2.1300622 2.9460851 0.7416122 2.2158810 2.2796823 5.1229504 2.3676593 2.3060895 1.9553042 0.0000000 2.1998340 0.0462255 2.0225134 2.1918211 2.6986284 2.0264178 2.3129486 6.5693642 3.1184169 2.6575481 2.1576606 2.1099103 2.0455424 2.0838596 2.4257929 2.5248690 2.2887892 2.1693783 
CKAN_02117700                             1.7251378 1.6768723 3.1842894 1.6643537 1.6294309 1.5018386 2.9419147 1.7062537 1.4606848 3.5052251 2.9464379 1.8038022 1.8206384 1.4397311 2.1140712 1.5036488 1.8608096 1.7782617 1.6490105 1.7520602 3.5054420 1.8160415 1.6530870 1.6976417 2.1998340 0.0000000 2.2223016 1.6260678 1.5141599 1.8943447 1.3795526 1.5701756 7.0916628 2.3372374 1.9557086 1.6318663 1.6608057 1.8324449 1.7799037 1.6940014 1.7928531 1.5413897 1.7358813 
CKAN_02189500                             2.4478168 1.9576433 4.6584697 0.6634498 2.1134022 1.9433051 3.1825617 1.8562424 2.2776189 3.9558117 3.3575477 2.2753333 2.2623512 2.3115772 2.9670776 2.1171232 2.9259729 0.7127938 2.1841069 2.2972322 5.1208712 2.3626183 2.3011653 1.9235602 0.0462255 2.2223016 0.0000000 1.9734695 2.1764672 2.8133730 1.9973374 2.2781097 7.1410388 3.1865538 2.6632657 2.1744681 2.0809415 2.0064620 2.0442996 2.4985841 2.5726931 2.2357153 2.1790737 
CKAN_02562300                             1.5007111 0.2417963 3.9333096 1.3594811 1.6555447 0.2850197 2.6400681 0.1611635 1.3915044 3.8079235 2.0664796 1.3838921 1.3916488 1.3418300 2.0020195 1.3516550 1.7579803 1.4969960 1.4707615 1.5897629 4.3947486 1.6054175 1.4673667 0.3196898 2.0225134 1.6260678 1.9734695 0.0000000 1.1848583 1.8938400 1.2877661 1.8854432 5.6985514 2.0148282 1.9212590 0.4212756 0.5511653 0.4528987 0.4459498 1.7049461 1.6631101 1.5450437 1.5851719 
CKAN_01187700                             1.6063023 1.8739331 3.5236554 1.6207640 1.3807420 1.1509376 1.8471371 1.6282067 1.5436663 2.6897811 3.1535403 1.8246741 1.7134198 1.6582837 1.8083800 1.7878331 1.7784529 1.5933233 1.5989329 1.5950905 3.8363388 1.4590337 1.4485918 1.1416977 2.1918211 1.5141599 2.1764672 1.1848583 0.0000000 1.7137311 1.3226658 1.8245405 5.5322165 2.1255021 1.7645386 1.6696350 2.1092350 1.6123279 1.5618183 1.7511345 1.7013873 1.8064984 1.9168753 
CKAN_01046400                             1.8860028 2.0569040 3.2847972 2.0083026 2.1186913 1.9357788 2.5754053 2.0102080 2.0097414 2.7178686 2.3815585 1.6803506 2.0356519 2.1103119 3.0472242 2.1930638 2.4369305 2.2935973 2.0197462 2.0489701 3.1201369 1.1235355 1.2071677 2.0309251 2.6986284 1.8943447 2.8133730 1.8938400 1.7137311 0.0000000 1.3859145 2.2539388 7.0679270 0.9986040 1.4651115 2.0843262 2.4988362 2.1393205 2.2139909 2.0556750 2.1902902 2.0488321 2.3796426 
CKAN_01065400                             1.5352103 1.4226957 3.7614311 1.3783342 1.5205268 1.2587977 2.6190698 1.3933184 1.3829697 2.9168132 1.7703941 1.2874080 1.4129481 1.4651944 2.3846681 1.3972860 1.8224649 1.5470332 1.5436723 1.2790392 4.0436856 1.4117267 1.3596944 1.4321750 2.0264178 1.3795526 1.9973374 1.2877661 1.3226658 1.3859145 0.0000000 1.7204149 5.9447150 2.0558145 1.3864167 1.6185581 1.5284952 1.4788431 1.5947887 1.6116808 1.6498891 1.5285409 1.8059659 
AT1G69120.1_APETALA1_AP1_Length_286       1.7724058 2.2802292 3.7608381 1.4271817 1.8342527 1.8804974 3.2458764 1.9072791 1.4995190 3.8466768 2.1709105 1.5161912 1.3382943 1.4902893 2.0151118 1.5413595 2.1657825 1.6967385 1.3056475 1.5548120 3.9570189 1.7827708 1.8048038 2.0093137 2.3129486 1.5701756 2.2781097 1.8854432 1.8245405 2.2539388 1.7204149 0.0000000 8.5463241 2.6579762 2.2233223 2.0676523 2.0913647 2.0992740 2.1285119 1.6215430 1.6730163 1.2644683 1.6791581 
AT4G36920.1_APETALA2_AP2_Length_432       6.7590676 5.6915373 8.9999984 6.9939753 6.8759957 5.9232983 7.9060281 5.6044859 5.8620911 8.4587333 7.8510197 7.5045273 6.3028839 6.9314363 8.4449881 6.1291064 7.1063507 5.0291703 5.5722177 7.0698466 7.6610823 5.2538393 6.2966552 6.8098007 6.5693642 7.0916628 7.1410388 5.6985514 5.5322165 7.0679270 5.9447150 8.5463241 0.0000000 8.6621788 6.9198791 6.0193822 6.3210833 5.5828756 6.2509495 6.4273541 6.8214210 6.4743044 7.1047424 
AT3G54340.1_APETALA3_AP3_Length_232       2.1665551 2.3030800 3.5490966 2.3155959 2.1818885 2.0547859 3.0448718 2.3076150 2.1681629 3.5062650 2.8369780 1.9134743 2.6285652 2.3362246 3.1830443 2.2288445 2.6927075 2.7173770 2.3332731 2.5553403 3.7110599 1.7817547 1.8942518 2.1865525 3.1184169 2.3372374 3.1865538 2.0148282 2.1255021 0.9986040 2.0558145 2.6579762 8.6621788 0.0000000 2.0805036 2.2600621 2.3570781 2.0911560 2.1490292 2.3923810 2.4003406 2.3182354 2.7406360 
AT5G20240.1_PISTILLATA_PI_Length_208      1.8125574 2.0629015 3.4210846 2.0813395 2.2500620 1.8324596 2.7187482 2.0571410 2.0381134 3.1717097 2.6132845 1.8238095 2.1564835 2.0955869 3.0791185 2.2009394 2.7078890 2.0659655 2.1842725 2.0506263 3.6669349 0.6333391 0.6273022 1.9955690 2.6575481 1.9557086 2.6632657 1.9212590 1.7645386 1.4651115 1.3864167 2.2233223 6.9198791 2.0805036 0.0000000 2.2390067 2.3942701 2.1804765 2.1226481 2.0523146 2.2940594 2.0667105 2.3603572 
AT4G18960.1_AGAMOUS_AG_Length_252         1.7543681 0.5299620 4.2597801 1.5001414 1.7917831 0.4272556 2.8945444 0.4497913 1.6837390 3.4133916 2.4990314 1.5680690 1.5991373 1.5882423 2.4712909 1.3725680 2.0597081 1.6046334 1.4291426 1.7031089 4.2440933 1.9108929 1.8431623 0.4349116 2.1576606 1.6318663 2.1744681 0.4212756 1.6696350 2.0843262 1.6185581 2.0676523 6.0193822 2.2600621 2.2390067 0.0000000 0.6843638 0.6047890 0.6963783 2.0094993 1.9585706 1.4679508 1.8026991 
AT4G09960.4_SEEDSTICK_STK_Length_329      1.6829827 0.9126216 4.0576102 1.4378154 1.9351867 0.3962790 2.8023444 0.7463668 1.4702048 3.8209745 2.4236864 1.5735228 1.5577144 1.3961488 2.2161259 1.4612640 1.9836205 1.6611977 1.4997769 1.8230041 5.1996650 1.9185301 1.7611695 0.4230797 2.1099103 1.6608057 2.0809415 0.5511653 2.1092350 2.4988362 1.5284952 2.0913647 6.3210833 2.3570781 2.3942701 0.6843638 0.0000000 0.7247501 0.6842348 1.7969276 1.7002969 1.5244982 1.8715114 
AT3G58780.4_SHATTERPROOF1_SHP1_Length_281 1.6918237 0.5760875 3.8991253 1.4659695 1.7164165 0.4593975 3.1149515 0.5206331 1.4959132 3.9348668 2.4859474 1.5976589 1.8296971 1.4007678 2.1216432 1.5192994 1.8395012 1.5001722 1.5667435 1.9849038 4.7525941 1.7532939 1.5155694 0.5297619 2.0455424 1.8324449 2.0064620 0.4528987 1.6123279 2.1393205 1.4788431 2.0992740 5.5828756 2.0911560 2.1804765 0.6047890 0.7247501 0.0000000 0.1647938 1.9717588 1.9870461 1.6232294 1.9273205 
AT2G42830.2_SHATTERPROOF2_SHP2_Length_248 1.6580294 0.5871644 4.1238619 1.5010940 1.8687599 0.4741789 3.3307277 0.5130410 1.4861542 4.3949623 2.5658704 1.6392974 1.6686981 1.3481570 2.0244222 1.5823619 1.9242013 1.4932062 1.6567412 2.0410889 4.8543375 1.7214311 1.5455043 0.5325983 2.0838596 1.7799037 2.0442996 0.4459498 1.5618183 2.2139909 1.5947887 2.1285119 6.2509495 2.1490292 2.1226481 0.6963783 0.6842348 0.1647938 0.0000000 1.9040334 1.8897109 1.7698361 1.9279451 
AT5G15800.2_SEPALLATA1_SEP1_Length_262    1.9323255 2.1758621 3.6997662 1.7508312 1.9103243 1.6544957 3.0440736 1.7603295 0.9426424 4.0484204 1.7929405 1.2838471 0.6258362 0.9634420 1.5742287 1.4901040 2.2235745 1.9540442 0.5942993 0.6726205 3.9884526 1.9297878 1.7284601 1.6888433 2.4257929 1.6940014 2.4985841 1.7049461 1.7511345 2.0556750 1.6116808 1.6215430 6.4273541 2.3923810 2.0523146 2.0094993 1.7969276 1.9717588 1.9040334 0.0000000 0.1404301 0.5639708 0.7936359 
AT3G02310.1_SEPALLATA2_SEP2_Length_250    1.8351317 2.1490444 3.9352836 1.7693921 1.9512784 1.6276837 3.2502332 1.6742169 0.9792383 4.1088908 1.9018928 1.3602763 0.6442236 1.0474437 1.5400564 1.5497813 2.3238502 1.8856326 0.6295054 0.6990311 4.2641160 1.9096661 1.8209997 1.6290669 2.5248690 1.7928531 2.5726931 1.6631101 1.7013873 2.1902902 1.6498891 1.6730163 6.8214210 2.4003406 2.2940594 1.9585706 1.7002969 1.9870461 1.8897109 0.1404301 0.0000000 0.5958848 0.9262852 
AT1G24260.2_SEPALLATA3_SEP3_Length_251    1.8839880 1.8845410 3.6137068 1.6304629 1.8256312 1.4681478 2.9864796 1.6227526 0.9387645 3.8543157 1.9986288 1.3539148 0.5954161 0.9074101 1.2046964 1.4508792 1.9898197 1.8150990 0.3801339 0.7344120 4.0710453 1.8128314 1.7603679 1.5131900 2.2887892 1.5413897 2.2357153 1.5450437 1.8064984 2.0488321 1.5285409 1.2644683 6.4743044 2.3182354 2.0667105 1.4679508 1.5244982 1.6232294 1.7698361 0.5639708 0.5958848 0.0000000 0.9798685 
AT2G03710.1_SEPALLATA4_SEP4_Length_258    1.7950772 1.9707756 3.5528358 1.4535980 2.0726410 1.5062799 3.0629582 1.5605957 1.3173236 3.7475225 2.2411867 1.5955446 0.8932223 1.2790336 1.7186309 1.5033311 2.1318778 1.6619202 0.8609812 0.8202479 4.0688910 2.5026932 2.2285997 1.5176176 2.1693783 1.7358813 2.1790737 1.5851719 1.9168753 2.3796426 1.8059659 1.6791581 7.1047424 2.7406360 2.3603572 1.8026991 1.8715114 1.9273205 1.9279451 0.7936359 0.9262852 0.9798685 0.0000000 
