131
CKAN_01848800_Kbox                 0.0000000 1.3051904 0.1500244 1.3845305 1.2471568 1.3046650 1.3642932 1.2089080 0.8941687 0.8099354 1.9634756 1.4694869 1.2530801 1.4816386 1.5232656 0.5871794 1.7251431 1.1892241 1.2144310 1.6115632 2.1648039 2.1648039 1.4787262 1.5709475 2.0243446 2.8374603 2.3252310 2.1447543 1.9169159 0.6185094 1.9443276 0.9449392 0.8969389 1.0333099 1.0333099 0.4316303 1.1082721 1.1082721 1.2486963 1.2486963 1.3234554 1.1581747 0.7496036 0.7496036 1.1379136 1.3205344 3.5029720 1.1379136 0.7000416 0.7749916 1.1581747 0.7000416 1.2454189 1.1496110 3.8987241 0.4548909 1.4631865 3.6876093 1.0049402 1.3676605 4.0609907 1.0049402 1.4841374 1.1451746 1.4848646 1.4848646 1.6152647 1.6152647 1.9256207 1.5891775 1.6551900 1.7228483 1.6551900 1.1263643 1.3673953 1.4750413 1.9261150 1.9261150 1.7833101 1.7833101 3.1734182 2.3899565 1.5543059 1.3898731 3.8987241 1.5052578 1.9256207 1.5135624 1.5430213 1.5430213 2.5371483 3.1254297 2.4548450 3.7929577 1.3515375 1.3363296 1.4855503 1.3363296 1.4932543 1.6984740 1.4932543 1.6984740 1.1973828 1.1977106 1.1977106 1.4782789 1.0926348 2.1887079 1.4306301 2.0929544 2.0859904 2.6453064 4.5522136 2.7081933 2.7081933 2.8032412 2.7905242 3.1631801 3.8968191 3.8968191 1.5794449 3.0368041 3.1800271 3.1175942 1.4743680 2.3265497 2.6375333 2.2046150 1.8673248 1.7086121 1.8582937 
CKAN_02189300_Kbox                 1.3051904 0.0000000 1.2264571 0.1032851 0.2550218 0.2251994 0.2754146 1.2350966 1.6458193 1.5905435 2.2236256 1.5950280 1.4551470 1.4479690 1.7612081 1.2870268 1.5464983 1.4901780 1.5566898 1.8809726 1.9609698 1.9609698 1.5777397 1.5822418 1.4504992 2.1185015 2.5912778 1.9548839 1.2987902 1.7082456 2.0195913 1.5321546 1.4610219 1.1303267 1.1303267 1.3861665 0.4625596 0.4625596 0.3986480 0.3986480 1.1117649 0.4665423 1.7001726 1.7001726 0.2358969 1.0560639 5.5194189 0.2358969 1.3900754 1.7807705 0.4665423 1.3900754 1.0468635 1.0242168 2.9671609 1.4205873 1.3119938 3.4159023 1.2422203 1.1619118 4.4976758 1.2422203 1.0624859 1.2461526 1.4751856 1.4751856 1.6077264 1.6077264 2.1414101 1.8301045 1.6568320 1.4286540 1.6568320 0.2677425 1.7731115 1.6405625 2.1637117 2.1637117 1.4529476 1.4529476 3.1704305 1.9172449 1.7624086 1.4084587 2.9671609 1.6768549 2.1414101 1.4710903 1.9597386 1.9597386 2.6541678 3.7457587 2.3354733 2.9893954 2.2123935 2.1688441 1.9931982 2.1688441 1.9948799 2.2305039 1.9948799 2.2305039 1.5379056 1.8447022 1.8447022 1.9306152 1.8010833 2.4079288 1.9599791 2.3942079 2.4411450 2.5808891 3.4740387 1.7966405 1.7966405 2.2152959 2.2446901 2.5708683 3.7630248 3.7630248 2.2131858 3.2331281 2.1795676 2.5301003 1.6287843 3.4570235 2.2874523 1.8961133 1.6366975 1.4603929 1.4891915 
CKAN_00958900_Kbox                 0.1500244 1.2264571 0.0000000 1.3047166 1.2118289 1.2398019 1.3074622 1.2055486 0.9508597 0.7349635 2.0352767 1.6499859 1.2114840 1.4865379 1.6216112 0.5481158 1.6758483 1.2261215 1.2522983 1.6201474 2.0713022 2.0713022 1.5177845 1.4486739 2.0549218 2.9028152 2.4724275 2.4326126 1.6358115 0.5452185 1.9851034 0.9085622 0.8112359 0.9997428 0.9997428 0.3524892 1.0934213 1.0934213 1.2404874 1.2404874 1.3502525 1.1428226 0.7240950 0.7240950 1.1763878 1.2707823 3.4160263 1.1763878 0.5725698 0.7496241 1.1428226 0.5725698 1.2659682 1.1012368 3.7675616 0.5178556 1.4156560 3.5739701 0.9072437 1.2305534 3.8668389 0.9072437 1.5639007 1.1695784 1.4783970 1.4783970 1.6413818 1.6413818 1.8884241 1.4673139 1.7694343 1.6440646 1.7694343 1.2044243 1.5024755 1.4869404 1.9917547 1.9917547 1.9810783 1.9810783 3.0493979 2.1921016 1.6107119 1.3418486 3.7675616 1.6058029 1.8884241 1.5074739 1.4935463 1.4935463 2.7196514 2.9799807 2.2647908 3.9590170 1.3764803 1.3823776 1.6849831 1.3823776 1.4752394 1.8487417 1.4752394 1.8487417 1.2924009 1.3041371 1.3041371 1.4302299 1.0917670 2.2807738 1.4881495 2.1564257 2.1503751 2.5620655 4.3475884 2.6386348 2.6386348 2.5566797 2.6755928 3.2068803 3.6437041 3.6437041 1.8013664 3.2394306 3.0051892 3.1782608 1.5666913 2.5773278 2.5170511 2.2568436 1.9055783 1.7579128 1.9015401 
CKAN_01942500_Kbox                 1.3845305 0.1032851 1.3047166 0.0000000 0.2487713 0.1936790 0.2304971 1.2929717 1.6595396 1.6263640 2.4493447 1.6047210 1.5019727 1.5728221 1.8316418 1.2815695 1.6064726 1.5941646 1.6645425 1.7203183 1.9094756 1.9094756 1.6635671 1.6314507 1.4507301 2.3273588 2.4589557 2.1306116 1.4660523 1.6866841 1.9582833 1.5024469 1.4641912 1.0123562 1.0123562 1.3333209 0.4166626 0.4166626 0.3571151 0.3571151 1.1532183 0.3924245 1.6429935 1.6429935 0.1908920 1.1417020 5.5087812 0.1908920 1.3736976 1.7222871 0.3924245 1.3736976 1.0405283 1.0744498 4.3041681 1.4156803 1.3243063 5.6569399 1.3090763 1.3007689 5.0465713 1.3090763 1.0785012 1.4057029 1.5599811 1.5599811 1.6448799 1.6448799 2.1553317 1.9470221 1.5454495 1.5356785 1.5454495 0.2191298 1.8817955 1.8013252 2.3119183 2.3119183 1.6016911 1.6016911 3.2596108 2.0749004 1.8624328 1.3614246 4.3041681 1.7147550 2.1553317 1.5552537 1.8051664 1.8051664 2.8927966 3.2857554 2.4396699 2.9593138 2.0805043 2.0908944 1.9222708 2.0908944 1.7818609 2.1954905 1.7818609 2.1954905 1.5363150 1.9080393 1.9080393 1.7802326 1.9163049 2.6797133 1.7671004 2.7067718 2.7692285 2.6629872 3.4997268 2.0067910 2.0067910 2.4811462 2.5176472 2.8549360 3.2654816 3.2654816 2.3457014 3.2152792 2.1795676 2.9480960 1.7162777 3.2287542 2.3296749 2.1524695 1.8405228 1.6665407 1.6827725 
CKAN_02562300_Kbox                 1.2471568 0.2550218 1.2118289 0.2487713 0.0000000 0.1367935 0.1420467 1.4902741 1.6112815 1.5928767 2.4138370 1.6057947 1.5305926 1.6478135 1.8816850 1.2813809 1.7012987 1.6457241 1.7418195 1.8288162 1.9973603 1.9973603 1.6000750 1.6183487 1.6244348 2.7632594 2.5357144 1.8950833 1.4291242 1.5447170 1.9623723 1.2676450 1.2840034 1.1923676 1.1923676 1.1596116 0.3522353 0.3522353 0.4469999 0.4469999 1.2773373 0.3607620 1.5713607 1.5713607 0.3679484 1.1754762 5.2229597 0.3679484 1.4473243 1.6494261 0.3607620 1.4473243 1.1511816 1.1138757 3.9989547 1.2902825 1.2107703 5.1038489 1.1394343 1.2544840 4.6864302 1.1394343 1.2989905 1.2834826 1.5939020 1.5939020 1.5210891 1.5210891 2.2640183 2.0873288 1.5659408 1.3471337 1.5659408 0.3852682 2.0213073 1.6111179 2.3711218 2.3711218 1.6544655 1.6544655 3.4791404 2.2312041 1.9973817 1.4496283 3.9989547 1.5896251 2.2640183 1.5893710 1.9505257 1.9505257 2.6867789 3.4202227 2.6084921 3.1016719 2.1716839 2.1212443 1.9436666 2.1212443 1.9257168 2.3542453 1.9257168 2.3542453 1.5576051 2.0276487 2.0276487 1.9216468 1.9417476 3.2074518 1.8363267 2.8334038 2.9019823 2.8015549 2.8187974 2.2942206 2.2942206 2.8120738 2.7642302 2.8849237 3.2049207 3.2049207 2.4615970 3.6109854 2.3739813 2.4829511 1.6125534 2.8455884 2.6814904 2.5338308 2.1754135 1.9337309 2.1543622 
CKAN_01533600_Kbox                 1.3046650 0.2251994 1.2398019 0.1936790 0.1367935 0.0000000 0.1031101 1.4505013 1.6754823 1.5621765 2.5134607 1.5572525 1.4100335 1.5396854 1.8728362 1.2716387 1.6723440 1.4902565 1.5574103 1.7753074 1.9861452 1.9861452 1.6102592 1.5706204 1.4607726 2.6354304 2.3954611 2.0069274 1.5307868 1.6522430 1.9861846 1.4291621 1.3890392 1.1845891 1.1845891 1.2697447 0.4112169 0.4112169 0.3860652 0.3860652 1.2931350 0.4104855 1.7468091 1.7468091 0.3405505 1.2194030 6.5890767 0.3405505 1.4165625 1.8317336 0.4104855 1.4165625 1.2223910 1.1475716 4.8465154 1.3557482 1.2916113 5.7708909 1.2259085 1.2546058 5.4135544 1.2259085 1.3015317 1.3619774 1.5254217 1.5254217 1.5195928 1.5195928 2.2783854 2.0029127 1.5789902 1.5181143 1.5789902 0.3565040 1.8736837 1.7928762 2.2999760 2.2999760 1.6235711 1.6235711 3.7662523 2.3393715 2.1534830 1.3498214 4.8465154 1.5878565 2.2783854 1.5213183 1.9775899 1.9775899 2.6651050 3.1772242 2.7301999 3.0149571 2.0699232 2.0802769 1.9085732 2.0802769 1.8366678 2.2841574 1.8366678 2.2841574 1.5027817 1.8908069 1.8908069 1.9483824 1.7852527 2.8435898 1.8688631 2.6612358 2.7205223 2.6757240 2.9961256 2.2396815 2.2396815 2.5950198 2.6405278 2.9400244 2.8292783 2.8292783 2.4350932 3.2329668 2.3641784 2.8363769 1.6043284 2.9874309 2.5053288 2.2384285 1.8920245 1.6762914 1.9107599 
CKAN_01821800_Kbox                 1.3642932 0.2754146 1.3074622 0.2304971 0.1420467 0.1031101 0.0000000 1.5616938 1.7513623 1.6731755 2.5477350 1.5881171 1.5415903 1.6498993 1.8423453 1.2938016 1.8178714 1.5499664 1.6415309 1.8941217 1.9499971 1.9499971 1.4887983 1.5246867 1.3890959 2.8044914 2.4872771 2.0266958 1.5790604 1.8360324 1.9960789 1.3606828 1.4398259 1.1902513 1.1902513 1.3503167 0.4395860 0.4395860 0.4624150 0.4624150 1.3224630 0.4478242 1.8376275 1.8376275 0.3587882 1.2205357 6.3572875 0.3587882 1.4487216 1.8837910 0.4478242 1.4487216 1.1463078 1.1537381 4.8465154 1.3508179 1.3274910 5.7708909 1.2790547 1.2890727 5.4135544 1.2790547 1.2909243 1.4230042 1.5343055 1.5343055 1.5617472 1.5617472 2.2829013 2.0113069 1.5381632 1.5059220 1.5381632 0.3557207 1.9338855 1.7173858 2.3278541 2.3278541 1.6428913 1.6428913 3.7662523 2.3070801 2.1009201 1.2725271 4.8465154 1.5598025 2.2829013 1.5301444 1.9802074 1.9802074 2.6221455 3.1872973 2.5744684 3.0442640 2.1332225 2.1441439 1.9671635 2.1441439 1.9008288 2.3564544 1.9008288 2.3564544 1.5833370 1.9851098 1.9851098 1.9508765 1.9000180 2.8279032 1.8716298 2.6665352 2.7259863 2.8328116 3.0702487 2.3599284 2.3599284 2.7883303 2.7447966 2.9430913 2.7384998 2.7384998 2.2875622 3.4770427 2.3739813 2.7775582 1.6401620 2.9292702 2.5325515 2.2384285 1.9283289 1.6762914 1.9107599 
CKAN_00958800_Kbox                 1.2089080 1.2350966 1.2055486 1.2929717 1.4902741 1.4505013 1.5616938 0.0000000 1.3225213 1.6862920 2.5184038 1.6528637 1.6555846 2.0246001 2.0564279 1.5729703 1.8783060 1.4131832 1.4215506 1.8362497 2.6250075 2.6250075 1.7566692 1.8625774 2.5184796 2.6334451 3.4830660 1.5411128 2.4648501 3.2100033 2.8531802 1.4282319 1.4471948 1.2124191 1.2124191 1.2791139 1.2860849 1.2860849 1.0087037 1.0087037 0.5154133 1.3392932 1.7709780 1.7709780 1.0270810 1.6009518 9.0000000 1.0270810 1.5110179 1.7960492 1.3392932 1.5110179 0.8194885 1.4355706 8.9999987 1.6530227 1.7297826 8.9999986 1.7133952 1.7396863 8.9999986 1.7133952 0.8600992 1.5432721 0.8839162 0.8839162 0.9189398 0.9189398 2.2396463 2.6924724 0.9335082 2.3169881 0.9335082 1.0578535 0.9319672 1.9044326 2.2528462 2.2528462 1.7760424 1.7760424 3.6726231 2.4857756 2.2403930 1.3120421 8.9999987 0.9721244 2.2396463 0.9081516 1.6097060 1.6097060 2.8278494 3.2222800 2.2356663 3.4234163 1.4354710 1.4494302 1.5197227 1.4494302 1.6694607 1.5675693 1.6694607 1.5675693 1.4139588 1.5612446 1.5612446 1.6252689 1.4167717 1.8644770 1.8330260 2.0780719 1.8878455 2.6896435 4.0526885 2.5689472 2.5689472 2.6986039 2.8236855 3.4727011 4.9854896 4.9854896 1.1573992 2.6736008 1.8845010 2.5525048 1.9828979 3.3524007 3.0225611 2.3849236 1.9613135 1.8118370 1.9390698 
CKAN_00109600_Kbox                 0.8941687 1.6458193 0.9508597 1.6595396 1.6112815 1.6754823 1.7513623 1.3225213 0.0000000 0.6017636 2.4067206 1.9885334 1.4919898 1.6099362 2.0241052 0.6279188 2.3729232 1.3399094 1.3783187 2.0668976 2.2909648 2.2909648 1.8711445 2.0731600 1.9095647 3.7455041 2.9859998 1.7430637 2.6978092 0.4804985 2.9942672 1.0431275 0.9688836 1.0545248 1.0545248 1.1884176 1.5354729 1.5354729 1.5531815 1.5531815 1.4336894 1.6226586 0.5675926 0.5675926 1.3413453 1.7158396 9.0000000 1.3413453 0.5700223 0.6078898 1.6226586 0.5700223 1.1738741 1.6067379 9.0000000 1.0539304 1.3828290 8.9999982 0.6145501 1.9727896 8.9999984 0.6145501 1.2097850 1.6382627 1.7882553 1.7882553 1.7148930 1.7148930 2.2262592 2.2377396 1.6491182 1.7360776 1.6491182 1.3246940 1.8640304 2.1228418 1.6710115 1.6710115 1.9077228 1.9077228 8.9999988 2.4839416 2.1188951 1.6177624 9.0000000 1.6318066 2.2262592 1.8262918 1.8287798 1.8287798 2.8281246 3.7031037 2.3727625 3.7523552 1.8299971 1.8128299 1.5062477 1.8128299 1.7265957 2.0087380 1.7265957 2.0087380 1.3596277 1.7960295 1.7960295 1.7681280 1.7562655 2.4737762 1.7842714 2.4223546 2.4050512 2.9239835 4.7910051 3.6812458 3.6812458 3.8034784 3.7561207 3.3228573 3.7435768 3.7435768 2.0409746 2.6845536 3.2551469 2.5025993 1.9813036 2.5532238 3.5614652 2.5469321 2.2287509 2.0692305 2.2610412 
CKAN_00283400_Kbox                 0.8099354 1.5905435 0.7349635 1.6263640 1.5928767 1.5621765 1.6731755 1.6862920 0.6017636 0.0000000 2.3512320 2.0208284 1.7087133 1.5948216 2.0652175 0.4675236 2.3386931 1.2714527 1.2735657 2.0826967 2.2835398 2.2835398 1.8325322 1.8374865 1.6247530 3.6274292 2.9236738 2.4714851 2.2965771 0.1660262 2.7628490 0.9320655 0.9628049 0.9446155 0.9446155 1.0372330 1.4751303 1.4751303 1.3336358 1.3336358 1.5823865 1.5416450 0.5069827 0.5069827 1.3983869 1.4578036 5.5147022 1.3983869 0.3496662 0.5397621 1.5416450 0.3496662 1.5751856 1.4736580 5.2195409 1.0089795 1.5901056 8.8713820 0.6861982 1.6340093 5.8022616 0.6861982 1.6793443 1.4982674 2.0149433 2.0149433 1.9492787 1.9492787 2.2289384 1.9829994 2.1170479 1.9814943 2.1170479 1.3494374 2.1309770 2.0485748 2.0559606 2.0559606 2.2535742 2.2535742 3.8552614 2.8395453 2.4618950 1.6625303 5.2195409 1.8095798 2.2289384 2.0565817 2.4718117 2.4718117 3.5054711 3.6650301 2.5452509 3.6522215 2.1364608 2.1598890 1.8290057 2.1598890 1.9326027 2.2244090 1.9326027 2.2244090 1.5497963 1.7613890 1.7613890 2.4281105 2.3214803 2.9161324 2.1887535 2.3666977 2.4201655 2.8008079 4.7063543 3.3475305 3.3475305 2.9754692 2.9123242 3.8914995 3.6334402 3.6334402 3.3227595 3.5654505 3.3490498 3.6907210 2.0579989 3.2512981 3.6572920 3.0283577 2.2708777 2.5476766 2.5477178 
CKAN_01046400_Kbox                 1.9634756 2.2236256 2.0352767 2.4493447 2.4138370 2.5134607 2.5477350 2.5184038 2.4067206 2.3512320 0.0000000 2.2152713 1.7495418 2.8774728 1.8724396 2.3851362 1.9034279 1.7709046 1.8293960 2.2971363 2.9928082 2.9928082 2.5188561 1.8565210 2.8836020 3.0228589 2.2738420 1.8941432 4.3245960 3.9780275 2.0243210 1.7966608 2.0739136 1.7372447 1.7372447 1.8963676 2.1795233 2.1795233 2.1382118 2.1382118 2.1640111 2.1084225 1.7264683 1.7264683 2.1719959 1.8850807 3.3507884 2.1719959 1.7424114 1.7809684 2.1084225 1.7424114 1.9930228 1.7389016 2.4516329 1.7996397 2.2936032 2.3812035 2.0934040 2.1436826 2.6455483 2.0934040 1.8654729 1.9198213 2.6848570 2.6848570 2.3703871 2.3703871 1.8387031 1.8803461 2.7737693 2.5748914 2.7737693 2.2756353 2.3607408 1.7799189 2.2624159 2.2624159 2.0779036 2.0779036 2.2039353 0.9168143 1.5560010 1.7154106 2.4516329 2.2137071 1.8387031 2.7064658 2.7096760 2.7096760 2.0195057 4.4044136 2.4994798 4.8197448 2.2734080 2.3329265 2.7401175 2.3329265 2.6225701 2.9608263 2.6225701 2.9608263 2.2852343 1.7318478 1.7318478 2.5795424 1.6959755 2.1695722 2.5717859 2.3265245 2.3673373 2.4975714 4.4815233 2.7039620 2.7039620 3.2129218 2.9180342 2.8501045 4.4136806 4.4136806 2.3946267 3.2077182 1.8147133 3.4950235 1.8158395 3.6583228 3.9156859 2.8943629 2.4874089 2.1516649 2.1811080 
CKAN_01596700_Kbox                 1.4694869 1.5950280 1.6499859 1.6047210 1.6057947 1.5572525 1.5881171 1.6528637 1.9885334 2.0208284 2.2152713 0.0000000 1.5548222 1.7914965 1.5645733 2.1471800 1.5688201 1.5816094 1.6227184 2.2854184 2.7637330 2.7637330 2.1405213 1.9183000 2.2543350 2.6787332 3.0340818 2.5157961 2.4257491 4.7183092 2.8649851 1.5775270 1.7723869 1.5332869 1.5332869 1.6123944 1.4854451 1.4854451 1.9123535 1.9123535 1.6122010 1.5013811 1.6811153 1.6811153 1.6448551 1.6142702 8.1081555 1.6448551 1.9565277 1.7245359 1.5013811 1.9565277 1.9910812 1.6747736 4.7049477 1.7845151 1.7564905 2.9137350 1.9978054 1.6037384 5.9546422 1.9978054 2.1070364 1.9919996 2.2995495 2.2995495 2.1484843 2.1484843 1.6624235 2.2211518 2.4570104 2.3757473 2.4570104 1.6755920 2.2817484 1.9207687 2.8166072 2.8166072 1.9613715 1.9613715 4.2309376 2.6056646 1.4548020 2.0634399 4.7049477 2.1068336 1.6624235 2.2936601 2.8627703 2.8627703 3.1981539 3.7917129 4.4332266 3.0491346 2.1989953 2.3704127 2.7459701 2.3704127 2.7622999 2.4571889 2.7622999 2.4571889 2.1224961 1.9927158 1.9927158 2.8979264 2.1562993 2.5084622 3.2199986 2.9188311 2.9448162 4.0029287 3.8869763 3.2861007 3.2861007 3.5204402 3.2672621 4.0592009 3.9972983 3.9972983 2.6138927 3.1927812 3.6948869 2.5749421 1.8995717 2.5986004 3.5518560 2.2594124 1.9012629 1.6429906 1.8419667 
CKAN_01065400_Kbox                 1.2530801 1.4551470 1.2114840 1.5019727 1.5305926 1.4100335 1.5415903 1.6555846 1.4919898 1.7087133 1.7495418 1.5548222 0.0000000 1.6882170 1.8327873 1.3638013 1.8209798 1.3431292 1.3992722 1.8601732 2.4672253 2.4672253 1.9229719 1.5521894 1.7679030 2.9820632 2.6117566 1.4827398 4.2654719 2.4801693 2.0627666 1.5232878 1.4607587 1.4893739 1.4893739 1.5162440 1.4902909 1.4902909 1.5263793 1.5263793 1.1234531 1.6885173 1.4536495 1.4536495 1.4972974 1.8304954 3.2286563 1.4972974 1.6120592 1.5243578 1.6885173 1.6120592 1.4518382 1.6774939 2.6166992 1.5343441 1.9281365 1.7940880 1.5444909 1.8205269 2.7250989 1.5444909 1.6891275 1.3643160 1.7744212 1.7744212 1.7396560 1.7396560 1.4032024 1.8867276 1.8888688 2.1250880 1.8888688 1.5776303 1.5205549 1.6736401 1.7329749 1.7329749 1.9409272 1.9409272 2.1884098 2.5539504 1.4287545 1.6713009 2.6166992 1.7182140 1.4032024 1.7686939 2.0824218 2.0824218 2.7117550 3.3665262 2.6045677 3.6673633 2.2145279 2.3111252 2.6041686 2.3111252 2.5463707 2.5176848 2.5463707 2.5176848 2.1815554 2.4099579 2.4099579 1.9649307 1.7133080 1.7225958 2.1068784 1.9046811 1.8353044 2.1323275 4.4283051 3.1044259 3.1044259 2.7832855 3.0352356 3.1279797 3.4937370 3.4937370 1.7056124 3.4211707 2.4471596 2.5970829 1.7305169 2.6134560 3.1985271 2.3880380 2.0210469 1.7128119 1.9342392 
CKAN_01352300_Kbox                 1.4816386 1.4479690 1.4865379 1.5728221 1.6478135 1.5396854 1.6498993 2.0246001 1.6099362 1.5948216 2.8774728 1.7914965 1.6882170 0.0000000 2.2245877 1.8085554 2.2331270 2.1507022 2.1473464 2.1700659 0.8030905 0.8030905 2.5752096 2.3922747 0.4299202 3.1315415 2.9754246 2.2007551 1.8394863 1.2196373 2.4580719 1.7671795 1.5368301 1.5896909 1.5896909 1.8187502 1.7539910 1.7539910 1.8254508 1.8254508 1.8145503 1.8408404 1.7756219 1.7756219 1.6937139 1.4516467 2.8053293 1.6937139 1.5759627 1.8688811 1.8408404 1.5759627 2.3458743 1.7450234 2.9246122 1.6290349 1.8969564 2.9193945 1.3750305 1.6603321 2.8053293 1.3750305 2.2411945 1.8017756 2.1450255 2.1450255 1.9867206 1.9867206 1.8473635 2.4391758 2.4765321 0.6610495 2.4765321 1.7045423 2.6159405 2.4030172 2.4351158 2.4351158 2.6055287 2.6055287 2.3857667 3.5324841 1.8864748 2.0216490 2.9246122 1.9915423 1.8473635 2.1976738 2.4808229 2.4808229 2.7945436 4.5604108 2.9671104 3.4868817 2.1217640 2.0193945 1.8487846 2.0193945 2.0499569 2.4252917 2.0499569 2.4252917 1.4538131 1.9809479 1.9809479 2.3010509 1.7387963 2.3126875 2.1312125 2.0632690 2.1178149 3.1554316 5.3377692 2.8424026 2.8424026 3.1545404 3.2001883 2.8025988 4.1209757 4.1209757 2.8726352 2.9518369 4.1062034 3.9380634 1.8170485 2.7592797 3.9612272 2.6605727 2.5125577 2.5125865 2.3374257 
CKAN_02109000_Kbox                 1.5232656 1.7612081 1.6216112 1.8316418 1.8816850 1.8728362 1.8423453 2.0564279 2.0241052 2.0652175 1.8724396 1.5645733 1.8327873 2.2245877 0.0000000 2.6864907 0.2793012 1.6325275 1.7056498 2.1986136 2.8575897 2.8575897 2.2389231 1.9963168 2.7743256 3.3278518 3.1172957 2.3258468 3.0255466 4.4799450 2.9414878 1.8035021 2.1630391 2.0683325 2.0683325 1.9401890 1.7204110 1.7204110 1.9679599 1.9679599 2.1531160 1.7365037 1.9947710 1.9947710 1.8330292 2.1955178 2.0683072 1.8330292 1.6761101 2.0129765 1.7365037 1.6761101 2.2175125 2.1039147 2.8924031 1.8878630 2.2249595 1.6772075 2.6855855 1.8629944 1.5716849 2.6855855 2.3646290 1.8762640 2.6213333 2.6213333 2.0763306 2.0763306 1.6545755 1.9639570 2.4522683 2.3569509 2.4522683 1.8362649 2.2042722 1.7497868 2.1840492 2.1840492 1.9469743 1.9469743 2.6255679 2.4746362 0.5113835 2.3452778 2.8924031 2.0669725 1.6545755 2.6815130 2.5090829 2.5090829 2.8686750 3.5616026 3.3988603 2.7726756 1.8673029 2.0255705 2.0234243 2.0255705 1.6823548 2.0097267 1.6823548 2.0097267 1.5462114 1.8225900 1.8225900 2.4800762 1.7088336 2.0919388 1.7728854 1.9870678 2.0042834 3.1514993 3.6272927 3.1108728 3.1108728 3.5876214 3.7105183 3.7691799 3.6399615 3.6399615 2.9106518 2.9199710 3.3024787 3.1675317 2.9143744 7.0031034 5.5855881 2.5090411 2.6029151 1.6474934 2.1106964 
CKAN_00566000_Kbox                 0.5871794 1.2870268 0.5481158 1.2815695 1.2813809 1.2716387 1.2938016 1.5729703 0.6279188 0.4675236 2.3851362 2.1471800 1.3638013 1.8085554 2.6864907 0.0000000 2.6095829 1.3032424 1.3032424 2.1454239 2.8510495 2.8510495 2.0618902 1.7603757 2.2987513 3.3014290 2.6259076 3.2559538 2.3563172 0.2847446 2.5027552 1.0085058 0.8490724 0.8601143 0.8601143 0.9087277 1.4704739 1.4704739 1.5303311 1.5303311 1.5015016 1.4771936 0.6285187 0.6285187 1.4083386 1.6543071 5.8252537 1.4083386 0.4812177 0.6298221 1.4771936 0.4812177 1.4284137 1.4763621 6.1098314 0.9675419 1.8967929 6.6886718 0.8284319 1.5838064 6.3752737 0.8284319 1.6038106 1.4456323 1.6390106 1.6390106 1.8698375 1.8698375 2.3955045 2.0871893 1.7155303 2.2841606 1.7155303 1.4106162 1.9373638 1.9569705 2.2790952 2.2790952 2.2455937 2.2455937 4.1374787 3.0187188 2.3568794 1.3442474 6.1098314 1.8272816 2.3955045 1.6722752 2.4586415 2.4586415 2.7209414 3.6520353 2.7678173 4.4470144 2.7591613 2.7648600 2.6032814 2.7648600 2.8701584 2.9329710 2.8701584 2.9329710 2.0197440 2.4489806 2.4489806 2.4461796 2.6287667 3.1056986 2.8701584 2.7376330 2.6939683 3.1310609 4.9192873 2.7426076 2.7426076 3.1567532 3.0945226 3.9187243 3.8025928 3.8025928 1.7596926 2.9792333 3.8979594 2.6468033 2.0825982 3.4791110 2.5837573 2.6426970 2.2811584 2.0115633 2.0776897 
CKAN_02199500_Kbox                 1.7251431 1.5464983 1.6758483 1.6064726 1.7012987 1.6723440 1.8178714 1.8783060 2.3729232 2.3386931 1.9034279 1.5688201 1.8209798 2.2331270 0.2793012 2.6095829 0.0000000 1.5405183 1.5475552 1.9209728 2.8048142 2.8048142 2.0760835 1.9864001 3.1323925 3.1365190 2.9974224 2.6208966 3.3349157 4.5732860 2.8491082 1.6751440 1.8393614 2.0115226 2.0115226 1.8886214 1.5132066 1.5132066 1.6377157 1.6377157 2.2138064 1.5453756 2.0030565 2.0030565 1.6182293 2.0833481 2.3328537 1.6182293 2.0980674 2.0703370 1.5453756 2.0980674 2.4922087 1.9429021 3.1350995 1.8077841 2.0529331 1.7611402 2.5606050 1.6216987 1.9223867 2.5606050 2.7047103 1.9334146 2.6217228 2.6217228 1.7930167 1.7930167 1.7597115 1.9563258 2.5409125 2.6672729 2.5409125 1.5642499 2.3604033 1.5413518 2.0525888 2.0525888 1.7962066 1.7962066 2.4781909 2.4421924 0.5025832 1.6550566 3.1350995 1.8880658 1.7597115 2.4692576 2.4953300 2.4953300 2.5706490 3.5266092 3.5271002 2.7796541 1.8706721 2.0290164 1.9273660 2.0290164 1.7158393 2.1213405 1.7158393 2.1213405 1.5320280 1.8051196 1.8051196 2.4664311 1.9336735 2.2376799 2.0147990 2.5194001 2.5696903 2.9618086 4.2053484 2.7193030 2.7193030 3.1850714 3.2260510 3.7682991 3.8176716 3.8176716 3.4890416 3.1215950 3.5964926 3.5437678 3.0905326 5.5501717 4.9296906 2.9386092 2.5855101 1.9403304 2.4520837 
CKAN_02742500_Kbox                 1.1892241 1.4901780 1.2261215 1.5941646 1.6457241 1.4902565 1.5499664 1.4131832 1.3399094 1.2714527 1.7709046 1.5816094 1.3431292 2.1507022 1.6325275 1.3032424 1.5405183 0.0000000 0.0000010 2.1245740 2.9302785 2.9302785 1.7589284 1.4690363 2.3125901 2.9807372 3.0161889 1.8803606 5.1658672 2.5731781 3.3632752 1.2202332 1.2298925 0.9633584 0.9633584 1.2510797 1.5538685 1.5538685 1.6363653 1.6363653 1.5241831 1.6084963 1.1799001 1.1799001 1.3072838 1.6964053 5.9315082 1.3072838 1.1091652 1.2430483 1.6084963 1.1091652 1.5458883 1.5689374 4.9497261 1.3160770 2.2376957 8.9999986 1.5066032 1.7577103 5.1023044 1.5066032 1.4152569 1.2282638 2.0660382 2.0660382 1.8228449 1.8228449 1.9980063 1.7893332 1.8690991 2.4476006 1.8690991 1.2837915 2.0520695 1.9061571 2.1540179 2.1540179 2.0274647 2.0274647 5.4852094 1.8871448 1.6925494 1.3104386 4.9497261 1.6790132 1.9980063 2.1110999 2.3489001 2.3489001 2.5877650 2.7833292 2.4964049 3.5977613 2.1228200 2.2754275 1.9218748 2.2754275 1.7585969 2.1854843 1.7585969 2.1854843 1.4098183 1.6221675 1.6221675 2.3539926 1.5371509 2.3098639 1.6698299 2.1118301 2.0631670 2.5895877 3.7717335 3.2964431 3.2964431 3.0985324 2.8318086 3.0451024 2.6930424 2.6930424 2.2576722 3.1952308 2.0295327 2.6718414 2.2747885 3.3937015 3.4876245 3.6929477 3.1111028 2.3530449 3.0460402 
CKAN_00565900_Kbox                 1.2144310 1.5566898 1.2522983 1.6645425 1.7418195 1.5574103 1.6415309 1.4215506 1.3783187 1.2735657 1.8293960 1.6227184 1.3992722 2.1473464 1.7056498 1.3032424 1.5475552 0.0000010 0.0000000 2.1843417 2.8892281 2.8892281 1.8164790 1.5620575 2.3125901 2.9807372 3.1491333 1.8803606 5.1658672 2.5731781 3.3632752 1.2202332 1.2298925 0.9633584 0.9633584 1.2510797 1.5538685 1.5538685 1.6363653 1.6363653 1.5241831 1.6084963 1.1799001 1.1799001 1.3072838 1.6964053 5.9315082 1.3072838 1.1091652 1.2430483 1.6084963 1.1091652 1.5458883 1.5689374 4.9497261 1.3160770 2.2376957 8.9999986 1.5066032 1.7577103 5.1023044 1.5066032 1.4152569 1.2282638 2.0660382 2.0660382 1.8228449 1.8228449 1.9980063 1.7893332 1.8690991 2.4476006 1.8690991 1.2837915 2.0520695 1.9061571 2.1540179 2.1540179 2.0274647 2.0274647 5.4852094 1.8871448 1.6925494 1.2753455 4.9497261 1.6790132 1.9980063 2.1110999 2.3489001 2.3489001 2.5877650 2.7833292 2.4964049 3.5977613 2.0528835 2.1986304 1.8641534 2.1986304 1.7050704 2.1155188 1.7050704 2.1155188 1.3583936 1.5633668 1.5633668 2.3539926 1.6025961 2.3098639 1.6698299 2.1118301 2.0631670 2.5895877 3.7717335 3.2964431 3.2964431 3.0985324 2.8318086 3.0451024 2.6930424 2.6930424 2.2576722 3.2980676 2.0295327 2.6718414 2.2747885 3.3937015 3.4876245 3.6929477 3.1111028 2.3530449 3.0460402 
CKAN_02117700_Kbox                 1.6115632 1.8809726 1.6201474 1.7203183 1.8288162 1.7753074 1.8941217 1.8362497 2.0668976 2.0826967 2.2971363 2.2854184 1.8601732 2.1700659 2.1986136 2.1454239 1.9209728 2.1245740 2.1843417 0.0000000 2.2808846 2.2808846 2.0484686 1.8587496 2.3124973 3.6306597 2.3017600 2.4626900 3.1327782 3.2727503 2.5455192 1.6011276 1.6324643 1.4307496 1.4307496 1.7885983 1.7260413 1.7260413 1.6999472 1.6999472 1.9511521 1.7405480 2.0843232 2.0843232 1.6061456 1.2930540 4.1060933 1.6061456 1.9166366 2.1584562 1.7405480 1.9166366 1.8547762 1.1124206 3.1758736 1.6130455 1.5967523 1.9362838 1.9598699 1.4611337 3.9136043 1.9598699 1.6575628 1.8362102 2.0281675 2.0281675 2.0205610 2.0205610 1.8575504 0.8737708 2.1000115 2.0099473 2.1000115 1.5509147 1.3460531 2.1604010 1.2665774 1.2665774 2.1662715 2.1662715 2.9554086 2.7608766 1.9451251 1.3986806 3.1758736 1.9600571 1.8575504 1.9141377 2.8632990 2.8632990 1.9870097 2.2888215 1.6880609 2.3704648 2.5528156 2.7753693 2.5413220 2.7753693 2.7641379 2.6870907 2.7641379 2.6870907 1.9082050 1.8980487 1.8980487 2.7287784 2.5106610 2.3034716 2.7626683 2.7235218 2.8161555 1.8112922 3.2576801 3.6388430 3.6388430 3.5337260 3.2714354 2.2100289 2.5890835 2.5890835 2.0603250 2.2267836 3.5398868 3.9423378 1.4826994 3.0542474 3.2867619 2.6639093 2.6075731 2.4411989 2.7507244 
CKAN_02189800_Kbox                 2.1648039 1.9609698 2.0713022 1.9094756 1.9973603 1.9861452 1.9499971 2.6250075 2.2909648 2.2835398 2.9928082 2.7637330 2.4672253 0.8030905 2.8575897 2.8510495 2.8048142 2.9302785 2.8892281 2.2808846 0.0000000 0.0000010 2.8452191 2.8193177 1.0684948 2.8576989 3.3910332 2.4364560 2.6758349 3.0104681 2.9960514 2.4200702 2.3534928 2.5010941 2.5010941 2.6812874 2.3695372 2.3695372 2.4379481 2.4379481 2.3423531 2.4090065 3.2891064 3.2891064 2.0876633 1.9672682 3.1357481 2.0876633 2.4644888 3.3709551 2.4090065 2.4644888 2.3162649 2.1724404 2.3585935 1.9034564 2.4890169 2.0637711 2.4262192 2.2531252 2.7129980 2.4262192 2.2227910 2.5519354 2.5166761 2.5166761 2.0387268 2.0387268 2.2511405 2.4357467 2.6065753 0.9332609 2.6065753 2.0069627 2.5405985 2.8951175 2.6927607 2.6927607 2.9779681 2.9779681 2.1289655 3.0570036 2.3868540 2.2911287 2.3585935 1.7915356 2.2511405 2.5728357 2.7955862 2.7955862 2.7360233 4.3575901 2.9542029 5.1170756 2.7821285 2.7041368 2.3978039 2.7041368 2.5607848 2.4613981 2.5607848 2.4613981 1.7760589 2.2538815 2.2538815 2.5797079 2.2769975 2.3213147 2.7175151 2.1952556 2.2569672 2.8530997 6.7670782 2.9281645 2.9281645 3.2174910 3.1868566 2.6794683 5.3299633 5.3299633 3.2135115 3.6857631 3.3565796 3.6701887 2.6402076 4.5969353 4.3475297 3.0669559 3.0025863 2.5817693 3.0082633 
CKAN_02189500_Kbox                 2.1648039 1.9609698 2.0713022 1.9094756 1.9973603 1.9861452 1.9499971 2.6250075 2.2909648 2.2835398 2.9928082 2.7637330 2.4672253 0.8030905 2.8575897 2.8510495 2.8048142 2.9302785 2.8892281 2.2808846 0.0000010 0.0000000 2.8452191 2.8193177 1.0684948 2.8576989 3.3910332 2.4364560 2.6758349 3.0104681 2.9960514 2.4200702 2.3534928 2.5010941 2.5010941 2.6812874 2.3695372 2.3695372 2.4379481 2.4379481 2.3423531 2.4090065 3.2891064 3.2891064 2.0876633 1.9672682 3.1357481 2.0876633 2.4644888 3.3709551 2.4090065 2.4644888 2.3162649 2.1724404 2.3585935 1.9034564 2.4890169 2.0637711 2.4262192 2.2531252 2.7129980 2.4262192 2.2227910 2.5519354 2.5166761 2.5166761 2.0387268 2.0387268 2.2511405 2.4357467 2.6065753 0.9332609 2.6065753 2.0069627 2.5405985 2.8951175 2.6927607 2.6927607 2.9779681 2.9779681 2.1289655 3.0570036 2.3868540 2.2911287 2.3585935 1.7915356 2.2511405 2.5728357 2.7955862 2.7955862 2.7360233 4.3575901 2.9542029 5.1170756 2.7821285 2.7041368 2.3978039 2.7041368 2.5607848 2.4613981 2.5607848 2.4613981 1.7760589 2.2538815 2.2538815 2.5797079 2.2769975 2.3213147 2.7175151 2.1952556 2.2569672 2.8530997 6.7670782 2.9281645 2.9281645 3.2174910 3.1868566 2.6794683 5.3299633 5.3299633 3.2135115 3.6857631 3.3565796 3.6701887 2.6402076 4.5969353 4.3475297 3.0669559 3.0025863 2.5817693 3.0082633 
CKAN_01290200_Kbox                 1.4787262 1.5777397 1.5177845 1.6635671 1.6000750 1.6102592 1.4887983 1.7566692 1.8711445 1.8325322 2.5188561 2.1405213 1.9229719 2.5752096 2.2389231 2.0618902 2.0760835 1.7589284 1.8164790 2.0484686 2.8452191 2.8452191 0.0000000 0.4262979 2.5333899 2.5893335 3.0488124 1.9705392 4.2388195 6.8133990 1.6344035 1.7856824 1.7994126 1.7558154 1.7558154 1.5112743 1.5261235 1.5261235 1.8778009 1.8778009 1.7503929 1.3946619 2.1208574 2.1208574 1.6343545 1.8198244 6.1898326 1.6343545 2.1624834 2.1950755 1.3946619 2.1624834 1.4295396 1.4420487 4.3993690 1.5923236 2.0823488 7.1196764 1.7329751 2.0495618 6.1898326 1.7329751 1.6780752 1.6738376 2.1099197 2.1099197 2.3972887 2.3972887 2.1872083 1.9409294 2.6152330 2.3487166 2.6152330 1.6035489 2.2248302 0.7628317 2.5087415 2.5087415 0.4989773 0.4989773 2.3967486 2.1367486 2.0211115 1.3182311 4.3993690 2.4533558 2.1872083 2.1886655 2.3401392 2.3401392 2.5212858 3.5847131 2.2727064 3.1414320 2.1585845 2.3736147 2.2262498 2.3736147 1.8621076 2.4621465 1.8621076 2.4621465 1.4665201 1.5546135 1.5546135 2.2027091 1.7092553 2.2539033 1.8909933 2.3940318 2.5017433 2.5796913 3.9135919 2.2993063 2.2993063 2.5496984 2.4138802 2.0535047 3.7478107 3.7478107 1.7266791 2.9054687 2.5560680 3.0988406 2.3262225 2.6756162 3.5840312 1.9029024 1.7104116 1.2595180 1.6460122 
CKAN_01906900_Kbox                 1.5709475 1.5822418 1.4486739 1.6314507 1.6183487 1.5706204 1.5246867 1.8625774 2.0731600 1.8374865 1.8565210 1.9183000 1.5521894 2.3922747 1.9963168 1.7603757 1.9864001 1.4690363 1.5620575 1.8587496 2.8193177 2.8193177 0.4262979 0.0000000 1.8083808 2.7724582 3.1941831 2.5154637 9.0000000 9.0000000 1.7098670 1.0272634 1.1444091 1.1149539 1.1149539 1.2421837 1.2450922 1.2450922 1.6010085 1.6010085 1.5536423 1.2606878 1.5026498 1.5026498 1.5169402 1.2503306 9.0000000 1.5169402 1.9213473 1.5845460 1.2606878 1.9213473 1.3842484 0.8949468 9.0000000 1.1597026 1.6170464 9.0000000 1.6377072 1.4274430 9.0000000 1.6377072 1.3709377 1.5336556 1.3898793 1.3898793 1.9155158 1.9155158 1.7319752 1.2033813 2.2080971 1.9297834 2.2080971 1.4583888 1.7786293 0.6366114 1.7326453 1.7326453 0.5782140 0.5782140 9.0000000 1.7067966 1.3232375 1.4876146 9.0000000 1.9928243 1.7319752 1.4513069 1.9575156 1.9575156 2.3080138 2.6880432 1.6728705 2.4275565 2.4847431 2.4847431 2.4456589 2.4847431 2.3811761 2.5443124 2.3811761 2.5443124 2.2467360 2.6051148 2.6051148 1.8634711 2.0260900 2.0439915 1.9439500 2.0641444 2.2398856 1.8058909 2.3843517 2.3348252 2.3348252 2.2099235 2.3497078 2.1714889 2.4063570 2.4063570 2.1195498 2.7102951 2.1190588 3.5428831 2.5234234 3.5285994 2.6168631 1.6489235 1.5626882 1.4238599 1.5860184 
CKAN_01942000_Kbox                 2.0243446 1.4504992 2.0549218 1.4507301 1.6244348 1.4607726 1.3890959 2.5184796 1.9095647 1.6247530 2.8836020 2.2543350 1.7679030 0.4299202 2.7743256 2.2987513 3.1323925 2.3125901 2.3125901 2.3124973 1.0684948 1.0684948 2.5333899 1.8083808 0.0000000 2.9971487 3.4945100 1.9105929 1.8692732 1.1348234 3.2503213 1.7533180 1.7163183 2.0764268 2.0764268 2.3433170 2.1581245 2.1581245 1.8511310 1.8511310 2.1926759 2.1501851 2.1641874 2.1641874 1.6790874 1.6064246 3.8065202 1.6790874 2.0264070 2.2243959 2.1501851 2.0264070 2.0210039 1.8320265 3.2490513 2.2488298 2.3676611 3.4764416 1.6600751 2.1596013 3.8065202 1.6600751 2.0827055 2.2212773 2.4121047 2.4121047 3.1608309 3.1608309 1.9665700 2.6914494 2.6148250 0.7987731 2.6148250 1.7776801 2.7587524 2.8585432 2.7179688 2.7179688 2.6337004 2.6337004 2.4258529 4.0938816 2.7017467 2.4017168 3.2490513 3.1504519 1.9665700 2.4363465 2.6255188 2.6255188 3.2047573 3.8521567 3.2741597 3.4118604 2.7282368 2.5816567 2.3576361 2.5816567 2.8420527 2.9890896 2.8420527 2.9890896 1.7563981 2.2013074 2.2013074 2.5269596 2.2108092 2.7304113 2.8420527 2.1921526 2.2426045 3.2625489 4.3981047 3.1930830 3.1930830 3.1031293 3.4431574 2.8904640 4.1575219 4.1575219 2.3496876 3.3391668 4.0920061 3.1943703 2.4414658 2.6658000 4.3596847 2.3364767 2.2212929 2.1742241 2.1403491 
CKAN_01894500_Kbox                 2.8374603 2.1185015 2.9028152 2.3273588 2.7632594 2.6354304 2.8044914 2.6334451 3.7455041 3.6274292 3.0228589 2.6787332 2.9820632 3.1315415 3.3278518 3.3014290 3.1365190 2.9807372 2.9807372 3.6306597 2.8576989 2.8576989 2.5893335 2.7724582 2.9971487 0.0000000 3.7683366 2.0097196 2.3778125 4.2165207 3.0812766 2.7288200 2.7704178 2.6372946 2.6372946 2.6770983 2.7169923 2.7169923 2.5286757 2.5286757 2.3530016 2.7771566 3.7408299 3.7408299 1.9552370 2.5085102 4.0556341 1.9552370 3.2806566 3.8291369 2.7771566 3.2806566 2.5832770 2.7941761 2.2927464 2.5970970 2.1533593 5.8324490 2.9498304 2.9170091 2.8202831 2.9498304 2.6542005 2.8565016 2.4540266 2.4540266 2.5245441 2.5245441 2.4264711 2.5302501 3.1686801 3.3807381 3.1686801 1.9994875 3.4316134 2.2725762 3.4783948 3.4783948 2.2759625 2.2759625 4.2317521 4.3941777 3.1636689 3.5537478 2.2927464 2.5160053 2.4264711 2.4147306 3.7703131 3.7703131 5.4602284 6.5185645 5.0067292 7.6446797 3.1347474 3.0628083 3.0360889 3.0628083 2.9014805 3.3498700 2.9014805 3.3498700 2.1290939 2.3519903 2.3519903 3.7846375 2.5017146 3.9615132 2.9014805 3.0066581 3.0927892 4.2087994 8.3635646 0.6127872 0.6127872 0.7744143 0.7351650 4.2021930 8.8055722 8.8055722 2.3028141 3.6009236 5.2598250 3.0064391 2.1584476 3.4141372 4.2987483 3.9548023 3.6108201 3.7828655 3.5551574 
CKAN_02447300_Kbox                 2.3252310 2.5912778 2.4724275 2.4589557 2.5357144 2.3954611 2.4872771 3.4830660 2.9859998 2.9236738 2.2738420 3.0340818 2.6117566 2.9754246 3.1172957 2.6259076 2.9974224 3.0161889 3.1491333 2.3017600 3.3910332 3.3910332 3.0488124 3.1941831 3.4945100 3.7683366 0.0000000 4.0958663 2.4092821 2.9711295 0.4032958 2.3133251 1.9408772 2.1859469 2.1859469 2.2874060 2.3255188 2.3255188 2.2718891 2.2718891 2.5128094 2.3247229 2.5908251 2.5908251 2.1181343 2.0221041 3.2588785 2.1181343 2.0636923 2.6646341 2.3247229 2.0636923 2.6225886 2.3810923 4.2004034 2.2478202 2.4330479 3.6401090 2.1345467 2.3700459 3.0402935 2.1345467 3.0088022 2.6112573 2.8805639 2.8805639 2.5231306 2.5231306 2.7575080 2.1222077 2.1874120 3.7627306 2.1874120 2.0000145 2.3989140 2.8477632 3.0999983 3.0999983 3.5951616 3.5951616 2.8834314 2.5918265 2.8702551 2.7702681 4.2004034 2.5999667 2.7575080 2.7146132 3.7369889 3.7369889 3.7905539 3.5934227 3.1320690 3.2650285 3.3663619 3.5306758 3.6454476 3.5306758 4.4010877 4.5519423 4.4010877 4.5519423 2.9512006 2.8911900 2.8911900 3.6930201 2.7548016 4.1308649 4.0895672 4.2596103 4.3453065 3.4936502 4.1225399 3.6814064 3.6814064 4.7008172 4.0782681 4.0548385 3.0389566 3.0389566 3.9701621 3.1188759 3.9328475 4.4992575 4.6894422 4.5322804 2.6876797 2.2307393 2.3522546 2.5237831 2.4230883 
CKAN_02317200_Kbox                 2.1447543 1.9548839 2.4326126 2.1306116 1.8950833 2.0069274 2.0266958 1.5411128 1.7430637 2.4714851 1.8941432 2.5157961 1.4827398 2.2007551 2.3258468 3.2559538 2.6208966 1.8803606 1.8803606 2.4626900 2.4364560 2.4364560 1.9705392 2.5154637 1.9105929 2.0097196 4.0958663 0.0000000 9.0000000 9.0000000 3.5624875 1.8308908 1.5411603 1.6538006 1.6538006 1.7287580 1.5053793 1.5053793 1.4319112 1.4319112 1.3352920 1.5462976 2.0502084 2.0502084 1.3684533 1.7488480 9.0000000 1.3684533 2.4310110 2.2978302 1.5462976 2.4310110 1.1731359 1.8745068 9.0000000 2.1305621 1.9515945 9.0000000 1.7265245 2.0217947 9.0000000 1.7265245 1.5241503 1.8036625 1.7644181 1.7644181 2.1464019 2.1464019 2.1661042 2.3309209 3.0203769 2.0346577 3.0203769 1.2755427 1.7754510 2.0320959 2.4503678 2.4503678 2.2822084 2.2822084 9.0000000 2.1449825 1.8324859 2.2659833 9.0000000 2.6404174 2.1661042 1.6444868 2.1040338 2.1040338 3.0545009 4.5877064 2.9473014 5.3079203 1.9879450 1.9879450 1.4876539 1.9879450 1.9036347 1.4160593 1.9036347 1.4160593 1.4876539 1.4562903 1.4562903 2.1040338 1.9879450 2.1058338 1.9036347 1.7177154 1.7177154 3.6049409 4.3571878 1.6563015 1.6563015 2.3155550 2.0118302 3.4310457 7.5267287 7.5267287 1.5049456 3.4626574 3.3922023 1.0360312 3.0392135 3.0567809 3.2488855 1.9819911 2.4712734 1.9819911 1.6894877 
CKAN_01187700_Kbox                 1.9169159 1.2987902 1.6358115 1.4660523 1.4291242 1.5307868 1.5790604 2.4648501 2.6978092 2.2965771 4.3245960 2.4257491 4.2654719 1.8394863 3.0255466 2.3563172 3.3349157 5.1658672 5.1658672 3.1327782 2.6758349 2.6758349 4.2388195 9.0000000 1.8692732 2.3778125 2.4092821 9.0000000 0.0000000 2.4004901 2.3347809 2.7136829 2.4953797 2.3340620 2.3340620 2.9433389 1.4806313 1.4806313 1.5362663 1.5362663 2.5707679 1.6380880 2.8667541 2.8667541 1.4799873 0.5149976 5.1371354 1.4799873 2.5615407 2.8667541 1.6380880 2.5615407 3.4824876 0.6581239 2.9725902 2.6030598 0.2915423 5.6344763 3.0373120 0.5922103 4.2990444 3.0373120 3.3530041 3.6420088 3.6257513 3.6257513 2.7844476 2.7844476 4.8967910 2.3089297 2.5979762 1.9400389 2.5979762 1.4799873 8.9999986 4.1843704 5.0578933 5.0578933 4.3497161 4.3497161 5.4753285 5.1059099 3.8818783 2.2448425 2.9725902 2.7844476 4.8967910 3.6257513 4.6528001 4.6528001 5.5491884 4.6150697 3.0215456 4.4091985 5.0472883 5.6153813 8.7681197 5.6153813 9.0000000 4.9949966 9.0000000 4.9949966 9.0000000 9.0000000 9.0000000 4.9256846 9.0000000 3.9917378 9.0000000 3.0264589 3.0579333 2.8711721 5.7702616 1.8469838 1.8469838 1.7836363 1.9713730 6.0409682 3.8823771 3.8823771 9.0000000 9.0000000 9.0000000 2.4738752 9.0000000 9.0000000 1.8441989 9.0000000 9.0000000 9.0000000 9.0000000 
