161
CKAN_02197200_MADS                 0.0000000 1.4873607 1.1668814 1.5536884 1.4637112 1.5090237 1.4709324 1.5034274 1.4467191 1.6063294 1.4300394 1.6279254 1.4300394 1.3652356 1.4015394 1.2693690 1.1833308 1.5336230 1.5354380 1.5008890 1.5034349 1.6687580 1.3305383 1.5921060 1.7024843 1.4723437 1.9543504 1.4426211 1.9307651 0.1843970 1.7236260 1.5328067 1.2459911 1.4043762 1.4043762 1.4073444 1.2496503 1.1773014 1.3517479 1.6063294 1.4389362 1.5067273 1.2285038 1.2294336 1.2294336 1.4300394 1.4300394 1.5354068 1.3396753 1.6790786 1.5269664 1.5476516 1.3772860 1.3772860 1.6790786 1.5133280 1.1926883 1.4389362 1.3884444 1.3884444 1.4505193 1.5906933 1.3506776 1.3361837 1.5636300 1.1712736 1.4372344 1.1081495 1.4372344 1.3079563 1.2102125 1.4577255 1.3462898 1.3312999 1.4024035 1.4024035 1.2485993 1.4400602 1.4400602 1.3209252 1.1704227 1.5193244 1.1079343 1.1079343 1.5193244 1.3844637 1.3844637 1.4522703 1.6121672 1.6121672 1.4522703 1.4683025 1.6085397 1.3748863 1.2618421 1.5274533 1.5274533 1.4081279 1.4081279 1.4571619 1.6750007 1.4900861 1.4900861 2.0842515 1.5548472 1.9376482 0.3316719 1.9729466 1.4002641 0.5869485 0.5869485 0.5953010 0.7253176 0.5959363 2.4299532 0.6470704 0.6615150 0.6498870 2.3710603 2.0717434 1.3192282 0.7021546 0.6811593 1.6564333 0.8910089 1.7191114 1.5815726 1.5815726 1.5082286 2.1599483 1.6758224 0.8138794 1.6807853 1.9080666 1.9080666 1.2136243 1.9035893 1.9035893 2.7912851 1.8449408 1.9058259 2.0287501 1.1871527 1.0949498 2.3839968 2.5597926 1.7205814 2.1997757 2.1217136 2.1470050 1.5730174 2.3072330 0.8321047 1.2555779 1.6226817 1.5577201 2.0554225 1.1931984 0.4507845 0.7862552 1.5350574 
CKAN_01848800_MADS                 1.4873607 0.0000000 0.1898207 0.1085737 0.1629578 0.0874752 0.1611898 0.0634480 0.1375963 0.0852808 0.1621720 0.1069759 0.1621720 0.2464233 0.2052154 0.3104482 0.4335296 0.2425906 0.4526565 0.5032850 0.4077753 0.3817596 0.4372075 0.3996926 0.4239355 0.3887913 0.4290065 0.7526559 0.4566029 1.5717433 0.1919569 0.0415104 0.1645672 0.1644748 0.1644748 0.1377873 0.2149794 0.2150416 1.4199184 0.0852808 0.3799795 0.2650197 0.3002556 0.4108615 0.4108615 0.2096861 0.2096861 0.0855108 0.3272955 0.1310038 0.2204740 0.1537084 0.4016770 0.4016770 0.1310038 0.2591397 0.8213786 0.3994111 0.3423032 0.3423032 0.3568832 0.4530122 0.1824833 0.4017714 0.2186315 0.3588212 0.2749831 0.7244678 0.2749831 0.4600411 0.3958512 0.4199870 0.6266800 0.8325448 0.3910250 0.3910250 0.8067994 0.4255182 0.4255182 0.7365488 0.7914040 0.4880130 0.6162755 0.6162755 0.4880130 0.4543773 0.4543773 0.4573825 0.5774906 0.5774906 0.4573825 1.1108442 0.5060931 0.7670415 0.7023790 0.4848481 0.4848481 0.5590422 0.5590422 0.8161465 0.9614419 0.6703279 0.6703279 1.0792508 2.1612194 0.9182418 1.2522316 1.2660087 0.7357713 1.2428643 1.2428643 1.1548828 1.6988348 1.4298473 1.3331432 1.1993250 1.1362496 1.2680841 1.1756857 3.0376254 1.4375288 1.3682070 0.9324655 2.2599115 1.0135452 2.1570963 1.8961795 1.8961795 1.8398759 0.9518847 1.9972851 1.9122106 2.0888520 1.4815669 1.4815669 1.6536668 1.6585214 1.6585214 1.5987344 1.1049418 1.5413349 1.6359046 1.3822012 2.2206818 1.2193449 1.6321104 1.0439533 1.6877648 1.5303995 1.5550091 2.1729665 1.5622160 1.7007080 1.1173463 2.1632106 1.1158151 0.7843266 1.7875065 1.7990840 1.1196346 1.1502192 
CKAN_00958800_MADS                 1.1668814 0.1898207 0.0000000 0.2217853 0.2227934 0.2230547 0.1877174 0.1953543 0.2602654 0.1764546 0.2157687 0.2018490 0.2157687 0.1681468 0.3919361 0.2448468 0.4325338 0.3610271 0.4237747 0.4923976 0.3836943 0.3995459 0.4148880 0.4396060 0.4029237 0.5137696 0.4972026 0.6442056 0.5264440 1.2319036 0.4872520 0.1412699 0.0210041 0.2120884 0.2120884 0.2120007 0.0641121 0.0641406 1.8450487 0.1764546 0.3052237 0.3137300 0.2665940 0.3679438 0.3679438 0.2157687 0.2157687 0.2285183 0.3279664 0.2316451 0.3606842 0.3090129 0.3070751 0.3070751 0.2316451 0.3451111 0.8107772 0.3201498 0.3428285 0.3428285 0.3572524 0.3927575 0.2554702 0.4501571 0.3638816 0.3417886 0.1876849 0.7402372 0.1876849 0.4440950 0.3760302 0.3862752 0.6414081 0.8500206 0.4251868 0.4251868 0.7718751 0.4838174 0.4838174 0.7529191 0.7607890 0.5219422 0.5264497 0.5264497 0.5219422 0.5535837 0.5535837 0.5305378 0.6378775 0.6378775 0.5305378 1.1076120 0.5107916 0.7060799 0.6685894 0.5956493 0.5956493 0.6742573 0.6742573 0.8002049 0.9935366 0.6007401 0.6007401 0.9582783 2.3497481 1.1023886 0.9210743 1.2837243 0.6530170 0.9593317 0.9593317 0.8873941 1.3348761 1.2297076 0.8674625 1.0044690 0.9780329 0.9823109 1.2014438 1.9851793 1.4247385 1.1918893 0.8263106 1.9398761 0.9308804 1.8534620 1.6517371 1.6517371 1.5992007 1.0919183 1.7389629 1.5628629 1.9087469 1.3773824 1.3773824 1.8035376 1.4777723 1.4777723 1.4180657 0.9716099 1.3562809 1.4586817 1.1031787 1.9369972 1.3483179 1.5663977 1.1372128 1.9042623 1.4877462 1.7387870 2.0370687 1.5192783 1.4719939 0.9749240 2.0281298 1.1648565 1.2531877 1.5817564 1.4164526 1.0826404 0.8724891 
CKAN_00958900_MADS                 1.5536884 0.1085737 0.2217853 0.0000000 0.2427174 0.1598185 0.1911365 0.1326736 0.2154092 0.1105864 0.2414553 0.0880456 0.2414553 0.2232284 0.2675266 0.3492513 0.3809281 0.3944906 0.4889032 0.5580619 0.3227798 0.3671629 0.4171646 0.4013356 0.4099436 0.4837708 0.4751237 0.7478465 0.4850387 1.5357485 0.1919569 0.0646158 0.1953181 0.2446256 0.2446256 0.2156663 0.2478896 0.2479680 1.6659972 0.1105864 0.3567976 0.3173000 0.3339777 0.4954394 0.4954394 0.2414553 0.2414553 0.1564143 0.4248643 0.1124059 0.2487860 0.1791676 0.4440523 0.4440523 0.1124059 0.2898450 0.7629983 0.3752050 0.4421588 0.4421588 0.4568711 0.4298122 0.2130577 0.4469340 0.2473026 0.3908699 0.2793195 0.6820254 0.2793195 0.5676780 0.4290248 0.3398466 0.6317512 0.7157524 0.4966717 0.4966717 0.9204004 0.4970745 0.4970745 0.6203811 0.7579822 0.5979758 0.6377599 0.6377599 0.5979758 0.6325945 0.6325945 0.5737396 0.5876843 0.5876843 0.5737396 1.1563823 0.4706813 0.7349461 0.6675155 0.6009781 0.6009781 0.6774557 0.6774557 0.7821591 1.1357498 0.6601074 0.6601074 1.0911332 2.1612194 1.0866771 1.2243447 1.2829168 0.8051612 1.1785745 1.1785745 1.1279755 1.6325118 1.4938709 1.3331432 1.2841275 1.1933110 1.2385324 1.3680253 3.0376254 1.7364423 1.4287976 0.9115122 2.6444659 0.9568637 2.5235379 2.1075709 2.1075709 2.0502302 0.9602604 2.2174873 1.8132889 2.4733702 1.6206572 1.6206572 1.8606421 1.8119729 1.8119729 1.5987344 1.2208228 1.6677862 1.7862013 1.4331894 2.1548569 1.2266535 1.6365935 1.0526069 1.7105691 1.5355972 1.5761264 2.4318700 1.5671118 1.7587739 1.2850883 2.4210254 1.1382689 1.0963827 2.2934572 1.6360307 1.1708219 1.3914547 
CKAN_02562300_MADS                 1.4637112 0.1629578 0.2227934 0.2427174 0.0000000 0.2329425 0.0424515 0.1420597 0.0639117 0.1391299 0.0214411 0.1627040 0.0214411 0.3005156 0.3080243 0.2649346 0.4798613 0.3463404 0.4814191 0.5083353 0.3993391 0.3653681 0.4121562 0.3982745 0.4002350 0.4289871 0.4533603 0.8299070 0.4805549 1.4451106 0.4803563 0.1629578 0.1965327 0.0431299 0.0431299 0.0211383 0.2486342 0.2487122 1.6659972 0.1391299 0.4369049 0.4019265 0.2862831 0.3028577 0.3028577 0.0649015 0.0649015 0.1396032 0.3682243 0.1897337 0.2834380 0.2405662 0.3547792 0.3547792 0.1897337 0.3530381 0.9457792 0.4239375 0.3850687 0.3850687 0.4612599 0.4986303 0.3094208 0.4064013 0.2824493 0.3287151 0.2425344 0.8401957 0.2425344 0.4982019 0.3643849 0.4139560 0.7346044 0.9532707 0.4968573 0.4968573 0.8677097 0.5544774 0.5544774 0.8559914 0.8152587 0.5101773 0.5628198 0.5628198 0.5101773 0.5952730 0.5952730 0.5247961 0.6398977 0.6398977 0.5247961 1.2090757 0.5234843 0.7382235 0.6741407 0.5984794 0.5984794 0.6787796 0.6787796 0.7697085 1.1646669 0.6941774 0.6941774 1.1534950 2.4277550 1.1133387 1.2321887 1.4717110 0.8289158 1.2146074 1.2146074 1.1602581 1.6601564 1.4944353 0.8896828 1.2467503 1.2157807 1.2548736 1.4072752 2.7566084 1.4809213 1.3920643 1.0596742 2.2829153 0.9338949 2.1800802 2.1377218 2.1377218 2.0789440 1.0971466 2.2514902 1.9862666 2.3527590 1.5868781 1.5868781 1.7662680 1.6279251 1.6279251 1.4983883 1.2216071 1.4796435 1.5694181 1.4915148 2.3491198 1.3871549 1.5834269 1.1329228 2.0352448 1.6301486 1.8245490 2.1861755 1.6625855 1.6907052 1.2352620 2.1766344 1.2651354 1.1192522 2.0946213 1.9058306 1.0892403 1.4578081 
CKAN_00566000_MADS                 1.5090237 0.0874752 0.2230547 0.1598185 0.2329425 0.0000000 0.1925053 0.0889426 0.2168973 0.0717562 0.2209587 0.0953457 0.2209587 0.3157717 0.2519852 0.3711449 0.5050730 0.3707569 0.4672673 0.4253460 0.4020473 0.4020289 0.4508683 0.5032812 0.3984981 0.5271550 0.3952578 0.8509569 0.4405608 1.4925496 0.2653266 0.0874752 0.1964698 0.2239826 0.2239826 0.2171564 0.2492583 0.2493377 1.4199184 0.0717562 0.4594392 0.3369948 0.3205590 0.4564972 0.4564972 0.2209587 0.2209587 0.1194083 0.3219744 0.1210681 0.3102473 0.2556250 0.3920118 0.3920118 0.1210681 0.3512708 0.8964738 0.4839317 0.3367649 0.3367649 0.4334775 0.4678105 0.2180989 0.4507179 0.3097230 0.4280112 0.3123769 0.7948912 0.3123769 0.5356558 0.4671068 0.3523230 0.6932358 0.9383816 0.4647259 0.4647259 0.8833778 0.5005171 0.5005171 0.8834922 0.8694933 0.4697143 0.7007979 0.7007979 0.4697143 0.4400460 0.4400460 0.5113823 0.5689492 0.5689492 0.5113823 1.1406292 0.5990638 0.8278069 0.7588213 0.5024652 0.5024652 0.5728395 0.5728395 0.8159181 1.0828083 0.6749405 0.6749405 1.1239430 2.2260454 1.0347178 1.1598641 1.4857350 0.8042895 1.1948624 1.1948624 1.0331807 1.6040943 1.3987761 1.3331432 1.2323424 1.1544009 1.1304341 1.3133254 3.6163227 1.4210729 1.5373345 0.8309156 2.1499849 0.9223391 2.0523161 1.8705729 1.8705729 1.8140305 0.9915718 1.9713403 1.7948517 1.9796203 1.4765154 1.4765154 1.6378209 1.6542805 1.6542805 1.7408773 1.0792348 1.5193282 1.6315828 1.2211530 2.0869957 1.2686712 1.6948811 1.0928477 1.7435827 1.5899595 1.6047085 2.2939013 1.6217418 1.7274577 1.0134198 2.2837017 1.1479514 0.8915331 1.5809885 1.5730647 1.1196346 1.0551252 
CKAN_01942500_MADS                 1.4709324 0.1611898 0.1877174 0.1911365 0.0424515 0.1925053 0.0000000 0.1630270 0.0632913 0.1398530 0.0422800 0.1636030 0.0422800 0.2433910 0.3041609 0.2673230 0.4519328 0.3420830 0.4276661 0.4495213 0.3413437 0.3307575 0.3625280 0.3582513 0.3645552 0.4237297 0.4330951 0.7871420 0.4606294 1.4261187 0.4803563 0.1143002 0.1627533 0.0637702 0.0637702 0.0209378 0.2125902 0.2126509 1.6659972 0.1398530 0.3746899 0.3430595 0.3195341 0.3297296 0.3297296 0.0422800 0.0422800 0.1883651 0.3108262 0.1908672 0.3159626 0.2378543 0.3292738 0.3292738 0.1908672 0.3643344 0.9508695 0.3593320 0.3260341 0.3260341 0.4004642 0.4429419 0.2774143 0.3682179 0.3155327 0.3070017 0.2181679 0.8456763 0.2181679 0.5031051 0.3409723 0.3668408 0.7407766 0.9581701 0.4991119 0.4991119 0.8729882 0.5556702 0.5556702 0.8614996 0.8210651 0.4536091 0.5308589 0.5308589 0.4536091 0.5958500 0.5958500 0.4550979 0.6230168 0.6230168 0.4550979 1.2143192 0.4562559 0.7007390 0.6807497 0.6295106 0.6295106 0.7074439 0.7074439 0.7956535 1.1645664 0.6571844 0.6571844 1.1129949 2.4277550 1.1139525 1.1297193 1.4782016 0.7841280 1.1129316 1.1129316 1.0580227 1.5347868 1.5017137 0.8896828 1.2528647 1.2218815 1.1474191 1.4035520 2.7566084 1.4301720 1.3985759 0.9640676 2.2048029 0.8838389 2.1051536 2.0532984 2.0532984 1.9951565 1.1147249 2.1630369 1.8433019 2.2673012 1.5859072 1.5859072 1.8464009 1.6270473 1.6270473 1.4983883 1.2009848 1.4618979 1.5684378 1.3686366 2.1817602 1.4032907 1.5748477 1.1812318 2.0493179 1.6211219 1.8355360 2.1614790 1.6533982 1.7002925 1.2329542 2.1520434 1.2651354 1.1202563 1.9707167 1.6700123 1.0892403 1.2609173 
CKAN_00283400_MADS                 1.5034274 0.0634480 0.1953543 0.1326736 0.1420597 0.0889426 0.1630270 0.0000000 0.1867295 0.0427873 0.1155252 0.0644354 0.1155252 0.2783545 0.2346836 0.3193250 0.5071223 0.3311335 0.5252731 0.5826802 0.4427429 0.3276634 0.4491158 0.4365143 0.3679069 0.4826600 0.4553474 0.8538508 0.4828588 1.5797385 0.2653266 0.0634480 0.1693923 0.1172783 0.1172783 0.1393815 0.2211656 0.2212316 1.6659972 0.0427873 0.4161566 0.3545927 0.2996241 0.4164027 0.4164027 0.1627967 0.1627967 0.0428862 0.4174847 0.0877316 0.2253404 0.1790164 0.4069857 0.4069857 0.0877316 0.2668498 0.8725337 0.4378085 0.4344892 0.4344892 0.4490546 0.4659362 0.1603099 0.4360201 0.2235236 0.4300802 0.2786135 0.7717162 0.2786135 0.5317268 0.4691932 0.4002851 0.6704468 0.8822209 0.4026833 0.4026833 0.8588361 0.4986118 0.4986118 0.7854091 0.8443490 0.5284614 0.6587108 0.6587108 0.5284614 0.5317063 0.5317063 0.5272422 0.5190908 0.5190908 0.5272422 1.1852825 0.5481747 0.8304266 0.7178296 0.5824639 0.5824639 0.6619598 0.6619598 0.8185101 1.0827128 0.6773671 0.6773671 1.1025801 2.2260454 1.0346090 1.2654453 1.3776827 0.8072219 1.2615403 1.2615403 1.1354043 1.7348611 1.4452161 1.3331432 1.2272667 1.2248148 1.2385259 1.3141091 3.6163227 1.5410108 1.3825914 0.9155964 2.4278049 0.9784749 2.3166692 2.0286639 2.0286639 1.9701728 0.9892146 2.1381851 1.9392590 2.2555848 1.5584052 1.5584052 1.7500119 1.7457481 1.7457481 1.7408773 1.1745725 1.6216318 1.7210496 1.4784382 2.2512899 1.2685875 1.7179676 1.0868259 1.8507467 1.6107848 1.7031841 2.1353261 1.6428859 1.6670206 1.1039369 2.1257420 1.1708144 0.8920127 1.9630924 1.8054276 1.0892403 1.3661467 
CKAN_02189300_MADS                 1.4467191 0.1375963 0.2602654 0.2154092 0.0639117 0.2168973 0.0632913 0.1867295 0.0000000 0.2115325 0.0636474 0.1874163 0.0636474 0.3233524 0.3313704 0.2979983 0.4003642 0.3149690 0.4555576 0.4797848 0.3877825 0.3580020 0.4426482 0.4215377 0.3922318 0.3962623 0.4035071 0.7238364 0.4310904 1.5599493 0.4803563 0.1846588 0.2343950 0.0853085 0.0853085 0.0420448 0.2854443 0.2855430 1.4199184 0.2115325 0.4595827 0.3698584 0.3464774 0.3559716 0.3559716 0.1068576 0.1068576 0.2123694 0.3371278 0.2151368 0.3419547 0.2621994 0.4080596 0.4080596 0.2151368 0.3921596 0.8827595 0.4476929 0.3530233 0.3530233 0.4278166 0.5296437 0.3554899 0.4284119 0.3420168 0.2569678 0.2626567 0.8571198 0.2626567 0.5319658 0.2904140 0.3952169 0.6802489 0.8921062 0.5292469 0.5292469 0.8845433 0.4643833 0.4643833 0.7956132 0.7820216 0.4826287 0.5384123 0.5384123 0.4826287 0.5636077 0.5636077 0.4861026 0.6786202 0.6786202 0.4861026 1.1235202 0.5467520 0.6433738 0.6695104 0.5316387 0.5316387 0.6085137 0.6085137 0.7844824 1.1296004 0.5995444 0.5995444 1.2458040 2.4277550 1.0801381 1.2448728 1.3487624 0.7951687 1.2656344 1.2656344 1.1735801 1.6729373 1.4776067 0.8896828 1.2596720 1.0564069 1.2680068 1.3655032 2.7566084 1.3944139 1.3761865 1.0731795 2.2109756 1.0233123 2.1108461 2.1537246 2.1537246 2.0948900 1.0042203 2.2681845 1.9999549 2.2742004 1.6801411 1.6801411 1.7507305 1.7225641 1.7225641 1.4983883 1.3060142 1.5647703 1.6591955 1.4188191 2.3647578 1.2696624 1.4314215 1.0581562 1.8490167 1.4738052 1.6575354 2.2879941 1.5058343 1.7578407 1.3385942 2.2779282 1.2409573 1.0564491 1.9426066 1.8865210 1.2022267 1.2747282 
CKAN_00861800_MADS                 1.6063294 0.0852808 0.1764546 0.1105864 0.1391299 0.0717562 0.1398530 0.0427873 0.2115325 0.0000000 0.1661278 0.0208711 0.1661278 0.2521366 0.2619637 0.3578916 0.5122766 0.3613211 0.5150845 0.5723965 0.4171801 0.3351629 0.4383903 0.4319315 0.3765091 0.5151590 0.4219263 0.8629112 0.4492189 1.4537805 0.2653266 0.0422239 0.1501326 0.1685253 0.1685253 0.1638206 0.2027132 0.2027741 1.6659972 0.0000010 0.3892185 0.3280933 0.3249450 0.4426848 0.4426848 0.1661278 0.1661278 0.0420832 0.3915929 0.0426475 0.2420271 0.2029695 0.3772169 0.3772169 0.0426475 0.3025652 0.9334933 0.4095959 0.4082488 0.4082488 0.4228953 0.4548151 0.1635677 0.4317614 0.2404821 0.4347259 0.2514858 0.8284143 0.2514858 0.4604507 0.4741624 0.3822378 0.7232289 0.9413711 0.4517457 0.4517457 0.9211121 0.5496735 0.5496735 0.8439071 0.9078712 0.5181770 0.6654835 0.6654835 0.5181770 0.5858285 0.5858285 0.4983900 0.4713444 0.4713444 0.4983900 1.2607639 0.5192883 0.8386427 0.7273003 0.5890150 0.5890150 0.6648138 0.6648138 0.8218563 1.1343612 0.6846705 0.6846705 1.0505079 2.2260454 1.0839982 1.2390762 1.4660989 0.8164339 1.2357699 1.2357699 1.1095389 1.7010764 1.5446908 1.3331432 1.3159605 1.3170963 1.2114247 1.3729586 3.6163227 1.5952979 1.4768161 0.8929026 2.4646968 0.9315833 2.3526627 2.0677213 2.0677213 2.0093580 1.1024823 2.1782889 1.9007725 2.2938376 1.5466308 1.5466308 1.8151853 1.7309991 1.7309991 1.7408773 1.1489056 1.5914776 1.7068129 1.4469239 2.2049743 1.4047768 1.8174549 1.1347613 1.9768794 1.7052049 1.8191749 2.2232355 1.7372469 1.7851055 1.0966118 2.2134073 1.1708144 0.9795629 2.0216112 1.7438732 1.0892403 1.4093063 
CKAN_01821800_MADS                 1.4300394 0.1621720 0.2157687 0.2414553 0.0214411 0.2209587 0.0422800 0.1155252 0.0636474 0.1661278 0.0000000 0.1902429 0.0000010 0.2987732 0.3061870 0.2517751 0.4672629 0.3442810 0.4629876 0.4880277 0.3969676 0.3298182 0.3955469 0.3957422 0.3634416 0.4263557 0.4574231 0.8105496 0.4848182 1.5042846 0.4803563 0.1621720 0.1900919 0.0210547 0.0210547 0.0210547 0.2411247 0.2411977 1.6659972 0.1661278 0.4341275 0.3995012 0.2887437 0.3043006 0.3043006 0.0422713 0.0422713 0.1667407 0.3660595 0.2183481 0.2932957 0.2393166 0.3564282 0.3564282 0.2183481 0.3426301 0.9245601 0.4211368 0.3827428 0.3827428 0.4583871 0.4794406 0.2767497 0.4039438 0.2924496 0.3187228 0.2436583 0.8207633 0.2436583 0.5386361 0.3536821 0.4024912 0.7169440 0.9326582 0.4768870 0.4768870 0.8480970 0.5335850 0.5335850 0.8359051 0.7956143 0.4905770 0.5484299 0.5484299 0.4905770 0.5728312 0.5728312 0.5210711 0.6628433 0.6628433 0.5210711 1.1830754 0.5199115 0.7213192 0.6757299 0.6248225 0.6248225 0.7067670 0.7067670 0.7771738 1.1475121 0.6775015 0.6775015 1.1607242 2.4277550 1.0973466 1.2027189 1.4415028 0.8086187 1.1853920 1.1853920 1.1308466 1.6247722 1.4610204 0.8896828 1.2164420 1.1855285 1.2239276 1.3856548 2.7566084 1.4664199 1.3607144 1.0322467 2.2412384 0.9316682 2.1397598 2.0920688 2.0920688 2.0333951 1.0274732 2.2041145 1.9470967 2.3074072 1.5962435 1.5962435 1.7774660 1.6375870 1.6375870 1.4983883 1.2285123 1.4877927 1.5783761 1.4564476 2.3049404 1.2995415 1.5459595 1.1329228 1.9909897 1.5917632 1.7841236 2.1455959 1.6241747 1.6518177 1.2437742 2.1361723 1.2651354 1.0888566 2.0270557 1.8394022 1.0892403 1.3661467 
CKAN_00109600_MADS                 1.6279254 0.1069759 0.2018490 0.0880456 0.1627040 0.0953457 0.1636030 0.0644354 0.1874163 0.0208711 0.1902429 0.0000000 0.1902429 0.2796889 0.2879405 0.3857699 0.4815378 0.3895280 0.5453367 0.6050561 0.4098373 0.3071601 0.4672028 0.4614393 0.3475839 0.5446900 0.3926877 0.8229576 0.4199899 1.5030563 0.2653266 0.0636153 0.1752688 0.1928973 0.1928973 0.1876520 0.2281877 0.2282577 1.6659972 0.0208711 0.4185546 0.3564849 0.3530590 0.4711335 0.4711335 0.1902429 0.1902429 0.0633816 0.4198012 0.0211955 0.2661194 0.2261493 0.4047190 0.4047190 0.0211955 0.3295841 0.8930239 0.4405019 0.4369678 0.4369678 0.4516431 0.4853631 0.1875477 0.4591774 0.2649187 0.4042740 0.2464768 0.8668372 0.2464768 0.4897425 0.4431627 0.3527388 0.6873284 0.9021306 0.4821629 0.4821629 0.9631982 0.5185966 0.5185966 0.8047519 0.8944081 0.5488401 0.6549327 0.6549327 0.5488401 0.6183970 0.6183970 0.5307828 0.4632102 0.4632102 0.5307828 1.2112835 0.5519038 0.8019236 0.6880578 0.5563525 0.5563525 0.6307015 0.6307015 0.7842017 1.1825423 0.6481455 0.6481455 1.0957037 2.2260454 1.1302288 1.2847678 1.4080827 0.8586790 1.2804558 1.2804558 1.1553668 1.7531100 1.5655443 1.3331432 1.3633844 1.2565516 1.2586479 1.4276642 3.6163227 1.6612744 1.4965254 0.9336382 2.5627536 0.9726950 2.4456783 2.1335435 2.1335435 2.0749755 1.0497104 2.2467376 1.9566577 2.3913590 1.6132101 1.6132101 1.8726324 1.8053238 1.8053238 1.7408773 1.2111219 1.6604510 1.7794866 1.4989224 2.2663918 1.3407627 1.7383522 1.0774420 1.8924815 1.6312290 1.7421056 2.3119391 1.6629954 1.8444246 1.1701404 2.3017320 1.1708144 1.0644208 2.1198348 1.7957274 1.1708219 1.5469387 
CKAN_01533600_MADS                 1.4300394 0.1621720 0.2157687 0.2414553 0.0214411 0.2209587 0.0422800 0.1155252 0.0636474 0.1661278 0.0000010 0.1902429 0.0000000 0.2987732 0.3061870 0.2517751 0.4672629 0.3442810 0.4629876 0.4880277 0.3969676 0.3298182 0.3955469 0.3957422 0.3634416 0.4263557 0.4574231 0.8105496 0.4848182 1.5042846 0.4803563 0.1621720 0.1900919 0.0210547 0.0210547 0.0210547 0.2411247 0.2411977 1.6659972 0.1661278 0.4341275 0.3995012 0.2887437 0.3043006 0.3043006 0.0422713 0.0422713 0.1667407 0.3660595 0.2183481 0.2932957 0.2393166 0.3564282 0.3564282 0.2183481 0.3426301 0.9245601 0.4211368 0.3827428 0.3827428 0.4583871 0.4794406 0.2767497 0.4039438 0.2924496 0.3187228 0.2436583 0.8207633 0.2436583 0.5386361 0.3536821 0.4024912 0.7169440 0.9326582 0.4768870 0.4768870 0.8480970 0.5335850 0.5335850 0.8359051 0.7956143 0.4905770 0.5484299 0.5484299 0.4905770 0.5728312 0.5728312 0.5210711 0.6628433 0.6628433 0.5210711 1.1830754 0.5199115 0.7213192 0.6757299 0.6248225 0.6248225 0.7067670 0.7067670 0.7771738 1.1475121 0.6775015 0.6775015 1.1607242 2.4277550 1.0973466 1.2027189 1.4415028 0.8086187 1.1853920 1.1853920 1.1308466 1.6247722 1.4610204 0.8896828 1.2164420 1.1855285 1.2239276 1.3856548 2.7566084 1.4664199 1.3607144 1.0322467 2.2412384 0.9316682 2.1397598 2.0920688 2.0920688 2.0333951 1.0274732 2.2041145 1.9470967 2.3074072 1.5962435 1.5962435 1.7774660 1.6375870 1.6375870 1.4983883 1.2285123 1.4877927 1.5783761 1.4564476 2.3049404 1.2995415 1.5459595 1.1329228 1.9909897 1.5917632 1.7841236 2.1455959 1.6241747 1.6518177 1.2437742 2.1361723 1.2651354 1.0888566 2.0270557 1.8394022 1.0892403 1.3661467 
CKAN_02117700_MADS                 1.3652356 0.2464233 0.1681468 0.2232284 0.3005156 0.3157717 0.2433910 0.2783545 0.3233524 0.2521366 0.2987732 0.2796889 0.2987732 0.0000000 0.3266536 0.3049401 0.5747188 0.3063840 0.2600518 0.3474216 0.2812485 0.3495296 0.3548569 0.3142279 0.3397029 0.3766134 0.4848903 0.5850915 0.4949438 1.2921680 0.5604198 0.1920992 0.1405993 0.2936378 0.2936378 0.2702900 0.1643283 0.1955665 1.4966489 0.2521366 0.1604676 0.2638377 0.2067900 0.3459185 0.3459185 0.2987732 0.2987732 0.3090867 0.2514098 0.3133437 0.2722377 0.2334465 0.3194944 0.3194944 0.3133437 0.2569156 0.6953980 0.1670091 0.2895493 0.2895493 0.2650701 0.2691016 0.2910170 0.4217192 0.2462033 0.4701528 0.2756601 0.7340942 0.2756601 0.3530673 0.5103808 0.3221854 0.6822784 0.7353539 0.4352088 0.4352088 0.7735196 0.3606741 0.3606741 0.6879285 0.7135897 0.4954250 0.6288833 0.6288833 0.4954250 0.5623161 0.5623161 0.4659100 0.7447581 0.7447581 0.4659100 1.2608995 0.4327224 0.7589445 0.6671539 0.5944177 0.5944177 0.6100582 0.6100582 0.7755686 1.1092827 0.6713865 0.6713865 0.9925726 2.1344484 1.0900320 1.0685917 1.1256767 0.7118993 1.0769586 1.0769586 1.1379331 1.5198265 1.2592018 0.8674625 1.1356157 1.0123697 1.1944674 1.4106249 2.2357703 1.3247481 1.0208437 1.1616475 2.0882679 1.0980958 1.9923359 1.8887212 1.8887212 1.8312002 0.9945591 1.9917098 1.7725984 2.0634525 1.4821416 1.4821416 1.6887779 1.5950780 1.5950780 1.4180657 1.1228849 1.4596056 1.5528201 0.9670217 2.0227477 1.1975194 1.3996501 1.1657526 1.7973719 1.4513818 1.6815147 2.0784903 1.4468617 1.6450849 1.0121189 2.0690074 1.1530742 0.9245964 1.8451578 1.6619095 1.3951889 1.3611630 
CKAN_00565900_MADS                 1.4015394 0.2052154 0.3919361 0.2675266 0.3080243 0.2519852 0.3041609 0.2346836 0.3313704 0.2619637 0.3061870 0.2879405 0.3061870 0.3266536 0.0000000 0.4802955 0.6313079 0.4785947 0.5613576 0.5133831 0.3709595 0.3423274 0.3699542 0.4218672 0.3623154 0.3837757 0.4757280 0.6453502 0.4846428 1.4827341 0.1900576 0.2052154 0.3587242 0.3102981 0.3102981 0.2769249 0.4224240 0.4227507 1.6784730 0.2619637 0.4448450 0.5192420 0.2768309 0.3948533 0.3948533 0.3612126 0.3612126 0.2631662 0.3704635 0.3198228 0.1673856 0.1384381 0.4873613 0.4873613 0.3198228 0.2394580 0.8607374 0.4315081 0.5115782 0.5115782 0.5690140 0.5015363 0.3387930 0.4418549 0.1990677 0.5146533 0.5038809 0.8417417 0.5038809 0.6912105 0.5559332 0.4134723 0.7735234 0.8531070 0.5837065 0.5837065 0.9507033 0.5343030 0.5343030 0.9215871 0.8244666 0.7605711 0.7312143 0.7312143 0.7605711 0.5858111 0.5858111 0.7014735 0.8009085 0.8009085 0.7014735 1.2403414 0.4840157 0.8547306 0.8540392 0.6201552 0.6201552 0.6434425 0.6434425 0.9193502 1.3967923 0.7750489 0.7750489 1.2482901 2.5609484 1.3346624 1.2901539 1.1694348 0.8344884 1.3041437 1.3041437 1.3442347 1.5056918 1.0763815 1.3331432 1.2397325 1.2088074 1.3837242 1.7696224 3.2481797 1.2758235 1.3533664 1.1940213 2.1111109 1.1309803 2.2162017 1.7341914 1.7341914 1.6794054 1.0480335 1.8277973 1.8532912 1.9453509 1.5661455 1.5661455 1.5556078 1.5825745 1.5825745 1.5987344 1.2313011 1.6305001 1.7059891 1.2766395 1.8356361 1.2873945 1.6778349 1.0924532 1.5126179 1.6269949 1.4651122 2.1247895 1.6055492 1.4128152 1.2860081 2.1151746 1.1336108 1.2418144 1.7136978 1.8094301 1.4954811 1.3553163 
CKAN_01596700_MADS                 1.2693690 0.3104482 0.2448468 0.3492513 0.2649346 0.3711449 0.2673230 0.3193250 0.2979983 0.3578916 0.2517751 0.3857699 0.2517751 0.3049401 0.4802955 0.0000000 0.5078146 0.3781497 0.4286126 0.4374171 0.4372085 0.5320454 0.3615444 0.3731286 0.5719299 0.4336833 0.6559344 0.6870928 0.6874929 1.3282823 0.4666497 0.3055382 0.2169700 0.2783279 0.2783279 0.2474310 0.2118327 0.2721399 1.8450487 0.3578916 0.4543730 0.3717310 0.3349504 0.4034643 0.4034643 0.2984017 0.2984017 0.3330967 0.3322863 0.4214749 0.4170411 0.3471835 0.4769244 0.4769244 0.4214749 0.4325582 0.8433385 0.4097683 0.4126354 0.4126354 0.4272142 0.4599622 0.3817353 0.4464892 0.3873650 0.4376541 0.3689892 0.8494551 0.3689892 0.4770943 0.4756870 0.5621298 0.6468987 0.9250298 0.4442328 0.4442328 0.7734805 0.4852313 0.4852313 0.8053904 0.7219807 0.5639282 0.6905167 0.6905167 0.5639282 0.5471051 0.5471051 0.5845235 0.8815009 0.8815009 0.5845235 1.1178033 0.5963126 0.6632860 0.6946349 0.6147230 0.6147230 0.6104069 0.6104069 0.8356595 0.9415800 0.5842100 0.5842100 1.1701900 2.3497481 0.9253837 1.0937930 1.2386730 0.7352752 1.1194508 1.1194508 1.0782728 1.6202084 1.2932381 1.0991239 1.0621622 1.1306334 1.1838448 1.1337965 1.9547178 1.3963354 1.1635863 1.0046502 2.1406217 0.9341824 2.0428329 1.8541328 1.8541328 1.7974524 0.8735875 1.9544962 1.7289059 2.1328282 1.3973458 1.3973458 1.8645160 1.4368063 1.4368063 1.4180657 1.0805414 1.3741418 1.4183461 1.3648485 2.0736657 1.0752794 1.3474378 1.0713631 2.0233240 1.3594070 1.7957520 2.2356786 1.3901635 1.6011113 1.1302944 2.2255319 1.1376831 0.9104444 1.8909289 1.6416979 1.0567036 1.1906138 
CKAN_01894500_MADS                 1.1833308 0.4335296 0.4325338 0.3809281 0.4798613 0.5050730 0.4519328 0.5071223 0.4003642 0.5122766 0.4672629 0.4815378 0.4672629 0.5747188 0.6313079 0.5078146 0.0000000 0.5697704 0.7086527 0.8129375 0.6467132 0.7212304 0.5544689 0.5968637 0.7785855 0.6504919 0.7818047 0.5142293 0.7631906 1.2245014 0.3681321 0.4557970 0.4630561 0.4612391 0.4612391 0.4594428 0.4972600 0.4872770 1.2959466 0.5122766 0.6418475 0.4842963 0.6487644 0.6231156 0.6231156 0.4893156 0.4893156 0.5545778 0.6383432 0.5218240 0.6779733 0.6063508 0.6877141 0.6877141 0.5218240 0.6495433 0.8870253 0.6122066 0.5866572 0.5866572 0.5968067 0.6841803 0.6066619 0.5595930 0.6871676 0.0658236 0.5322416 0.8441620 0.5322416 0.6284334 0.0897243 0.7452202 0.7599908 0.9248748 0.6141745 0.6141745 1.0589179 0.5322989 0.5322989 0.8601880 1.0497005 0.6650403 0.2784068 0.2784068 0.6650403 0.6835954 0.6835954 0.7828613 0.6518413 0.6518413 0.7828613 1.2391535 0.7745519 0.4675220 0.7151932 0.6599023 0.6599023 0.7014593 0.7014593 0.8010161 1.1621263 0.5059022 0.5059022 1.1972536 1.9509825 1.2401729 0.9799054 1.0610588 0.6316216 1.0305668 1.0305668 1.1672341 1.4359115 1.2120931 1.0009263 1.2290818 1.0590171 1.2743402 1.4051246 2.4507098 1.5149748 1.2168351 1.0608359 1.9554664 0.9817770 2.0539475 1.9435378 1.9435378 1.8874223 1.0151061 2.0458732 1.6421947 1.9724818 1.5961278 1.5961278 1.4834848 1.7222446 1.7222446 1.3060847 1.3326253 1.7211939 1.8357795 1.2452688 1.7383113 1.2620644 1.5142231 1.1110809 1.5884594 1.4460594 1.4502686 2.3150099 1.4771740 1.6030590 1.4187836 2.3288993 1.1945998 1.6371379 1.8111181 1.3714220 1.0058510 0.9088697 
CKAN_01187700_MADS                 1.5336230 0.2425906 0.3610271 0.3944906 0.3463404 0.3707569 0.3420830 0.3311335 0.3149690 0.3613211 0.3442810 0.3895280 0.3442810 0.3063840 0.4785947 0.3781497 0.5697704 0.0000000 0.3782540 0.4464583 0.3740153 0.4820009 0.3637814 0.4133359 0.4678322 0.3295173 0.4833857 0.7427849 0.5116170 1.5654054 0.4800539 0.2977334 0.3299360 0.3152848 0.3152848 0.3152848 0.3248963 0.3903193 1.1005301 0.3613211 0.3637804 0.2870418 0.4230457 0.5328835 0.5328835 0.3986691 0.3986691 0.3338857 0.1599469 0.4258486 0.4798164 0.3817523 0.5469689 0.5469689 0.4258486 0.5079714 0.7930062 0.3493858 0.1356513 0.1356513 0.1347466 0.4823006 0.4440594 0.4449733 0.4185572 0.4898718 0.4255178 0.8374629 0.4255178 0.2442883 0.5315918 0.4784657 0.6720923 0.8367330 0.4754318 0.4754318 0.7590300 0.3957181 0.3957181 0.8458104 0.7783075 0.5335243 0.7334248 0.7334248 0.5335243 0.5478122 0.5478122 0.5153043 0.7518648 0.7518648 0.5153043 1.1664334 0.4636266 0.7352262 0.6611385 0.5784569 0.5784569 0.6529098 0.6529098 0.9450284 1.1342665 0.7238075 0.7238075 1.1740765 1.7698377 1.0838575 1.2351821 1.2206665 0.7912150 1.4658107 1.4658107 1.4130881 1.7414730 1.5824069 0.9660399 1.2319542 1.0962535 1.5441921 1.4011773 2.0061978 1.3849450 1.3762359 1.4189790 2.1007639 1.1446577 2.0568893 2.1401314 2.1401314 2.0797776 1.1803984 2.2570451 2.2484354 2.3232769 1.7308056 1.7308056 1.7355545 1.8543763 1.8543763 1.3060847 1.3867115 1.7633082 1.8761553 1.2861155 2.5427235 1.4281015 1.4432147 1.3184018 1.9077732 1.6630968 1.7913281 2.0914122 1.6956255 1.7027886 1.4829983 2.0820887 1.2259688 1.1163018 2.1560807 2.1588715 1.4843242 1.5534830 
CKAN_01290200_MADS                 1.5354380 0.4526565 0.4237747 0.4889032 0.4814191 0.4672673 0.4276661 0.5252731 0.4555576 0.5150845 0.4629876 0.5453367 0.4629876 0.2600518 0.5613576 0.4286126 0.7086527 0.3782540 0.0000000 0.1895740 0.4328480 0.5846900 0.4979149 0.5194537 0.5934026 0.5439298 0.6371829 0.6796158 0.6500846 1.4661396 0.8571543 0.4526565 0.3918575 0.4877773 0.4877773 0.4558648 0.4149493 0.4530289 1.2870610 0.5150845 0.1606174 0.2927465 0.3859249 0.2955485 0.2955485 0.4629876 0.4629876 0.5794801 0.2879116 0.5862411 0.4708778 0.4152323 0.3268579 0.3268579 0.5862411 0.3997834 0.7789748 0.1167464 0.4067623 0.4067623 0.3387862 0.1682678 0.5176546 0.5140330 0.4370404 0.5502631 0.4137687 0.7921987 0.4137687 0.3634519 0.5940496 0.5508544 0.7145148 0.7659420 0.5536969 0.5536969 0.8239238 0.3477117 0.3477117 0.8079541 0.7268067 0.5552274 0.7968383 0.7968383 0.5552274 0.5976040 0.5976040 0.5734284 0.7554549 0.7554549 0.5734284 1.2784616 0.5411179 0.9507357 0.6556910 0.6660375 0.6660375 0.6716479 0.6716479 0.7587595 1.1292478 0.6815186 0.6815186 1.1299140 1.8727354 1.1365268 1.1495431 1.1739949 0.7051571 1.1841979 1.1841979 1.0817660 1.6889056 1.4523253 1.2000669 1.3665595 1.0025677 1.1608526 1.4631285 2.0814555 1.3189411 1.2339303 1.2202022 1.9065700 1.2250988 1.8512773 1.8431924 1.8431924 1.7880436 0.8850986 1.9405859 1.9788104 1.7872333 1.4810216 1.4810216 1.8226154 1.5228742 1.5228742 1.4702370 1.1178208 1.4185066 1.5617185 1.3456057 2.2275282 1.0088156 1.3171671 1.0669439 1.6704442 1.3290281 1.5690048 2.2427378 1.3991305 1.8261722 1.1249872 2.2328030 0.9245430 1.0456696 1.8786837 1.7381659 1.3983193 1.1605139 
CKAN_01906900_MADS                 1.5008890 0.5032850 0.4923976 0.5580619 0.5083353 0.4253460 0.4495213 0.5826802 0.4797848 0.5723965 0.4880277 0.6050561 0.4880277 0.3474216 0.5133831 0.4374171 0.8129375 0.4464583 0.1895740 0.0000000 0.4381625 0.5968693 0.4984925 0.5563884 0.5461877 0.5331964 0.5772743 0.8104088 0.5852798 1.4218854 0.8710580 0.5032850 0.4557561 0.5209220 0.5209220 0.4801076 0.4492277 0.5248987 1.0534625 0.5723965 0.2169596 0.4109794 0.3906664 0.3791106 0.3791106 0.4880277 0.4880277 0.6071131 0.2509143 0.6498075 0.5581366 0.4944392 0.4378177 0.4378177 0.6498075 0.4957363 0.7290227 0.1984873 0.3317497 0.3317497 0.3759553 0.2462218 0.5401651 0.5309758 0.5023675 0.6241328 0.5197568 0.8462929 0.5197568 0.4480403 0.6711802 0.4574861 0.7592595 0.9103291 0.7256539 0.7256539 0.7006700 0.3698193 0.3698193 0.9662553 0.6608325 0.7277280 0.8932013 0.8932013 0.7277280 0.6621919 0.6621919 0.7527147 0.9037928 0.9037928 0.7527147 1.2112914 0.6975070 0.9872527 0.6848661 0.7364336 0.7364336 0.7412558 0.7412558 0.8002567 1.2395452 0.7492050 0.7492050 1.2887728 1.5684311 1.2464932 1.1596553 1.2233080 0.7462490 1.1384154 1.1384154 1.1931808 1.6364286 1.3236955 1.0497223 1.2820100 1.0987316 1.2748816 1.6112371 1.8299531 1.1951430 1.3168495 1.3154632 1.5660433 1.1831819 1.4928957 1.6358778 1.6358778 1.5827663 0.8280083 1.7236985 1.9246337 1.5267549 1.3224961 1.3224961 1.6433604 1.3616323 1.3616323 1.4702370 1.0445469 1.2460537 1.3719878 1.3915861 2.1917669 1.1717245 1.3665935 1.2468186 1.6237728 1.4206018 1.5956176 2.2182061 1.4957974 1.6376770 1.0355928 2.2084287 0.8483896 1.2606511 1.5577364 1.8885918 1.6092038 1.2495414 
CKAN_01065400_MADS                 1.5034349 0.4077753 0.3836943 0.3227798 0.3993391 0.4020473 0.3413437 0.4427429 0.3877825 0.4171801 0.3969676 0.4098373 0.3969676 0.2812485 0.3709595 0.4372085 0.6467132 0.3740153 0.4328480 0.4381625 0.0000000 0.4248932 0.3881971 0.3514915 0.3863252 0.3914729 0.4696539 0.8478207 0.4987821 1.4627321 0.3020070 0.3527223 0.3525544 0.3907902 0.3907902 0.3680853 0.3556030 0.4127065 1.5119127 0.4171801 0.4139083 0.5142659 0.2724958 0.3556724 0.3556724 0.3969676 0.3969676 0.4465813 0.3209232 0.4457741 0.3851556 0.3183235 0.4233542 0.4233542 0.4457741 0.5000994 0.7321809 0.4001826 0.3656537 0.3656537 0.4317256 0.5310701 0.4473829 0.3411911 0.4117689 0.5358852 0.3329627 0.8216446 0.3329627 0.5833629 0.5774677 0.3727086 0.6979001 0.8068895 0.6410458 0.6410458 0.8662381 0.5270514 0.5270514 0.8200706 0.6047430 0.7814275 0.6675679 0.6675679 0.7814275 0.6441850 0.6441850 0.7246974 0.7016610 0.7016610 0.7246974 1.2279542 0.4447481 0.9545326 0.6422824 0.6358463 0.6358463 0.6814211 0.6814211 0.8421415 1.3942024 0.8525600 0.8525600 1.2327424 2.2770749 1.3340124 1.1408789 1.4302084 1.0209945 1.1582257 1.1582257 1.1116352 1.5346111 1.3460729 0.6918592 1.2612598 1.1211440 1.1591435 1.7171014 2.5630614 1.6572910 1.5067309 1.1482563 2.4535189 1.0491146 2.3841194 2.0113158 2.0113158 1.9537239 1.1189723 2.1184347 1.6312064 2.5421156 1.7447421 1.7447421 1.7484026 1.8445441 1.8445441 1.3060847 1.3187448 1.7221799 1.8177933 1.2121901 1.9932112 1.2050416 1.4628390 1.1714719 1.8075958 1.4693628 1.6110110 2.2782766 1.4641242 1.6457683 1.4494564 2.2679677 1.2359070 1.4648586 2.0730080 1.5572149 1.2500276 1.4800809 
CKAN_01352300_MADS                 1.6687580 0.3817596 0.3995459 0.3671629 0.3653681 0.4020289 0.3307575 0.3276634 0.3580020 0.3351629 0.3298182 0.3071601 0.3298182 0.3495296 0.3423274 0.5320454 0.7212304 0.4820009 0.5846900 0.5968693 0.4248932 0.0000000 0.4782646 0.4971650 0.0670421 0.5790661 0.1948978 0.7069280 0.2191434 1.5812189 0.5543326 0.3270141 0.3655399 0.3240769 0.3240769 0.3583239 0.3781973 0.4080257 1.4130515 0.3351629 0.4537591 0.5516388 0.4585094 0.5531068 0.5531068 0.3082033 0.3082033 0.3639685 0.4097551 0.3057403 0.3870291 0.3934594 0.4535584 0.4535584 0.3057403 0.4700821 0.7936061 0.4656427 0.5217671 0.5217671 0.4874793 0.5009213 0.3310572 0.5954485 0.4245265 0.5927076 0.4357462 1.0465024 0.4357462 0.6300528 0.5889412 0.2090489 0.8647227 1.0022745 0.6368746 0.6368746 0.9804249 0.5059852 0.5059852 0.9744999 0.9125949 0.7099312 0.7470004 0.7470004 0.7099312 0.8032222 0.8032222 0.6471813 0.7045225 0.7045225 0.6471813 1.4083745 0.7083474 0.9049154 0.7388998 0.7613799 0.7613799 0.8153442 0.8153442 1.0008755 1.5244757 0.7320555 0.7320555 1.1704591 2.4489295 1.3653238 1.4038030 1.4920786 0.9178178 1.3676621 1.3676621 1.4289244 1.5289080 1.4804007 1.4816711 1.3654206 1.3813907 1.4506210 1.9518088 4.0500823 1.5527621 1.5596023 1.3346964 2.3719854 1.2867509 2.5008400 2.2067177 2.2067177 2.1427170 1.2944949 2.3336089 2.1626307 2.3016736 1.9540212 1.9540212 1.8585409 1.9116599 1.9116599 1.7607378 1.5244334 1.9501491 2.0635062 1.5375054 2.0933170 1.6407535 1.6697752 1.3071375 1.8891101 1.8600846 1.8495997 2.0429522 1.8362491 1.6993108 1.5218573 2.0336114 1.2474224 1.1377816 2.1945933 1.8381710 1.5356407 1.6285124 
CKAN_02199500_MADS                 1.3305383 0.4372075 0.4148880 0.4171646 0.4121562 0.4508683 0.3625280 0.4491158 0.4426482 0.4383903 0.3955469 0.4672028 0.3955469 0.3548569 0.3699542 0.3615444 0.5544689 0.3637814 0.4979149 0.4984925 0.3881971 0.4782646 0.0000000 0.2327922 0.4641223 0.1250064 0.5551005 0.6057695 0.5440434 1.2846211 0.4826946 0.3814074 0.3831139 0.3664698 0.3664698 0.3893370 0.3459405 0.3880225 1.6281873 0.4383903 0.4262638 0.4511414 0.4351018 0.5544002 0.5544002 0.3417403 0.3417403 0.4337842 0.3667800 0.4839400 0.3724689 0.3609119 0.5972100 0.5972100 0.4839400 0.4475378 1.0654520 0.4136533 0.4189146 0.4189146 0.4323731 0.4823200 0.4724000 0.3447534 0.3399729 0.4709380 0.4580957 0.9384994 0.4580957 0.5217024 0.4871668 0.4505507 0.8866343 1.0448647 0.5737911 0.5737911 1.0274067 0.4770129 0.4770129 1.0062707 0.9146381 0.6576852 0.6776993 0.6776993 0.6576852 0.6315062 0.6315062 0.6477947 0.9921889 0.9921889 0.6477947 1.3348447 0.3671138 0.6060214 0.9525119 0.7433005 0.7433005 0.7793341 0.7793341 1.0941771 1.4217990 0.6903675 0.6903675 1.2594045 2.0854738 1.3091717 1.3687231 1.1533274 0.6774674 1.2870783 1.2870783 1.3862879 1.4023925 1.3708793 1.0240911 1.1752618 1.2333554 1.5131145 1.7187881 1.9969100 1.4933635 1.2766705 1.3916155 2.1243779 1.0917998 2.2322595 2.1941492 2.1941492 2.1346661 1.2583699 2.3115147 1.9130020 2.3193396 1.8453191 1.8453191 1.7858729 1.8238880 1.8238880 1.6246720 1.4921124 1.8596778 1.9938420 1.2573177 2.0646254 1.5462575 1.5182083 1.4519052 1.9858220 1.7448769 1.7686197 2.5599918 1.7772095 1.5912889 1.6733138 2.5482823 1.4187686 1.6157367 2.3153195 2.1906471 1.6562628 1.6745013 
CKAN_01046400_MADS                 1.5921060 0.3996926 0.4396060 0.4013356 0.3982745 0.5032812 0.3582513 0.4365143 0.4215377 0.4319315 0.3957422 0.4614393 0.3957422 0.3142279 0.4218672 0.3731286 0.5968637 0.4133359 0.5194537 0.5563884 0.3514915 0.4971650 0.2327922 0.0000000 0.5540649 0.1570380 0.5629632 0.5209554 0.5517832 1.5591236 0.3944369 0.3640328 0.4054678 0.3889258 0.3889258 0.3648259 0.3655246 0.4707246 1.8823196 0.4319315 0.4671362 0.4724430 0.3809191 0.5141898 0.5141898 0.4174850 0.4174850 0.4049981 0.3917773 0.5004794 0.4223948 0.3513809 0.6018906 0.6018906 0.5004794 0.5103115 0.9820921 0.4552311 0.4821045 0.4821045 0.4706294 0.4984444 0.4470704 0.2820091 0.3830888 0.4970444 0.4981468 0.9979659 0.4981468 0.5766391 0.5361689 0.5147267 0.8703050 1.0323788 0.6569378 0.6569378 1.1089250 0.5084386 0.5084386 0.9705484 1.0022897 0.7497903 0.7375581 0.7375581 0.7497903 0.7698795 0.7698795 0.6907538 1.0493154 1.0493154 0.6907538 1.3956386 0.5214241 0.6371995 0.9023704 0.8095063 0.8095063 0.8212048 0.8212048 1.0535604 1.2744678 0.6840827 0.6840827 1.2379894 2.6760625 1.1997203 1.4566008 1.3708413 0.6576678 1.3988292 1.3988292 1.3460510 1.7456136 1.4484293 1.1247632 1.3242594 1.4011519 1.3983451 1.5619307 2.8406689 1.4445857 1.2355133 1.3538768 2.2435707 1.2233410 2.1409841 1.8183846 1.8183846 1.7627930 1.2389742 1.9158637 1.7499870 2.2487453 1.7398668 1.7398668 2.0095911 1.8905392 1.8905392 1.6246720 1.2901227 1.7419100 1.8288604 1.3538409 1.9737618 1.5209744 1.5883341 1.4080976 2.1581957 1.7494715 1.8282030 2.4418225 1.7421098 1.8384692 1.3230164 2.4306193 1.4896166 1.3214575 1.8483118 2.0397924 1.2411203 1.0841188 
