146
evm_27.model.AmTr_v1.0_scaffold00001.413_MADS 0.0000000 0.1925996 0.2754514 0.1930083 0.1639949 0.0647417 0.1551387 0.2583202 0.4076044 0.0879177 0.3065681 0.4646103 0.4080537 0.4439443 0.7206237 1.8128802 0.0209811 0.1428048 0.1916596 0.1916596 0.1639949 0.1684803 0.1936160 1.6195487 0.0647417 0.3555495 0.2966322 0.3332185 0.4454406 0.4454406 0.1890896 0.1890896 0.0869112 0.2944401 0.1106644 0.2489219 0.1792559 0.3798334 0.3798334 0.1106644 0.2896022 0.7859759 0.3739313 0.3082284 0.3082284 0.3232077 0.4286154 0.1377652 0.3728460 0.2216217 0.4167156 0.2272082 0.7927151 0.2272082 0.4678908 0.4549594 0.3288077 0.6927509 0.9032555 0.4259163 0.4259163 0.7708452 0.4462825 0.4462825 0.7810008 0.7569449 0.5248157 0.6398297 0.6398297 0.5248157 0.5555834 0.5555834 0.4956840 0.4757768 0.4757768 0.4956840 1.2017047 0.4791930 0.8287418 0.6182303 0.5882589 0.5882589 0.6632592 0.6632592 0.8343391 1.0868272 0.7349839 0.7349839 1.0445734 2.0830777 1.0400957 1.1913920 1.3551028 0.8065370 1.1465231 1.1465231 1.0966729 1.6088971 1.4816289 1.3010767 1.2475085 1.2519187 1.2057965 1.3118424 2.8993302 1.5444509 1.4173731 0.8862751 2.3283312 0.9313048 2.2254586 1.8726978 1.8726978 1.8195553 1.0686198 1.9697174 1.8038734 2.1689086 1.4714209 1.4714209 1.7844157 1.6428227 1.6428227 1.5367198 1.0895178 1.5133058 1.6219134 1.4322390 2.0911629 1.3546980 1.7894415 1.1816961 1.8718583 1.6801881 1.7220552 1.9586070 1.7125115 1.7051442 1.1262149 1.9501487 1.1173885 1.0315712 1.9523038 1.6743976 1.1401576 1.3465743 
evm_27.model.AmTr_v1.0_scaffold00001.409_MADS 0.1925996 0.0000000 0.2237779 0.2163383 0.1868661 0.2005564 0.2285870 0.3133757 0.3927627 0.2297936 0.4063724 0.4767600 0.4443675 0.4900622 0.6817572 1.3906294 0.1646429 0.0422369 0.1869407 0.1869407 0.1868661 0.0858106 0.0858381 1.7905314 0.2005564 0.3092091 0.3367630 0.2163736 0.2781386 0.2781386 0.2389628 0.2389628 0.2013192 0.3509858 0.2556785 0.3097621 0.2604637 0.3300868 0.3300868 0.2556785 0.2928791 0.7321270 0.3243272 0.3659051 0.3659051 0.3803355 0.3963916 0.2793262 0.3862492 0.3125211 0.3697872 0.2105859 0.6676085 0.2105859 0.4660122 0.4049914 0.3910681 0.5940809 0.7737800 0.3874308 0.3874308 0.7180451 0.4105336 0.4105336 0.6773838 0.6886232 0.5473636 0.5690894 0.5690894 0.5473636 0.5150888 0.5150888 0.5573341 0.7428882 0.7428882 0.5573341 1.1502880 0.5030655 0.7359932 0.6401511 0.5547688 0.5547688 0.6333870 0.6333870 0.7669642 1.0458795 0.6425400 0.6425400 1.0873381 2.2645961 1.0275433 1.0079450 1.1223454 0.6977832 1.0466323 1.0466323 0.9842165 1.4396320 1.2270422 0.8528014 1.0027895 0.9743238 1.0836585 1.2596803 1.9132771 1.3814052 1.1886340 0.9185462 1.9093066 0.9878286 1.8259675 1.6402415 1.6402415 1.5902305 0.9543626 1.7250459 1.6894567 1.8843882 1.4241800 1.4241800 1.6994739 1.5262138 1.5262138 1.3732233 1.0427841 1.4205288 1.5072017 1.2077040 2.0088901 1.1779022 1.3725772 1.0714441 1.6547283 1.3041508 1.5156199 1.7751664 1.3350722 1.4675770 1.0444940 1.7676596 1.1424743 1.1222575 1.5921153 1.6204457 1.1875377 1.0685798 
evm_27.model.AmTr_v1.0_scaffold00053.185_MADS 0.2754514 0.2237779 0.0000000 0.3540536 0.3190514 0.3027856 0.3216720 0.2406256 0.2643509 0.3364072 0.2393445 0.3836349 0.3754404 0.3844880 0.7130409 1.6198345 0.2428400 0.1910205 0.3418851 0.3418851 0.3190514 0.2137286 0.2451224 1.0502539 0.3027856 0.1570437 0.2074239 0.2357602 0.3170050 0.3170050 0.3473563 0.3473563 0.3590287 0.2310623 0.3635859 0.2959764 0.2622271 0.2913855 0.2913855 0.3635859 0.3124882 0.6113811 0.1632786 0.2854637 0.2854637 0.2615255 0.2619770 0.3197974 0.4692300 0.3000993 0.4604084 0.2672849 0.6551270 0.2672849 0.2921941 0.4994269 0.3807953 0.6091540 0.6534428 0.4838277 0.4838277 0.7483265 0.3054294 0.3054294 0.6535305 0.7173757 0.4853560 0.6583496 0.6583496 0.4853560 0.5500539 0.5500539 0.4554955 0.7171645 0.7171645 0.4554955 1.2233986 0.4812970 0.7403617 0.6542575 0.5811490 0.5811490 0.5980934 0.5980934 0.7458224 0.9663088 0.5814919 0.5814919 0.9605089 1.9184685 0.9495959 1.0599579 1.1174584 0.6524910 1.1040124 1.1040124 1.0987140 1.4836900 1.2309691 0.6910815 1.1040036 0.9338946 1.1335837 1.2301267 2.0363484 1.2127106 1.0026146 1.1205062 1.9064321 1.0806553 1.8208599 1.7946896 1.7946896 1.7413616 0.8898215 1.8896889 1.6410947 1.8805866 1.4236983 1.4236983 1.6354457 1.5293286 1.5293286 1.3732233 1.0629574 1.4025136 1.4838676 1.0157915 1.8472827 1.1315539 1.3002867 1.1288212 1.6677277 1.3638519 1.5676176 2.0371517 1.3448037 1.6146412 1.0172450 2.0281147 0.9823010 0.8333814 1.6829177 1.6487737 1.3143960 1.1710622 
evm_27.model.AmTr_v1.0_scaffold00071.203_MADS 0.1930083 0.2163383 0.3540536 0.0000000 0.0215204 0.1921887 0.2165703 0.3922706 0.4936971 0.1962266 0.3828765 0.4970736 0.4099757 0.4081749 0.6215728 1.6230849 0.1651264 0.2155046 0.0655024 0.0655024 0.0215204 0.2671317 0.2671699 1.6195487 0.1921887 0.4385455 0.3614244 0.3260297 0.3363450 0.3363450 0.0875569 0.0875569 0.1928849 0.3709454 0.2453741 0.3225356 0.2431709 0.3893764 0.3893764 0.2453741 0.3712187 0.8937672 0.4257614 0.3875223 0.3875223 0.4639448 0.5085651 0.3365629 0.4085976 0.3220036 0.3474689 0.2737944 0.7335918 0.2737944 0.5703160 0.3828616 0.4321121 0.6696848 0.8405766 0.5067192 0.5067192 0.8216426 0.5637717 0.5637717 0.7455061 0.7719503 0.5201689 0.5798115 0.5798115 0.5201689 0.6043765 0.6043765 0.5257682 0.6972242 0.6972242 0.5257682 1.1354173 0.4918479 0.6763982 0.6459693 0.6382527 0.6382527 0.7200153 0.7200153 0.7580744 1.1018933 0.6605847 0.6605847 1.1311246 2.3396117 1.0552742 1.1572041 1.3796477 0.7853015 1.1402566 1.1402566 1.0895165 1.5248195 1.4043188 0.8749008 1.1688928 1.1365050 1.1793404 1.3263941 2.6213868 1.4501167 1.3085970 0.9958421 2.2621758 0.9168643 2.1626027 2.1304980 2.1304980 2.0747355 1.0499825 2.2409802 1.8396949 2.3392625 1.6505706 1.6505706 1.7168253 1.6907715 1.6907715 1.4524678 1.2953484 1.5410479 1.6316299 1.3940971 2.1704226 1.3207184 1.4804113 1.1135283 1.9054812 1.5229796 1.7083962 2.1747348 1.5552111 1.5807676 1.3307581 2.1653400 1.2412500 1.0312296 2.1246274 1.6860526 1.0736834 1.2777912 
evm_27.model.AmTr_v1.0_scaffold00021.296_MADS 0.1639949 0.1868661 0.3190514 0.0215204 0.0000000 0.1633497 0.1870215 0.3567093 0.4542419 0.1902233 0.3472111 0.4550676 0.4003592 0.3996979 0.6749808 1.6230849 0.1374125 0.1861809 0.0423521 0.0423521 0.0000010 0.2362577 0.2362898 1.6195487 0.1633497 0.3994668 0.3676169 0.2905821 0.3017109 0.3017109 0.0637557 0.0637557 0.1638941 0.3354136 0.2147872 0.2883108 0.2127001 0.3537847 0.3537847 0.2147872 0.3337204 0.8948652 0.3853148 0.3508528 0.3508528 0.4254425 0.4676475 0.3021685 0.3717192 0.2872063 0.3106165 0.2422212 0.7946109 0.2422212 0.5283030 0.3447097 0.3927609 0.6953549 0.9045205 0.4642416 0.4642416 0.8222228 0.5200302 0.5200302 0.8086104 0.7722364 0.4786312 0.5344307 0.5344307 0.4786312 0.5579778 0.5579778 0.4813811 0.6485488 0.6485488 0.4813811 1.1386588 0.4814115 0.7011141 0.6591546 0.5904601 0.5904601 0.6690716 0.6690716 0.7718091 1.1048217 0.6605847 0.6605847 1.1342413 2.3396117 1.0577367 1.1572041 1.3855020 0.7853015 1.1402566 1.1402566 1.0895165 1.5521482 1.4043188 0.8749008 1.1688928 1.1365050 1.1793404 1.3315843 2.6213868 1.3657341 1.3085970 0.9958421 2.1408153 0.9168643 2.0464446 1.9995912 1.9995912 1.9449040 1.0499825 2.1035745 1.8514842 2.2052984 1.5518737 1.5518737 1.7168253 1.5912336 1.5912336 1.4524678 1.1999895 1.4495260 1.5361288 1.3940971 2.1863528 1.3207184 1.4804113 1.1135283 1.9054812 1.5229796 1.7083962 2.0566134 1.5552111 1.5807676 1.2140605 2.0477347 1.2412500 1.0355062 1.9300687 1.7382963 1.0736834 1.2777912 
evm_27.model.AmTr_v1.0_scaffold00047.121_MADS 0.0647417 0.2005564 0.3027856 0.1921887 0.1633497 0.0000000 0.1563961 0.3480920 0.5007523 0.0211365 0.4008099 0.5002760 0.4696824 0.4785142 0.7273297 1.8427353 0.0422091 0.1493524 0.1679045 0.1679045 0.1633497 0.2016205 0.2016523 1.6195487 0.0000010 0.3850769 0.3249971 0.3221790 0.4390468 0.4390468 0.1655805 0.1655805 0.0420791 0.3884123 0.0426328 0.2412122 0.2025028 0.3745261 0.3745261 0.0426328 0.3001969 0.9159969 0.4050213 0.4047109 0.4047109 0.4196491 0.4491875 0.1630485 0.4286590 0.2395339 0.4304819 0.2503126 0.8133429 0.2503126 0.4563773 0.4694357 0.3788777 0.7116879 0.9251028 0.4463289 0.4463289 0.9024936 0.5439815 0.5439815 0.8281072 0.8912630 0.5121421 0.6577111 0.6577111 0.5121421 0.5788370 0.5788370 0.4922557 0.4668570 0.4668570 0.4922557 1.2302214 0.5118935 0.8254089 0.7160361 0.5824172 0.5824172 0.6567123 0.6567123 0.8087170 1.1064958 0.6756371 0.6756371 1.0272046 2.1443164 1.0585622 1.2109590 1.4242782 0.8028327 1.2084150 1.2084150 1.0860069 1.6498420 1.5043001 1.3010767 1.2835016 1.2824699 1.1856739 1.3362518 3.4169940 1.5588266 1.4389458 0.8780130 2.3824345 0.9169551 2.2773740 2.0069540 2.0069540 1.9522331 1.0780296 2.1111911 1.8360165 2.2235796 1.5120373 1.5120373 1.7579281 1.6880519 1.6880519 1.6731241 1.1299367 1.5551955 1.6662309 1.4064894 2.1261035 1.3698161 1.7623169 1.1142359 1.9210307 1.6557101 1.7670243 2.1577144 1.6876723 1.7317425 1.0794838 2.1483038 1.1492645 0.9572922 1.9700944 1.6923492 1.0736834 1.3751293 
evm_27.model.AmTr_v1.0_scaffold00047.105_MADS 0.1551387 0.2285870 0.3216720 0.2165703 0.1870215 0.1563961 0.0000000 0.4273565 0.4367650 0.1821237 0.3404172 0.3938634 0.4292621 0.3882777 0.7484375 1.7799162 0.1300325 0.2276486 0.1649725 0.1649725 0.1870215 0.2823611 0.2824058 1.3778235 0.1563961 0.4366795 0.4074377 0.2285234 0.3156116 0.3156116 0.2106368 0.2106368 0.1568898 0.3440682 0.2057992 0.1097120 0.0621825 0.3695383 0.3695383 0.2057992 0.1658353 0.8484103 0.4237960 0.4871735 0.4871735 0.4779877 0.4780339 0.1831572 0.3989697 0.1325791 0.4919804 0.3617712 0.7428679 0.3617712 0.5599918 0.5324473 0.4117724 0.6479737 0.8278175 0.4527489 0.4527489 0.8624605 0.5035790 0.5035790 0.7826765 0.7530767 0.6124787 0.6992988 0.6992988 0.6124787 0.5452585 0.5452585 0.5773670 0.6666084 0.6666084 0.5773670 1.1259797 0.4526940 0.9148264 0.6967754 0.5949239 0.5949239 0.6441933 0.6441933 0.8385931 1.1532791 0.7771256 0.7771256 1.0713909 2.3822820 1.1042028 1.2371937 1.2770884 0.8238035 1.1914642 1.1914642 1.1979967 1.6971007 1.3305923 1.3010767 1.2368826 1.2079106 1.2626471 1.4257562 3.0289070 1.5606161 1.2309108 1.0979555 2.3526362 1.0893820 2.2495233 1.9034899 1.9034899 1.8501418 0.9669768 2.0018599 1.8082976 2.1947213 1.5196863 1.5196863 1.6639084 1.7004623 1.7004623 1.5367198 1.1746986 1.5817847 1.6736111 1.4157097 2.0165743 1.2040180 1.6887545 1.0130975 1.6900509 1.6109231 1.6275691 2.0307134 1.6179417 1.6323092 1.2603703 2.0218117 1.1734832 1.0082609 1.9847807 1.7070378 1.3066874 1.3350882 
evm_27.model.AmTr_v1.0_scaffold00046.134_MADS 0.2583202 0.3133757 0.2406256 0.3922706 0.3567093 0.3480920 0.4273565 0.0000000 0.3722074 0.3829315 0.3061116 0.4574113 0.4182010 0.4080159 0.7392232 1.6189112 0.2870519 0.2598558 0.3567093 0.3567093 0.3567093 0.2558364 0.2625346 1.0810033 0.3480920 0.2612074 0.2770452 0.4007387 0.5149173 0.5149173 0.3324720 0.3324720 0.3764291 0.1555333 0.3888602 0.4609365 0.4218620 0.4491103 0.4491103 0.3888602 0.5075242 0.8518862 0.2723086 0.1319992 0.1319992 0.1311877 0.3585340 0.3876756 0.4721437 0.4583822 0.4694037 0.3571953 0.8474539 0.3571953 0.2362874 0.4861710 0.3826153 0.7567140 0.9556081 0.4629640 0.4629640 0.7151193 0.3813392 0.3813392 0.9326550 0.7325600 0.4849612 0.6720402 0.6720402 0.4849612 0.4887810 0.4887810 0.4303634 0.7708471 0.7708471 0.4303634 1.1402963 0.5302192 0.6627185 0.6991123 0.5564513 0.5564513 0.5847862 0.5847862 0.9715975 1.1255195 0.6217668 0.6217668 1.0848647 1.7164677 1.0766560 1.1696747 1.0994328 0.6738750 1.2280183 1.2280183 1.2251671 1.3221523 1.4286613 1.1639005 1.0644105 1.0113964 1.3388064 1.4104187 1.6673692 1.1915947 1.3516182 1.2262751 1.8502082 1.0933582 1.9427209 2.0086273 2.0086273 1.9541460 1.1417921 2.1125561 1.8206079 1.9575570 1.6729013 1.6729013 1.6679929 1.6527749 1.6527749 1.3732233 1.3097416 1.6847981 1.8068449 1.1780745 2.1412948 1.3840892 1.4634141 1.3007021 1.8252990 1.5490969 1.7162552 2.1064719 1.5799333 1.5202117 1.4092963 2.0972384 1.1287568 1.0742978 1.9951399 2.1814561 1.4118827 1.5782112 
evm_27.model.AmTr_v1.0_scaffold00127.17_MADS  0.4076044 0.3927627 0.2643509 0.4936971 0.4542419 0.5007523 0.4367650 0.3722074 0.0000000 0.5424607 0.3263452 0.4500397 0.5137959 0.4932232 0.8120015 1.4783138 0.4403700 0.3541112 0.4542419 0.4542419 0.4542419 0.3490262 0.4139709 1.6951054 0.5007523 0.1488263 0.4540379 0.2955223 0.2634843 0.2634843 0.4611732 0.4611732 0.5320636 0.2636761 0.5701612 0.4445471 0.3907657 0.2930154 0.2930154 0.5701612 0.4403580 0.6917146 0.1280649 0.3775725 0.3775725 0.3838239 0.1881391 0.4733878 0.4078265 0.4474056 0.6473633 0.3501484 0.8047439 0.3501484 0.4518477 0.6923087 0.4042305 0.7301214 0.8093959 0.6052727 0.6052727 0.7602136 0.3378229 0.3378229 0.8673814 0.6652778 0.6696839 0.8107706 0.8107706 0.6696839 0.6082903 0.6082903 0.6879540 0.7196848 0.7196848 0.6879540 1.1699024 0.6082062 1.0931946 0.5639524 0.6760216 0.6760216 0.6816864 0.6816864 0.6895798 1.2066191 0.7965450 0.7965450 1.1381995 2.0597787 1.2135298 0.9858240 1.3230690 0.8654385 1.0005368 1.0005368 0.9378340 1.5111149 1.3014088 0.9473816 1.2534128 1.0448402 1.0088009 1.5569715 1.7937420 1.3195188 1.3309473 1.0692677 1.8307222 1.0443085 1.7775224 1.6917523 1.6917523 1.6403686 0.9219926 1.7803138 1.6879482 1.8041082 1.3436919 1.3436919 1.6423706 1.4191549 1.4191549 1.4213453 1.0339361 1.3233043 1.4537357 1.3255574 1.8998712 1.0465296 1.3095701 1.1106333 1.6365879 1.3644180 1.5396258 1.9886380 1.4340100 1.5699278 1.0294930 1.9800032 0.9075759 1.2426772 1.8298984 1.4608716 1.2792232 1.3339751 
evm_27.model.AmTr_v1.0_scaffold00013.53_MADS  0.0879177 0.2297936 0.3364072 0.1962266 0.1902233 0.0211365 0.1821237 0.3829315 0.5424607 0.0000000 0.4377790 0.5436478 0.5031143 0.4797205 0.7481311 1.8427353 0.0644565 0.1773958 0.1954701 0.1954701 0.1902233 0.2310888 0.2311227 1.6195487 0.0211365 0.4233836 0.3489215 0.3573908 0.4774399 0.4774399 0.1928150 0.1928150 0.0642334 0.4253423 0.0650797 0.2698816 0.2293546 0.4102183 0.4102183 0.0650797 0.3336127 0.9037290 0.4459154 0.4427066 0.4427066 0.4580351 0.4906828 0.1900744 0.4654490 0.2685622 0.4710390 0.2808589 0.8376795 0.2808589 0.4963324 0.5117440 0.4168520 0.6983971 0.9526952 0.4875371 0.4875371 0.8901922 0.5883089 0.5883089 0.8535431 0.8788335 0.5553130 0.7100965 0.7100965 0.5553130 0.6263286 0.6263286 0.5373445 0.5073362 0.5073362 0.5373445 1.2108539 0.5135649 0.8109744 0.7619256 0.6300580 0.6300580 0.7085177 0.7085177 0.8546406 1.0894608 0.6756371 0.6756371 1.0123372 2.1443164 1.0427965 1.2109590 1.3991243 0.8028327 1.2084150 1.2084150 1.0860069 1.7490879 1.5043001 1.3010767 1.2835016 1.2824699 1.1856739 1.3140165 3.4169940 1.6884602 1.4389458 0.8780130 2.5948264 0.9169551 2.4774585 2.2051187 2.2051187 2.1472298 1.0780296 2.3224267 1.7987800 2.4333396 1.6421958 1.6421958 1.7579281 1.8374777 1.8374777 1.6731241 1.2428909 1.6908858 1.8120592 1.4064894 2.0811489 1.3698161 1.7623169 1.1142359 1.9210307 1.6557101 1.7670243 2.3480290 1.6876723 1.7317425 1.2126260 2.3375712 1.1492645 0.9313735 2.2737093 1.5862998 1.0736834 1.3751293 
evm_27.model.AmTr_v1.0_scaffold00001.461_MADS 0.3065681 0.4063724 0.2393445 0.3828765 0.3472111 0.4008099 0.3404172 0.3061116 0.3263452 0.4377790 0.0000000 0.3485411 0.4401073 0.3817961 0.8384163 1.8112815 0.3368154 0.3670584 0.3472111 0.3472111 0.3472111 0.3587782 0.4277078 1.2840814 0.4008099 0.4181226 0.4876933 0.3651625 0.4227221 0.4227221 0.3757984 0.3757984 0.4300347 0.2814327 0.4291863 0.3110130 0.2756721 0.4528780 0.4528780 0.4291863 0.4277033 0.7441094 0.4044996 0.3737287 0.3737287 0.3451257 0.5156917 0.4053844 0.4113443 0.3474223 0.4788793 0.3471236 0.8558155 0.3471236 0.4873816 0.5192132 0.3952909 0.7868957 0.8081995 0.6543485 0.6543485 0.8759911 0.4185068 0.4185068 0.7851523 0.6370232 0.6998878 0.5951216 0.5951216 0.6998878 0.6957169 0.6957169 0.6393859 0.6898730 0.6898730 0.6393859 1.3377581 0.5046183 0.9037299 0.7172881 0.6876421 0.6876421 0.7077298 0.7077298 0.9872397 1.3671183 0.7862913 0.7862913 1.2483060 2.1737756 1.3086461 1.1477913 1.4048229 0.9332850 1.2858264 1.2858264 1.2231085 1.5899568 1.4701286 0.8320128 1.3144790 1.0153211 1.2596433 1.6819286 2.0580173 1.5066032 1.3334122 1.2598875 2.1784929 1.1465487 2.1174512 2.0060134 2.0060134 1.9512424 1.1845666 2.1102600 1.7699843 2.3869018 1.6539367 1.6539367 1.6741349 1.7815662 1.7815662 1.2670244 1.3800594 1.6657377 1.7612283 1.1408744 1.9548403 1.2904968 1.3870904 1.1582835 1.7893058 1.5417586 1.7746877 2.0733810 1.5211481 1.6869628 1.5096203 2.0642200 1.1835971 1.4493093 1.9956950 1.7318102 1.3783314 1.2362528 
evm_27.model.AmTr_v1.0_scaffold00066.97_MADS  0.4646103 0.4767600 0.3836349 0.4970736 0.4550676 0.5002760 0.3938634 0.4574113 0.4500397 0.5436478 0.3485411 0.0000000 0.1573032 0.3484102 1.0245938 2.1811240 0.4550086 0.4737490 0.4165886 0.4165886 0.4550676 0.4308087 0.5424540 1.1302789 0.5002760 0.4996737 0.5454410 0.4106168 0.4503535 0.4503535 0.4460541 0.4460541 0.4718305 0.4553699 0.5725042 0.4322092 0.4163185 0.5314285 0.5314285 0.5725042 0.4739588 0.9696490 0.4888773 0.5330772 0.5330772 0.4564282 0.5058134 0.4511446 0.3238034 0.4069648 0.5072380 0.4904419 1.0323984 0.4904419 0.5326425 0.5472666 0.5447738 0.9134695 0.9647366 0.6351858 0.6351858 1.0692415 0.4393296 0.4393296 1.0072333 0.9642410 0.7229000 0.7240597 0.7240597 0.7229000 0.7452066 0.7452066 0.6917143 0.9508540 0.9508540 0.6917143 1.4184365 0.5838698 0.7399055 0.8386572 0.8037160 0.8037160 0.7846465 0.7846465 1.0381468 1.3375816 0.8057131 0.8057131 1.2429778 2.5518036 1.2597279 1.4350197 1.3351568 0.6948332 1.4362839 1.4362839 1.3472834 1.8605131 1.4036731 1.1035159 1.2142272 1.4288629 1.3865646 1.6335393 2.9935431 1.4916554 1.2159170 1.3078108 2.2463604 1.4324669 2.1822706 1.8132987 1.8132987 1.7590667 1.1999944 1.9105943 1.6971693 2.2605804 1.7417321 1.7417321 1.8638749 1.8581423 1.8581423 1.5718148 1.3652559 1.7436718 1.8371106 1.4356851 1.8455479 1.3112001 1.4782767 1.2973931 2.0952822 1.5736597 1.7957206 2.0970634 1.5522698 1.9546118 1.4029260 2.0875239 1.4761503 1.4149973 1.7921769 2.1077925 0.7606186 1.0720597 
evm_27.model.AmTr_v1.0_scaffold00001.225_MADS 0.4080537 0.4443675 0.3754404 0.4099757 0.4003592 0.4696824 0.4292621 0.4182010 0.5137959 0.5031143 0.4401073 0.1573032 0.0000000 0.3622156 0.9251115 2.0632264 0.3996434 0.4412425 0.4249811 0.4249811 0.4003592 0.4002561 0.5074528 1.5633125 0.4696824 0.4526751 0.4011650 0.4400450 0.5297236 0.5297236 0.4542240 0.4542240 0.4419782 0.3886156 0.5399807 0.4635554 0.3901322 0.6184647 0.6184647 0.5399807 0.4851424 0.9787272 0.4404184 0.4775286 0.4775286 0.3990727 0.4902437 0.4846079 0.2920772 0.4100442 0.4632389 0.5367907 0.9936528 0.5367907 0.4985313 0.5012741 0.5102442 0.8696774 1.0291269 0.6420910 0.6420910 1.1032021 0.4985886 0.4985886 0.9655344 1.0001533 0.7839948 0.6944989 0.6944989 0.7839948 0.7518707 0.7518707 0.7259863 0.9912497 0.9912497 0.7259863 1.3568399 0.4657470 0.6316040 0.8962211 0.7902979 0.7902979 0.8001507 0.8001507 1.0445445 1.2534319 0.7023027 0.7023027 1.2049228 2.1825242 1.1805778 1.4598427 1.3252451 0.6136510 1.3489039 1.3489039 1.3687024 1.7438238 1.4280396 1.1035159 1.2449521 1.4333376 1.4202513 1.5256300 2.8223747 1.3703221 1.2155256 1.3591391 2.1585891 1.2910681 2.0621860 1.8005380 1.8005380 1.7478220 1.2238866 1.8946567 1.6879843 2.1661119 1.7405423 1.7405423 1.8049731 1.8863717 1.8863717 1.5718148 1.3102894 1.7424160 1.8273949 1.3204173 1.9665507 1.4986762 1.5709145 1.4046306 2.1185318 1.7156678 1.7978267 2.3639929 1.7090042 1.8456030 1.3563350 2.3533151 1.4894552 1.2450958 1.8039184 2.0605504 1.2016668 1.0592852 
evm_27.model.AmTr_v1.0_scaffold00089.36_MADS  0.4439443 0.4900622 0.3844880 0.4081749 0.3996979 0.4785142 0.3882777 0.4080159 0.4932232 0.4797205 0.3817961 0.3484102 0.3622156 0.0000000 0.8904051 1.8349192 0.4353195 0.4690696 0.3996979 0.3996979 0.3996979 0.4295275 0.4748300 1.9522248 0.4785142 0.4831830 0.5438917 0.4074122 0.5705136 0.5705136 0.3953627 0.3953627 0.4524590 0.4167161 0.5244912 0.3433652 0.3245913 0.6116319 0.6116319 0.5244912 0.4138809 1.0161418 0.4725755 0.5330692 0.5330692 0.4903159 0.5294042 0.5091604 0.4586492 0.3055644 0.6455541 0.5232244 0.9516325 0.5232244 0.5909565 0.6667142 0.4457760 0.9504051 0.8965479 0.6558238 0.6558238 1.0446114 0.5355121 0.5355121 1.0191943 0.8472092 0.7404958 0.7545170 0.7545170 0.7404958 0.7191824 0.7191824 0.6566321 0.9424271 0.9424271 0.6566321 1.3582072 0.4479383 0.6655868 0.8812997 0.8000291 0.8000291 0.7636875 0.7636875 0.9684437 1.3189324 0.7441507 0.7441507 1.2455282 2.8278527 1.2295697 1.3847091 1.3692906 0.7686058 1.3770990 1.3770990 1.2851775 1.6429733 1.6378205 0.8209565 1.2386763 1.2821411 1.3457584 1.6141099 2.0113558 1.4605704 1.4083609 1.2907958 1.8844331 1.2988861 1.8390001 2.1776886 2.1776886 2.1203925 1.4614231 2.2929584 1.8085139 2.1676283 1.6204611 1.6204611 1.5199752 1.7373062 1.7373062 1.0108926 1.3834274 1.5679118 1.7475708 1.3753516 1.9218457 1.6297039 1.4509876 1.3055534 2.1928223 1.6748461 1.8014319 2.2378985 1.6969374 1.7255380 1.4958960 2.2278795 1.3845136 1.4028249 2.4422798 2.0089381 1.0999663 1.1883127 
evm_27.model.AmTr_v1.0_scaffold00013.60_MADS  0.7206237 0.6817572 0.7130409 0.6215728 0.6749808 0.7273297 0.7484375 0.7392232 0.8120015 0.7481311 0.8384163 1.0245938 0.9251115 0.8904051 0.0000000 1.3622532 0.6693211 0.6148485 0.7019048 0.7019048 0.6749808 0.6527677 0.6412365 3.8756826 0.7273297 0.7610003 0.6926328 0.6195467 0.7270288 0.7270288 0.7124005 0.7124005 0.8033981 0.6936401 0.8118214 0.8741308 0.7516314 0.8084262 0.8084262 0.8118214 0.9228057 1.4312929 0.7622353 0.8072269 0.8072269 0.9159743 0.8844757 0.7701786 0.8200260 0.9133513 0.7093193 0.8333181 1.3370678 0.8333181 0.9344689 0.7567188 0.9139943 1.2647586 1.3681984 0.9791633 0.9791633 1.3191216 0.9940205 0.9940205 1.5307718 1.3478674 0.9454399 0.9685749 0.9685749 0.9454399 0.8626991 0.8626991 0.9771206 0.9867498 0.9867498 0.9771206 1.4470594 0.9097539 1.2050195 1.1803778 0.9161346 0.9161346 0.9959409 0.9959409 1.2499622 1.4358872 1.0308646 1.0308646 1.5362353 3.3796589 1.6374929 1.1560072 1.6903627 1.1042616 1.2207562 1.2207562 1.1785132 1.2894243 1.1219940 1.6596723 1.2774965 1.1691564 1.1314272 1.6249615 2.9671305 1.4782827 1.3150502 1.3429553 2.1068562 1.1072441 2.2122855 2.2120341 2.2120341 2.1360234 1.2361077 2.0983038 1.9670332 2.0433130 2.1190909 2.1190909 1.9249158 2.0374408 2.0374408 1.2334003 1.2037291 1.8293218 1.8664343 1.4667689 2.1347131 1.6299197 1.6945983 1.1227552 1.7754732 1.6863804 1.4877603 2.8480357 1.6033772 1.5983223 1.4632480 2.9333308 0.9754164 1.7789361 2.4025382 1.4545073 1.7280161 1.3081924 
evm_27.model.AmTr_v1.0_scaffold00095.150_MADS 1.8128802 1.3906294 1.6198345 1.6230849 1.6230849 1.8427353 1.7799162 1.6189112 1.4783138 1.8427353 1.8112815 2.1811240 2.0632264 1.8349192 1.3622532 0.0000000 1.7625139 1.4531190 1.6202270 1.6202270 1.6230849 1.4527060 1.3762965 1.2279012 1.8427353 1.4824268 1.8224935 1.4181784 1.4941989 1.4941989 1.6481369 1.6481369 1.7632226 1.5268025 1.9570357 1.7459858 1.7595873 1.6675938 1.6675938 1.9570357 1.7387992 1.4573552 1.4824268 1.6130284 1.6130284 1.8158590 1.6808064 1.4933327 1.7850834 1.7677582 1.5007577 1.7010802 1.3566938 1.7010802 1.6947718 1.5471737 1.6532477 1.6650870 1.7113644 1.7348163 1.7348163 1.4706777 1.6075539 1.6075539 1.5080989 1.4309841 1.9842013 1.4179613 1.4179613 1.9842013 1.7091598 1.7091598 1.8995195 1.9902716 1.9902716 1.8995195 1.7288010 1.9607599 1.7831991 1.3928142 1.9119340 1.9119340 1.8280561 1.8280561 1.5126770 1.8679975 1.5748851 1.5748851 2.3200438 1.3449657 2.3067382 0.5299513 1.9340246 1.7664989 0.6305137 0.6305137 0.5655156 0.7390010 0.9545128 2.7243859 0.7563244 0.4957549 0.6159604 2.5277006 2.2418497 1.4834252 0.9861450 0.7062290 1.8107093 0.8010941 1.8055518 1.6166596 1.6166596 1.5440879 2.4587541 1.7123639 0.9126436 1.8364569 1.9688402 1.9688402 1.2412478 2.0455523 2.0455523 2.3468601 2.0304930 1.9674581 2.1425857 1.0444217 1.2442165 2.7601834 3.4659827 1.9084352 2.6423808 3.1458382 2.7523842 1.6802048 3.3308067 0.8279985 1.4767310 1.7337788 1.5880218 2.4852703 1.4216743 0.7515109 1.0017649 1.7613407 
AT2G45650.1_PACid_19638787_10_57              0.0209811 0.1646429 0.2428400 0.1651264 0.1374125 0.0422091 0.1300325 0.2870519 0.4403700 0.0644565 0.3368154 0.4550086 0.3996434 0.4353195 0.6693211 1.7625139 0.0000000 0.1162282 0.1639920 0.1639920 0.1374125 0.1654274 0.1654583 1.6195487 0.0422091 0.3186045 0.2625436 0.2974660 0.4073484 0.4073484 0.1617581 0.1617581 0.0854816 0.3245110 0.0865874 0.2195292 0.1533511 0.3442023 0.3442023 0.0865874 0.2573793 0.8332388 0.3346825 0.3391549 0.3391549 0.3540228 0.3890760 0.1353682 0.3657706 0.2175741 0.3780596 0.2229568 0.7372663 0.2229568 0.4558520 0.4147683 0.3601652 0.6416188 0.8446933 0.3866926 0.3866926 0.8186069 0.4803942 0.4803942 0.7493558 0.8056516 0.4828244 0.5914401 0.5914401 0.4828244 0.5111455 0.5111455 0.4516904 0.5109585 0.5109585 0.4516904 1.1258158 0.4357885 0.7808517 0.6640496 0.5423536 0.5423536 0.6140900 0.6140900 0.7768819 1.0149051 0.6879378 0.6879378 0.9759270 2.0830777 0.9712020 1.1544025 1.3005082 0.7529015 1.1111235 1.1111235 1.0606496 1.5626709 1.4366929 1.3010767 1.2087333 1.2203801 1.1668854 1.2294584 2.8993302 1.5011173 1.3749025 0.8577829 2.2664892 0.9008783 2.1662297 1.8147004 1.8147004 1.7620189 0.9888087 1.9091599 1.7523120 2.1066613 1.4277638 1.4277638 1.7460909 1.5945786 1.5945786 1.5367198 1.0498450 1.4683202 1.5745320 1.3447142 2.0328976 1.2560553 1.6613379 1.0890299 1.7398806 1.5607946 1.6023359 2.0716464 1.5924753 1.6513474 1.0763364 2.0625722 1.1173885 0.9031652 1.8604640 1.5909143 1.0736834 1.2337320 
AT4G11880.1_PACid_19643844_10_57              0.1428048 0.0422369 0.1910205 0.2155046 0.1861809 0.1493524 0.2276486 0.2598558 0.3541112 0.1773958 0.3670584 0.4737490 0.4412425 0.4690696 0.6148485 1.4531190 0.1162282 0.0000000 0.1862551 0.1862551 0.1861809 0.0423689 0.0423877 1.7905314 0.1493524 0.2725794 0.2816630 0.2359863 0.3350485 0.3350485 0.1894358 0.1894358 0.2005246 0.2955931 0.2032457 0.3276565 0.2786637 0.2766087 0.2766087 0.2032457 0.3114943 0.7473495 0.2855682 0.3092340 0.3092340 0.3240126 0.3565313 0.2261599 0.4133220 0.3304330 0.3665219 0.1621614 0.6829218 0.1621614 0.4061619 0.4017974 0.3503837 0.5912970 0.7880743 0.3855543 0.3855543 0.7149435 0.4438000 0.4438000 0.6930817 0.7039350 0.4836231 0.5561483 0.5561483 0.4836231 0.5126018 0.5126018 0.4886548 0.6718253 0.6718253 0.4886548 1.1459419 0.4679571 0.7368234 0.6097878 0.5520983 0.5520983 0.6265170 0.6265170 0.7378088 1.0302942 0.6331920 0.6331920 0.9952324 2.2645961 1.0122168 0.9602996 1.1928501 0.6874528 0.9987369 0.9987369 0.9357113 1.3819445 1.2823178 0.8528014 1.0510800 1.0248644 1.0330039 1.2410619 1.9132771 1.4668332 1.2412740 0.8728665 1.9789604 0.9398427 1.8924599 1.7049785 1.7049785 1.6539730 0.9965742 1.7931922 1.6104909 1.9576187 1.4223782 1.4223782 1.7713565 1.5238272 1.5238272 1.3732233 1.0245267 1.4019686 1.5049360 1.1525440 1.9739921 1.2257920 1.4228455 1.1175730 1.7278003 1.3530216 1.5820022 1.9282572 1.3837917 1.5340649 1.0449730 1.9200027 1.1424743 1.0912798 1.6898396 1.5120234 1.1875377 1.0301475 
AT4G09960.1_PACid_19648309_10_57              0.1916596 0.1869407 0.3418851 0.0655024 0.0423521 0.1679045 0.1649725 0.3567093 0.4542419 0.1954701 0.3472111 0.4165886 0.4249811 0.3996979 0.7019048 1.6202270 0.1639920 0.1862551 0.0000000 0.0000010 0.0423521 0.2363425 0.2363747 1.6195487 0.1679045 0.4236101 0.4209497 0.2819848 0.3239163 0.3239163 0.0637557 0.0637557 0.1684827 0.3354136 0.2205413 0.2952499 0.2414712 0.3765908 0.3765908 0.2205413 0.3439818 0.9086763 0.4104892 0.3508528 0.3508528 0.4254425 0.5020905 0.2789409 0.4002388 0.2942434 0.3454849 0.2388437 0.8075143 0.2388437 0.5024040 0.3807694 0.3927609 0.7073541 0.9179164 0.4771874 0.4771874 0.8770794 0.5270771 0.5270771 0.8219315 0.8097808 0.4913997 0.5084359 0.5084359 0.4913997 0.5727985 0.5727985 0.5216528 0.6617290 0.6617290 0.5216528 1.1003174 0.5067895 0.7492798 0.6662092 0.6241485 0.6241485 0.7050663 0.7050663 0.7652830 1.1031835 0.7086526 0.7086526 1.1228095 2.3396117 1.0561130 1.1540276 1.4257894 0.8241255 1.1582357 1.1582357 1.1077506 1.5493746 1.4241722 0.8320128 1.1245418 1.1552109 1.1982064 1.3299797 2.2854455 1.4351419 1.3056129 1.0131502 2.0648832 0.9042972 1.9746051 2.0307379 2.0307379 1.9758176 1.0171226 2.1361808 1.8891994 2.2370591 1.5411136 1.5411136 1.6959990 1.6846315 1.6846315 1.4524678 1.2077765 1.5334982 1.6249584 1.3909931 2.2088910 1.2811722 1.4232168 1.1243831 1.9481974 1.5402999 1.7472123 2.0847928 1.5726672 1.5777634 1.2235104 2.0757947 1.2553623 1.0671336 1.9760173 1.7820755 1.0736834 1.3350882 
AT4G09960.4_PACid_19648308_10_57              0.1916596 0.1869407 0.3418851 0.0655024 0.0423521 0.1679045 0.1649725 0.3567093 0.4542419 0.1954701 0.3472111 0.4165886 0.4249811 0.3996979 0.7019048 1.6202270 0.1639920 0.1862551 0.0000010 0.0000000 0.0423521 0.2363425 0.2363747 1.6195487 0.1679045 0.4236101 0.4209497 0.2819848 0.3239163 0.3239163 0.0637557 0.0637557 0.1684827 0.3354136 0.2205413 0.2952499 0.2414712 0.3765908 0.3765908 0.2205413 0.3439818 0.9086763 0.4104892 0.3508528 0.3508528 0.4254425 0.5020905 0.2789409 0.4002388 0.2942434 0.3454849 0.2388437 0.8075143 0.2388437 0.5024040 0.3807694 0.3927609 0.7073541 0.9179164 0.4771874 0.4771874 0.8770794 0.5270771 0.5270771 0.8219315 0.8097808 0.4913997 0.5084359 0.5084359 0.4913997 0.5727985 0.5727985 0.5216528 0.6617290 0.6617290 0.5216528 1.1003174 0.5067895 0.7492798 0.6662092 0.6241485 0.6241485 0.7050663 0.7050663 0.7652830 1.1031835 0.7086526 0.7086526 1.1228095 2.3396117 1.0561130 1.1540276 1.4257894 0.8241255 1.1582357 1.1582357 1.1077506 1.5493746 1.4241722 0.8320128 1.1245418 1.1552109 1.1982064 1.3299797 2.2854455 1.4351419 1.3056129 1.0131502 2.0648832 0.9042972 1.9746051 2.0307379 2.0307379 1.9758176 1.0171226 2.1361808 1.8891994 2.2370591 1.5411136 1.5411136 1.6959990 1.6846315 1.6846315 1.4524678 1.2077765 1.5334982 1.6249584 1.3909931 2.2088910 1.2811722 1.4232168 1.1243831 1.9481974 1.5402999 1.7472123 2.0847928 1.5726672 1.5777634 1.2235104 2.0757947 1.2553623 1.0671336 1.9760173 1.7820755 1.0736834 1.3350882 
AT4G18960.1_PACid_19647337_26_73              0.1639949 0.1868661 0.3190514 0.0215204 0.0000010 0.1633497 0.1870215 0.3567093 0.4542419 0.1902233 0.3472111 0.4550676 0.4003592 0.3996979 0.6749808 1.6230849 0.1374125 0.1861809 0.0423521 0.0423521 0.0000000 0.2362577 0.2362898 1.6195487 0.1633497 0.3994668 0.3676169 0.2905821 0.3017109 0.3017109 0.0637557 0.0637557 0.1638941 0.3354136 0.2147872 0.2883108 0.2127001 0.3537847 0.3537847 0.2147872 0.3337204 0.8948652 0.3853148 0.3508528 0.3508528 0.4254425 0.4676475 0.3021685 0.3717192 0.2872063 0.3106165 0.2422212 0.7946109 0.2422212 0.5283030 0.3447097 0.3927609 0.6953549 0.9045205 0.4642416 0.4642416 0.8222228 0.5200302 0.5200302 0.8086104 0.7722364 0.4786312 0.5344307 0.5344307 0.4786312 0.5579778 0.5579778 0.4813811 0.6485488 0.6485488 0.4813811 1.1386588 0.4814115 0.7011141 0.6591546 0.5904601 0.5904601 0.6690716 0.6690716 0.7718091 1.1048217 0.6605847 0.6605847 1.1342413 2.3396117 1.0577367 1.1572041 1.3855020 0.7853015 1.1402566 1.1402566 1.0895165 1.5521482 1.4043188 0.8749008 1.1688928 1.1365050 1.1793404 1.3315843 2.6213868 1.3657341 1.3085970 0.9958421 2.1408153 0.9168643 2.0464446 1.9995912 1.9995912 1.9449040 1.0499825 2.1035745 1.8514842 2.2052984 1.5518737 1.5518737 1.7168253 1.5912336 1.5912336 1.4524678 1.1999895 1.4495260 1.5361288 1.3940971 2.1863528 1.3207184 1.4804113 1.1135283 1.9054812 1.5229796 1.7083962 2.0566134 1.5552111 1.5807676 1.2140605 2.0477347 1.2412500 1.0355062 1.9300687 1.7382963 1.0736834 1.2777912 
AT2G45660.1_PACid_19641052_10_57              0.1684803 0.0858106 0.2137286 0.2671317 0.2362577 0.2016205 0.2823611 0.2558364 0.3490262 0.2310888 0.3587782 0.4308087 0.4002561 0.4295275 0.6527677 1.4527060 0.1654274 0.0423689 0.2363425 0.2363425 0.2362577 0.0000000 0.0861506 1.7905314 0.2016205 0.2959365 0.3045542 0.2655867 0.3656514 0.3656514 0.2402492 0.2402492 0.1997628 0.2910993 0.2571603 0.3262475 0.2774149 0.2753680 0.2753680 0.2571603 0.3100901 0.7463535 0.3099775 0.3045093 0.3045093 0.3192109 0.3803629 0.2003947 0.3834269 0.2706414 0.3987970 0.1615679 0.7279959 0.1615679 0.3978293 0.4348685 0.3500156 0.6307325 0.8265189 0.4200927 0.4200927 0.7221573 0.4377204 0.4377204 0.7092168 0.7113308 0.5090752 0.5930841 0.5930841 0.5090752 0.5501894 0.5501894 0.5160600 0.6759868 0.6759868 0.5160600 1.1885729 0.4895495 0.7591016 0.6496683 0.5909789 0.5909789 0.6673704 0.6673704 0.8156375 1.0852757 0.6555796 0.6555796 1.0442338 2.2645961 1.0664298 0.9770382 1.1976775 0.7165198 1.0111308 1.0111308 0.9326136 1.4038298 1.2800790 0.8528014 1.0640281 1.0158685 1.0299251 1.3030943 1.9132771 1.4394913 1.2226530 0.8698699 1.9463923 0.9367831 1.8605611 1.6703446 1.6703446 1.6192661 1.0578823 1.7577667 1.6351027 1.9231218 1.3930831 1.3930831 1.6281749 1.4931704 1.4931704 1.3732233 0.9962035 1.3727622 1.4746823 1.1579817 1.9945908 1.2995168 1.4855252 1.1860258 1.7937808 1.4308911 1.6697878 1.9058644 1.4620323 1.5309828 1.0097428 1.8976611 1.1424743 1.1995725 1.6366877 1.5529596 1.1819211 1.0892428 
AT4G22950.1_PACid_19647692_10_57              0.1936160 0.0858381 0.2451224 0.2671699 0.2362898 0.2016523 0.2824058 0.2625346 0.4139709 0.2311227 0.4277078 0.5424540 0.5074528 0.4748300 0.6412365 1.3762965 0.1654583 0.0423877 0.2363747 0.2363747 0.2362898 0.0861506 0.0000000 1.7905314 0.2016523 0.3308977 0.3390235 0.2921754 0.3931342 0.3931342 0.1911284 0.1911284 0.2538662 0.3533840 0.2358451 0.3313451 0.3344199 0.3111934 0.3111934 0.2358451 0.3711375 0.7696448 0.3469516 0.3684871 0.3684871 0.3830382 0.4181916 0.2810533 0.4327992 0.3896458 0.3913837 0.2116883 0.6389456 0.2116883 0.4314140 0.4055173 0.3546393 0.6676073 0.8742481 0.4285390 0.4285390 0.6660818 0.5097798 0.5097798 0.7780288 0.7146093 0.5521684 0.5601891 0.5601891 0.5521684 0.5197137 0.5197137 0.5341983 0.6910204 0.6910204 0.5341983 1.1364658 0.5364731 0.7924993 0.6409224 0.6031620 0.6031620 0.6357634 0.6357634 0.7672828 1.1398096 0.6868116 0.6868116 0.9886771 2.2645961 1.0887908 1.0079450 1.2257335 0.7469364 0.9518654 0.9518654 0.9509943 1.2962408 1.3388739 0.8528014 0.9788093 0.9743238 1.0489621 1.3653178 1.9132771 1.6168451 1.2669631 0.8872138 2.1775303 0.9878286 2.0818299 1.9009126 1.9009126 1.8476628 1.0467402 1.9989912 1.5249235 2.1671303 1.5764318 1.5764318 1.6745417 1.6893264 1.6893264 1.3732233 1.1670864 1.5552568 1.6672842 1.2077040 1.8699812 1.2849634 1.3249339 1.1352228 1.7174440 1.2596983 1.5808585 1.9632707 1.2898611 1.4675770 1.2239608 1.8489087 1.1424743 1.2462137 1.9970401 1.5947814 1.1875377 1.1667213 
AT4G22950.1_PACid_19647692_94_105             1.6195487 1.7905314 1.0502539 1.6195487 1.6195487 1.6195487 1.3778235 1.0810033 1.6951054 1.6195487 1.2840814 1.1302789 1.5633125 1.9522248 3.8756826 1.2279012 1.6195487 1.7905314 1.6195487 1.6195487 1.6195487 1.7905314 1.7905314 0.0000000 1.6195487 1.2215037 1.0322214 1.1725137 1.2132078 1.2132078 1.6195487 1.6195487 1.6195487 0.8957995 1.6195487 1.6787124 1.3778235 1.2132078 1.2132078 1.6195487 1.2646711 1.9541387 1.2215037 1.0810033 1.0810033 1.1192863 1.7409439 1.2862900 1.5181451 1.4356723 1.2646596 1.6195487 1.5896701 1.6195487 1.1192863 1.2646596 1.2775612 1.9262672 2.3822910 1.3696017 1.3696017 2.1044717 1.0302827 1.0302827 2.4226966 1.5953121 1.1234809 1.9514897 1.9514897 1.1234809 1.3153122 1.3153122 1.1234809 2.1382441 2.1382441 1.1234809 2.0310764 1.3975958 1.3632128 1.1444111 1.1759060 1.1759060 1.3251591 1.3251591 1.7666211 1.4251008 1.4456197 1.4456197 1.9496387 1.0071838 1.7846365 1.3421093 1.5849862 1.3224268 0.9911300 0.9911300 1.8100471 2.1810400 2.8585220 9.0000000 1.3480071 1.2666214 1.9685646 3.2633126 2.7303134 2.3044910 2.3003226 1.7423878 1.7716741 1.2397637 1.7716741 3.8095376 3.8095376 3.8095376 2.7883456 4.6851296 1.5877265 1.7716741 3.7797519 3.7797519 0.8804791 3.7797519 3.7797519 9.0000000 3.7408963 3.7797519 3.8937935 1.1038326 1.6489014 3.1058724 2.2103659 1.9641594 4.3880397 2.1752704 5.8432769 1.7523706 2.1987589 1.7960295 2.9954336 1.7523706 1.9397039 1.5552867 2.2659119 1.5580094 1.4462824 0.0000010 
AT1G24260.3_PACid_19651405_10_57              0.0647417 0.2005564 0.3027856 0.1921887 0.1633497 0.0000010 0.1563961 0.3480920 0.5007523 0.0211365 0.4008099 0.5002760 0.4696824 0.4785142 0.7273297 1.8427353 0.0422091 0.1493524 0.1679045 0.1679045 0.1633497 0.2016205 0.2016523 1.6195487 0.0000000 0.3850769 0.3249971 0.3221790 0.4390468 0.4390468 0.1655805 0.1655805 0.0420791 0.3884123 0.0426328 0.2412122 0.2025028 0.3745261 0.3745261 0.0426328 0.3001969 0.9159969 0.4050213 0.4047109 0.4047109 0.4196491 0.4491875 0.1630485 0.4286590 0.2395339 0.4304819 0.2503126 0.8133429 0.2503126 0.4563773 0.4694357 0.3788777 0.7116879 0.9251028 0.4463289 0.4463289 0.9024936 0.5439815 0.5439815 0.8281072 0.8912630 0.5121421 0.6577111 0.6577111 0.5121421 0.5788370 0.5788370 0.4922557 0.4668570 0.4668570 0.4922557 1.2302214 0.5118935 0.8254089 0.7160361 0.5824172 0.5824172 0.6567123 0.6567123 0.8087170 1.1064958 0.6756371 0.6756371 1.0272046 2.1443164 1.0585622 1.2109590 1.4242782 0.8028327 1.2084150 1.2084150 1.0860069 1.6498420 1.5043001 1.3010767 1.2835016 1.2824699 1.1856739 1.3362518 3.4169940 1.5588266 1.4389458 0.8780130 2.3824345 0.9169551 2.2773740 2.0069540 2.0069540 1.9522331 1.0780296 2.1111911 1.8360165 2.2235796 1.5120373 1.5120373 1.7579281 1.6880519 1.6880519 1.6731241 1.1299367 1.5551955 1.6662309 1.4064894 2.1261035 1.3698161 1.7623169 1.1142359 1.9210307 1.6557101 1.7670243 2.1577144 1.6876723 1.7317425 1.0794838 2.1483038 1.1492645 0.9572922 1.9700944 1.6923492 1.0736834 1.3751293 
AT2G22540.1_PACid_19641563_10_57              0.3555495 0.3092091 0.1570437 0.4385455 0.3994668 0.3850769 0.4366795 0.2612074 0.1488263 0.4233836 0.4181226 0.4996737 0.4526751 0.4831830 0.7610003 1.4824268 0.3186045 0.2725794 0.4236101 0.4236101 0.3994668 0.2959365 0.3308977 1.2215037 0.3850769 0.0000000 0.3144833 0.3421782 0.3582132 0.3582132 0.4303324 0.4303324 0.4463337 0.3193585 0.4519694 0.4447916 0.3665794 0.3303548 0.3303548 0.4519694 0.3961703 0.7145736 0.0000010 0.3787062 0.3787062 0.3136844 0.0966160 0.4055478 0.4856598 0.4261896 0.5245267 0.3398457 0.7291552 0.3398457 0.3459142 0.5671372 0.4741810 0.6593624 0.7380569 0.5369533 0.5369533 0.7832276 0.3546025 0.3546025 0.7438715 0.7724742 0.5994369 0.6814623 0.6814623 0.5994369 0.6745336 0.6745336 0.5750938 0.7181743 0.7181743 0.5750938 1.1983811 0.5327604 0.8497366 0.6262614 0.7097382 0.7097382 0.7149975 0.7149975 0.6660484 1.0640603 0.6616491 0.6616491 1.0277461 1.5252270 1.0711235 1.1332098 0.9605984 0.6688583 1.1259929 1.1259929 1.1881901 1.4498652 1.2574226 0.9473816 1.2649819 1.0828576 1.2675963 1.3764410 1.7937420 1.1855820 1.2174163 1.3017089 1.6200029 1.1690822 1.6990816 1.7853614 1.7853614 1.7337264 0.9256469 1.8770539 1.9594695 1.5837505 1.4283946 1.4283946 1.8663970 1.3804241 1.3804241 1.4213453 1.1227006 1.4076348 1.5436053 1.4138851 2.2094799 1.1648620 1.3899299 1.1878738 1.5682802 1.4466119 1.4794808 2.0750864 1.5198307 1.6076670 1.0474619 2.0659905 0.9248027 1.0344477 1.9845079 1.8162658 1.5243467 1.4493365 
