116
evm_27.model.AmTr_v1.0_scaffold00001.413_Kbox 0.0000000 0.8442773 1.3963895 0.6004813 1.3281064 0.6968474 1.5433723 1.1976520 1.1793712 1.8516864 1.7917861 1.5955396 1.5699451 1.6245860 1.6118795 2.6344763 0.8049924 0.7911237 0.9327697 0.9327697 0.4803513 1.1202552 1.1202552 1.2710596 1.2710596 1.2883778 1.1711954 0.7508673 0.7508673 1.0771223 1.3618672 2.6688142 1.0771223 0.6618893 0.7760718 1.1711954 0.6618893 1.2631328 1.2235885 2.2828274 0.5702681 1.5800910 5.1276541 0.9702489 1.4464551 2.2778972 0.9702489 1.5466417 1.1079540 1.5229445 1.5229445 1.6006251 1.6006251 2.0661179 1.6348267 1.6363567 1.7491464 1.6363567 1.0644189 1.4389422 1.4221050 1.9829865 1.9829865 1.8187408 1.8187408 3.0991297 2.3484268 1.5087501 1.3897239 2.2828274 1.4519569 2.0661179 1.5523548 1.6828412 1.6828412 2.7155993 3.3504648 2.6643907 3.8209488 1.5322433 1.5006860 1.6586288 1.5006860 1.6460877 1.7571878 1.6460877 1.7571878 1.3105427 1.4402307 1.4402307 1.6123025 1.2945432 2.3538460 1.5757973 2.2912114 2.2876667 2.6404300 4.6652711 2.7415048 2.7415048 2.7540694 2.8422587 3.2830126 3.8718473 3.8718473 1.4894093 3.1815826 2.5442297 3.0909817 1.4090347 1.6263128 2.2977607 2.2419924 1.8967799 1.7342652 1.8890080 
evm_27.model.AmTr_v1.0_scaffold00047.105_Kbox 0.8442773 0.0000000 1.3404365 0.8820720 1.4876608 0.9308496 1.7957065 1.3400703 1.2743733 1.9724260 1.9394318 1.9427653 1.9466674 1.8541019 1.8014422 3.1732743 0.6616232 0.5987215 0.7265030 0.7265030 1.1257256 1.4682458 1.4682458 1.5608080 1.5608080 1.2321142 1.5667073 1.1243541 1.1243541 1.3135303 1.5834453 2.3362332 1.3135303 0.9541408 1.1402750 1.5667073 0.9541408 1.4036497 1.6260322 1.4157194 1.1604036 1.7115224 2.0239678 1.1875588 1.9698270 1.6578249 1.1875588 1.4132903 0.9983412 1.7868684 1.7868684 1.6808066 1.6808066 2.1466494 1.8565573 1.9841653 1.8115628 1.9841653 1.3040475 2.0364352 1.7710774 1.8920129 1.8920129 2.0268806 2.0268806 5.8973546 2.4162586 1.9809845 1.5294318 1.4157194 1.5762376 2.1466494 1.8235426 2.0437344 2.0437344 2.8538210 4.0389104 2.8993648 4.5959441 1.7489878 1.7029219 1.8491082 1.7029219 1.8634931 1.9474823 1.8634931 1.9474823 1.4675181 1.4911845 1.4911845 1.9563207 1.6489661 2.5696900 2.0784911 2.2341944 2.1363606 3.0835748 6.1399950 3.0313382 3.0313382 2.7268037 3.0024974 3.2374124 4.2777484 4.2777484 2.2330558 2.7482100 3.4759626 2.9446973 1.9510850 2.4788481 2.3374751 2.7399553 2.3108250 2.4381808 2.3068828 
evm_27.model.AmTr_v1.0_scaffold00071.203_Kbox 1.3963895 1.3404365 0.0000000 1.4482125 1.3262957 1.5158058 0.3423425 1.5472183 1.4107724 1.8565540 1.9427189 1.9460638 1.5614987 1.7958059 1.6899244 2.0093891 1.3521220 1.4445818 1.1983869 1.1983869 1.2729120 0.4344531 0.4344531 0.4746010 0.4746010 1.2666240 0.4911026 1.7545861 1.7545861 0.3951948 1.2709693 1.9610966 0.3951948 1.4782313 1.8391860 0.4911026 1.4782313 1.0834171 1.1985844 1.9016365 1.3762505 1.4148600 2.3589582 1.4291886 1.3508667 1.8653146 1.4291886 1.1093382 1.4802823 1.5479099 1.5479099 1.6869237 1.6869237 2.3005163 1.8333065 1.8144853 1.4947376 1.8144853 0.4138378 1.9876880 1.8172679 2.5825959 2.5825959 1.7179151 1.7179151 2.6452489 2.3206139 2.0511927 1.4198835 1.9016365 1.7636736 2.3005163 1.5435873 1.9258525 1.9258525 3.1043778 3.6232561 2.7304973 3.2892332 2.1808391 2.1263290 2.0566329 2.1263290 2.0567875 2.0859696 2.0567875 2.0859696 1.6042929 1.8480203 1.8480203 1.8393348 1.8622099 2.5547025 2.1554800 2.3242344 2.3675727 2.4909138 3.9976715 1.9909109 1.9909109 2.3176630 2.3624933 3.1155094 3.3784513 3.3784513 2.4250629 3.2010764 5.5689423 3.1104500 1.6513847 2.9932912 2.8220321 2.9636781 2.7375873 2.4167931 2.3578628 
evm_27.model.AmTr_v1.0_scaffold00047.121_Kbox 0.6004813 0.8820720 1.4482125 0.0000000 1.4693241 0.2216796 1.4893900 1.3638508 1.5908619 2.1373883 1.8894746 2.1068592 1.9411419 1.8708772 2.2819510 3.2371855 0.8903795 0.8509848 0.8523603 0.8523603 0.8244712 1.2635704 1.2635704 1.1289982 1.1289982 1.2860348 1.3114067 0.3588121 0.3588121 1.1454876 1.5401146 1.7281491 1.1454876 0.3456491 0.3878096 1.3114067 0.3456491 1.3564186 1.3405394 2.0104605 0.8186568 1.5584692 3.5564490 0.6232597 1.4575456 1.9071104 0.6232597 1.3875068 1.4156613 1.8847904 1.8847904 1.8281470 1.8281470 2.1607587 1.8789091 1.9374422 1.8863836 1.9374422 1.1095057 1.7458242 1.8486164 2.0655215 2.0655215 1.9930940 1.9930940 4.7599083 2.5885283 2.2141000 1.5695961 2.0104605 1.6641816 2.1607587 1.9244444 2.0665403 2.0665403 3.3144420 3.5969527 2.7862809 3.7745710 2.0483244 2.0808364 1.9015468 2.0808364 1.9716506 2.3612168 1.9716506 2.3612168 1.5503005 1.8463252 1.8463252 2.0343497 1.9213239 2.6775941 2.0872846 2.3705761 2.4293187 2.9364265 4.9116705 3.4493171 3.4493171 3.6697099 3.4862137 3.8497921 3.7923017 3.7923017 2.0075678 3.0376539 2.3372170 3.2323795 1.8864140 1.9008523 2.6976415 2.6677128 2.2527147 2.1566218 2.1961994 
evm_27.model.AmTr_v1.0_scaffold00046.134_Kbox 1.3281064 1.4876608 1.3262957 1.4693241 0.0000000 1.3543159 1.4339611 1.7628405 1.3930768 1.9450326 2.0990096 2.0311347 1.7257510 1.9807799 1.7472340 2.9103513 1.4136642 1.4031915 1.3354018 1.3354018 1.4282922 1.1497947 1.1497947 0.9814590 0.9814590 1.5270334 1.1944068 1.6377176 1.6377176 0.9759958 0.4362177 1.7519127 0.9759958 1.5255998 1.6475242 1.1944068 1.5255998 1.6669153 0.3767290 0.6359147 1.2965445 0.5484980 1.3265315 1.4935973 0.4036049 1.4486665 1.4935973 1.6855859 1.6035748 1.9650919 1.9650919 1.8110507 1.8110507 2.1547867 1.4739256 1.7932043 2.4154185 1.7932043 0.9464569 1.6548560 1.7667471 1.7795803 1.7795803 1.7793216 1.7793216 4.4228319 2.2443595 2.6591471 0.3579327 0.6359147 1.6925686 2.1547867 1.9058453 2.5652749 2.5652749 2.6303365 2.3620171 2.1550284 2.8762967 1.9723242 2.1289236 2.1870734 2.1289236 1.9796936 2.3991199 1.9796936 2.3991199 1.6004109 1.8370968 1.8370968 2.4514127 1.8552293 2.2659765 2.1945871 2.2209121 2.2384001 2.2546230 4.0919282 2.5777253 2.5777253 2.6113969 2.5515324 3.0986614 2.8048510 2.8048510 1.8643508 2.7251598 3.0579132 3.1493795 1.5205440 2.1010785 2.1616070 3.0429729 2.3708528 2.0989136 2.5861842 
evm_27.model.AmTr_v1.0_scaffold00013.53_Kbox  0.6968474 0.9308496 1.5158058 0.2216796 1.3543159 0.0000000 1.6743821 1.4319631 1.5398401 2.0757169 1.9946051 2.2204788 2.0115440 1.9606590 1.9585553 3.5598396 0.8725210 0.9244259 0.9540381 0.9540381 0.9638124 1.3494771 1.3494771 1.2640309 1.2640309 1.3492759 1.4011939 0.4218203 0.4218203 1.2332115 1.4646346 2.2248298 1.2332115 0.3108253 0.4523959 1.4011939 0.3108253 1.3933931 1.3862317 1.7256682 0.9720282 1.5472956 3.1629050 0.7568063 1.5159134 2.7162242 0.7568063 1.4231279 1.4737899 1.9868598 1.9868598 1.9186616 1.9186616 2.4734306 1.8944992 2.0641178 2.0353852 2.0641178 1.1857282 1.9466035 2.1801700 2.1133215 2.1133215 2.2374954 2.2374954 4.2383302 2.7022069 2.3587353 1.5587525 1.7256682 1.7761267 2.4734306 2.0294508 2.0380760 2.0380760 3.9402815 3.5629027 2.8496312 3.8007284 2.0835888 2.0968482 1.8950233 2.0968482 1.9326045 2.2111570 1.9326045 2.2111570 1.5871663 1.7630928 1.7630928 1.9271483 1.9621073 3.0656890 2.0929900 2.7580214 2.8315998 3.0894107 4.7187191 3.2299644 3.2299644 3.4777814 3.5069375 4.0773807 3.3776525 3.3776525 2.1557965 2.7115995 2.6639069 3.3806741 2.0853048 2.0539735 2.9541595 2.7937422 2.3534847 2.2737300 2.3246396 
evm_27.model.AmTr_v1.0_scaffold00021.296_Kbox 1.5433723 1.7957065 0.3423425 1.4893900 1.4339611 1.6743821 0.0000000 1.6597852 1.3934852 1.8562222 1.8167650 1.9582408 1.4994354 1.9997415 2.0085809 1.9914652 1.6307478 1.6796340 1.1073341 1.1073341 1.1488353 0.4776121 0.4776121 0.4147732 0.4147732 1.1950904 0.5075882 1.9859310 1.9859310 0.3925932 1.2358188 2.2814479 0.3925932 1.4998508 2.0781828 0.5075882 1.4998508 1.2520094 1.2221749 2.2854407 1.2662348 1.4939723 2.7387436 1.5871289 1.4356342 2.3000466 1.5871289 1.3738847 1.5090727 1.5826180 1.5826180 1.7280544 1.7280544 2.3599814 2.0076885 1.5669840 1.6665736 1.5669840 0.4112910 1.9133697 1.7961772 2.4999011 2.4999011 1.8579534 1.8579534 3.4134925 2.3369974 2.0960373 1.5608464 2.2854407 1.8100350 2.3599814 1.5780683 1.9867756 1.9867756 3.0147336 3.1312031 2.7290416 3.1214313 1.9588695 1.9868237 1.7769231 1.9868237 1.7731159 2.1365257 1.7731159 2.1365257 1.4201311 1.9613762 1.9613762 1.9568059 1.7761537 2.9101185 1.7609446 2.8449704 2.9156131 2.5165869 3.8422770 2.3812331 2.3812331 2.6022547 2.6070884 2.8869787 3.1738843 3.1738843 2.6455488 3.8446893 3.1839117 3.1832576 1.7208366 2.6871197 2.4689677 2.7902065 2.0382570 2.0311137 2.4423190 
evm_27.model.AmTr_v1.0_scaffold00001.461_Kbox 1.1976520 1.3400703 1.5472183 1.3638508 1.7628405 1.4319631 1.6597852 0.0000000 1.6182673 1.4712658 1.4752293 1.3540426 1.7015546 2.0969289 1.4993504 2.7313472 1.6188504 1.4990867 1.4234173 1.4234173 1.4425046 1.6286978 1.6286978 1.4238341 1.4238341 1.3188418 1.7744565 1.5381179 1.5381179 1.4874914 1.6026812 3.8356627 1.4874914 1.4987986 1.5758407 1.7744565 1.4987986 1.5480096 1.5404777 1.8246019 1.4389587 1.8386959 3.4317309 1.6154865 1.7838900 4.1162508 1.6154865 1.6194458 1.4217342 1.7073164 1.7073164 1.5173235 1.5173235 1.4983094 1.8040801 1.9070383 2.2185140 1.9070383 1.4389766 1.5440775 1.8348431 1.7590787 1.7590787 1.8204718 1.8204718 3.5376197 2.4706274 1.5348362 1.4133366 1.8246019 1.5942403 1.4983094 1.6220313 1.8274506 1.8274506 2.5308792 3.5642294 2.3914432 3.4396250 1.5790528 1.6442641 1.8664648 1.6442641 1.7811138 1.8389545 1.7811138 1.8389545 1.4749820 1.5355447 1.5355447 1.7474131 1.4601417 1.7449694 1.9815718 1.8642146 1.8441363 2.2049036 4.6967405 2.5392856 2.5392856 2.6025617 2.5789622 2.4624265 3.5597999 3.5597999 2.0152767 2.7939762 3.0174132 3.1123022 1.4281625 2.1682286 2.4669568 2.5325091 2.1604717 1.8383355 2.0271802 
evm_27.model.AmTr_v1.0_scaffold00001.409_Kbox 1.1793712 1.2743733 1.4107724 1.5908619 1.3930768 1.5398401 1.3934852 1.6182673 0.0000000 2.5786448 2.4684725 1.8949632 1.8356561 2.0855427 1.8402812 2.9614378 1.3605314 1.1950730 1.1298332 1.1298332 1.2706829 1.3838303 1.3838303 1.2176501 1.2176501 0.4145285 1.3862765 1.9276964 1.9276964 1.1350999 1.3915874 2.8017428 1.1350999 1.6230123 1.9552251 1.3862765 1.6230123 0.6664871 1.2433607 1.8825787 1.3998792 1.4942813 2.5013883 1.4830146 1.3412547 2.2005938 1.4830146 0.8120687 1.5881086 0.6486047 0.6486047 0.8135316 0.8135316 2.1708797 2.5016856 0.8265987 2.0391936 0.8265987 1.1310211 0.8547965 1.5943077 1.9529113 1.9529113 1.7997438 1.7997438 3.4281870 2.6020185 2.4181061 1.2131390 1.8825787 0.7600113 2.1708797 0.6580856 1.3834380 1.3834380 2.2597430 3.2016381 2.0891128 2.7719565 1.0841575 1.0882512 1.1572478 1.0882512 1.2906833 1.0643340 1.2906833 1.0643340 1.0188928 1.1293526 1.1293526 1.3268387 0.9754211 1.6075259 1.3546713 2.1292185 2.0387450 2.1920814 3.2080259 2.6668283 2.6668283 2.8929622 2.9441668 2.6010979 3.6495325 3.6495325 1.1849045 2.4284226 3.9150990 2.9181179 1.5764397 2.3999494 2.7408157 2.2584191 1.9312355 1.6093422 1.9070374 
evm_27.model.AmTr_v1.0_scaffold00066.97_Kbox  1.8516864 1.9724260 1.8565540 2.1373883 1.9450326 2.0757169 1.8562222 1.4712658 2.5786448 0.0000000 0.3701545 1.8255823 1.9752818 2.1571566 1.9479755 3.5867387 1.9243511 1.8248910 1.7142311 1.7142311 2.1667153 1.6014842 1.6014842 1.4841625 1.4841625 2.1080050 1.5060649 2.1733468 2.1733468 1.6687868 1.8622454 3.7241936 1.6687868 1.7171138 2.2404522 1.5060649 1.7171138 2.2253863 1.8036985 2.5203124 2.1233393 1.9032638 3.3200911 2.4782310 1.8755450 3.7983456 2.4782310 2.2966589 1.8221298 2.7188086 2.7188086 2.7402419 2.7402419 2.2721506 2.1190314 2.6650098 2.2349629 2.6650098 1.7654731 2.7052745 1.9065261 1.9251711 1.9251711 2.2737759 2.2737759 1.5185555 1.4216373 1.6957519 1.8407373 2.5203124 2.6626673 2.2721506 2.7052220 3.3474573 3.3474573 2.0143439 3.7286860 2.7711934 4.0183829 3.3051187 3.5975568 3.4289203 3.5975568 3.0316677 3.5999131 3.0316677 3.5999131 2.4372449 2.4991456 2.4991456 3.3063601 2.5257356 2.6884597 3.3657691 2.8136044 2.8442561 2.5452096 4.9173679 3.4233521 3.4233521 3.7977577 3.7223627 2.7036911 3.9612106 3.9612106 3.3030804 3.0141414 4.1734028 3.7629306 2.1634266 3.1155104 4.0586323 3.1490532 2.6678996 2.6518076 2.4274320 
evm_27.model.AmTr_v1.0_scaffold00001.225_Kbox 1.7917861 1.9394318 1.9427189 1.8894746 2.0990096 1.9946051 1.8167650 1.4752293 2.4684725 0.3701545 0.0000000 1.6124713 2.1500973 2.1525461 2.2289002 3.2336443 1.7501313 1.9723122 1.6443933 1.6443933 1.9624166 1.6469964 1.6469964 1.4236250 1.4236250 1.8267859 1.5484337 1.9841408 1.9841408 1.7780741 1.8249299 3.8581371 1.7780741 1.8983380 2.0511030 1.5484337 1.8983380 2.1491047 1.7891338 2.5505481 2.1298599 2.0608448 4.2449432 2.1796059 1.8506711 3.7897911 2.1796059 2.2980436 2.1769603 2.6106579 2.6106579 2.6964672 2.6964672 2.1844345 2.2071103 2.7103264 2.4610501 2.7103264 1.8806466 2.5049360 1.8765717 2.3369956 2.3369956 2.3751200 2.3751200 2.2985631 1.5577345 1.9591450 2.1957732 2.5505481 2.7390266 2.1844345 2.5973356 3.0415039 3.0415039 1.8501499 3.8885182 2.6281199 3.7820602 2.9766459 3.1122475 3.0846208 3.1122475 3.1654378 3.8165062 3.1654378 3.8165062 2.3466784 2.4603364 2.4603364 3.1696053 2.4630071 2.8979772 3.3535065 2.6745538 2.7894135 2.3625711 4.0970835 3.6895110 3.6895110 3.4610149 3.4358438 2.6008720 4.2583725 4.2583725 3.0370088 3.8946625 3.8603583 3.4386756 2.1305525 3.1548670 4.4173802 3.6873955 3.1306125 2.9458707 2.8608303 
evm_27.model.AmTr_v1.0_scaffold00089.36_Kbox  1.5955396 1.9427653 1.9460638 2.1068592 2.0311347 2.2204788 1.9582408 1.3540426 1.8949632 1.8255823 1.6124713 0.0000000 2.5115424 2.1338832 2.3164283 2.7288768 1.9979725 2.1053731 1.6022860 1.6022860 1.8726415 1.5376152 1.5376152 1.8839684 1.8839684 1.7018895 1.5110407 1.8672976 1.8672976 1.6695777 1.6917321 4.3333955 1.6695777 2.1794219 1.8842611 1.5110407 2.1794219 1.8898973 1.6009152 2.4080469 1.9128542 1.9361830 2.4478988 2.5250773 2.0146508 3.7102696 2.5250773 1.9690959 2.2988796 2.3640295 2.3640295 2.0488102 2.0488102 1.7090036 1.9852573 2.1745520 2.4484237 2.1745520 1.6294583 2.2564132 1.4555789 2.5434852 2.5434852 1.8042866 1.8042866 1.8956612 1.7929124 0.9928455 1.8104862 2.4080469 2.0027190 1.7090036 2.4161010 2.5916653 2.5916653 3.0889536 4.3869646 3.0554753 2.6554209 2.3551864 2.4934540 2.4738364 2.4934540 2.2142391 2.7896242 2.2142391 2.7896242 1.9874017 2.0983659 2.0983659 2.5212173 2.1544477 1.8512836 2.4760726 1.9190154 1.8852998 2.4529022 4.3138452 3.5758141 3.5758141 4.2476034 4.1403241 3.3796103 3.6535462 3.6535462 2.0122319 3.9510311 2.3039532 3.7719029 2.6482279 3.2801780 4.5125361 2.9124314 2.4981900 1.7908264 2.3278290 
evm_27.model.AmTr_v1.0_scaffold00127.17_Kbox  1.5699451 1.9466674 1.5614987 1.9411419 1.7257510 2.0115440 1.4994354 1.7015546 1.8356561 1.9752818 2.1500973 2.5115424 0.0000000 2.5228481 2.2578594 4.0482103 1.9711425 1.7761465 2.2005417 2.2005417 2.1381433 1.6914407 1.6914407 2.0240464 2.0240464 2.6111551 1.5468256 2.4624134 2.4624134 2.0050830 1.9711995 3.9224988 2.0050830 2.5781922 2.5908771 1.5468256 2.5781922 1.9130369 1.5863424 1.9825681 1.8304635 1.9844012 2.9508755 2.1301173 2.0699902 2.8675720 2.1301173 2.1386471 1.7952319 2.3229911 2.3229911 2.6565712 2.6565712 2.6161387 2.4589784 3.0284572 2.5478220 3.0284572 1.9862915 2.3255356 0.9088476 2.3854968 2.3854968 0.8738148 0.8738148 7.9346727 2.8065310 2.2247561 1.3664689 1.9825681 2.6954893 2.6161387 2.3920157 2.3946891 2.3946891 2.2954781 3.1286690 2.6284179 3.5397937 1.9444250 2.1237564 2.1068696 2.1237564 1.8697460 2.1323567 1.8697460 2.1323567 1.3726470 1.5695823 1.5695823 2.2762206 1.7967028 2.9738927 2.0542400 3.0610036 3.1887682 2.4995640 3.4904607 3.2271368 3.2271368 3.7609243 3.8727907 2.3093616 3.0131270 3.0131270 1.9498184 2.6325812 3.9566019 2.7007455 2.2509899 3.3487598 3.6557884 2.5394451 2.1232895 1.6114841 2.1825125 
evm_27.model.AmTr_v1.0_scaffold00013.60_Kbox  1.6245860 1.8541019 1.7958059 1.8708772 1.9807799 1.9606590 1.9997415 2.0969289 2.0855427 2.1571566 2.1525461 2.1338832 2.5228481 0.0000000 1.9382263 3.0803955 1.6519467 1.7567757 1.5854890 1.5854890 1.7440192 1.4686475 1.4686475 1.9943583 1.9943583 2.0310492 1.4784180 2.1900096 2.1900096 1.7172401 1.9392730 3.9357169 1.7172401 1.8132974 2.1601859 1.4784180 1.8132974 2.0553497 2.0399101 2.6158871 1.6872859 1.9884581 9.0000000 2.2128853 1.8975722 3.6124076 2.2128853 2.3285502 2.1819478 2.1025090 2.1025090 2.3426466 2.3426466 2.3132594 1.9671641 2.0600992 2.7421096 2.0600992 1.7348875 1.9745074 2.3085657 2.2355746 2.2355746 2.4468468 2.4468468 6.9042788 2.3911581 2.0609720 1.9218023 2.6158871 2.1323128 2.3132594 2.0985000 2.4936805 2.4936805 3.7782346 3.6298836 3.2899558 3.4677142 2.3221387 2.3900793 2.5762171 2.3900793 3.1881146 2.9341572 3.1881146 2.9341572 1.9462812 2.1449140 2.1449140 2.5229093 2.1322305 2.5627020 3.1881146 2.9778714 3.0628736 3.2924337 4.7995648 3.4720021 3.4720021 4.0039883 3.4512079 4.4043670 3.8850980 3.8850980 3.1751054 2.9711313 5.4615782 2.8346813 2.1804610 2.6349351 3.2179015 3.2424981 3.0982194 2.8918693 2.8941048 
evm_27.model.AmTr_v1.0_scaffold00053.185_Kbox 1.6118795 1.8014422 1.6899244 2.2819510 1.7472340 1.9585553 2.0085809 1.4993504 1.8402812 1.9479755 2.2289002 2.3164283 2.2578594 1.9382263 0.0000000 2.5054157 1.7150221 1.6543605 1.2652325 1.2652325 1.7296881 1.4292822 1.4292822 1.4611555 1.4611555 1.8917482 1.4397024 2.1103024 2.1103024 1.2976042 1.1584975 5.7864436 1.2976042 1.9589631 2.1881199 1.4397024 1.9589631 1.8899197 1.1639769 8.9999987 1.8026714 1.5867331 8.9999989 1.9595773 1.4740534 5.5638176 1.9595773 1.8558865 1.8709720 2.0981435 2.0981435 2.2172104 2.2172104 2.0823954 1.1597668 2.0235922 2.1152343 2.0235922 1.2464021 1.8069457 2.1765546 1.3268192 1.3268192 2.0000408 2.0000408 2.5576450 3.0769209 1.9008755 1.8923168 8.9999987 2.2415117 2.0823954 1.9745589 2.8600447 2.8600447 1.8836724 2.7695001 1.7431829 2.3837172 2.5581589 2.6157607 2.5860246 2.6157607 3.1781344 2.5417381 3.1781344 2.5417381 2.6536452 2.2234856 2.2234856 2.6302564 2.4522798 2.6248670 2.7218732 2.9485579 2.8795210 2.0668339 3.5614183 3.4021743 3.4021743 3.5076220 3.5318230 2.0150513 3.0587170 3.0587170 2.0525745 3.4197530 5.4578056 4.1904561 1.5900863 2.9676355 2.7602353 2.0944433 2.2609659 1.9615962 2.1640187 
evm_27.model.AmTr_v1.0_scaffold00095.150_Kbox 2.6344763 3.1732743 2.0093891 3.2371855 2.9103513 3.5598396 1.9914652 2.7313472 2.9614378 3.5867387 3.2336443 2.7288768 4.0482103 3.0803955 2.5054157 0.0000000 3.0099992 3.3495056 3.1755557 3.1755557 2.2362954 2.3884621 2.3884621 2.2203929 2.2203929 2.4275168 2.4902231 3.7317163 3.7317163 1.9002566 2.6949977 2.0576609 1.9002566 2.9601471 3.8317051 2.4902231 2.9601471 2.4192594 3.1881527 9.0000000 2.0843056 3.2502811 9.0000000 3.5010656 3.1152264 1.5511274 3.5010656 2.7258557 3.8313173 2.2922145 2.2922145 2.4618814 2.4618814 2.7098902 2.7928594 2.4014098 3.3111288 2.4014098 1.9002566 1.8843314 2.6531485 3.4400678 3.4400678 3.1402418 3.1402418 2.5231623 3.4526992 3.0841278 2.7299603 9.0000000 2.4618814 2.7098902 2.2922145 3.1467514 3.1467514 2.7152257 3.4933577 3.5934973 3.1841471 3.3027186 3.5083005 3.6039506 3.5083005 3.0938631 5.4111931 3.0938631 5.4111931 2.2642493 2.5042322 2.5042322 3.1415832 2.1924372 3.6642764 3.0938631 3.7875461 3.7741912 4.1508966 4.5483910 3.6621454 3.6621454 4.0323318 3.9655718 3.8562730 3.5750272 3.5750272 2.2304151 3.0878622 4.5113541 3.9747227 3.3033279 2.7947323 3.4330809 2.5339707 2.8714634 2.4904822 3.1956647 
AT1G69120.1_PACid_19653480_85_172             0.8049924 0.6616232 1.3521220 0.8903795 1.4136642 0.8725210 1.6307478 1.6188504 1.3605314 1.9243511 1.7501313 1.9979725 1.9711425 1.6519467 1.7150221 3.0099992 0.0000000 0.2435058 0.7132316 0.7132316 1.0620057 1.6281543 1.6281543 1.4146959 1.4146959 1.4516923 1.6810551 1.1654359 1.1654359 1.5392538 1.6247168 3.8784237 1.5392538 0.9260240 1.1944755 1.6810551 0.9260240 1.3285534 1.5188253 9.0000000 1.1292438 1.5458641 9.0000000 1.2118995 1.6615741 2.7532478 1.2118995 1.4196485 1.1133508 1.8395448 1.8395448 1.4077596 1.4077596 2.0602436 1.9320295 1.7852644 1.9406417 1.7852644 1.5820118 1.9530313 1.8269935 2.2955486 2.2955486 1.8087433 1.8087433 5.2625769 2.8806045 1.9556727 1.0003457 9.0000000 1.4306642 2.0602436 1.8328603 2.0444423 2.0444423 2.3880965 2.6310034 2.7384203 4.5189874 1.8815650 1.8052165 1.7380458 1.8052165 1.9030452 1.8982746 1.9030452 1.8982746 1.0530221 1.3658629 1.3658629 1.9988025 1.4483245 2.0892233 1.9030452 1.9693394 1.8582411 2.9645000 5.6824468 3.0227553 3.0227553 2.7821074 3.1109309 4.1415761 4.1046511 4.1046511 1.5278157 2.0081296 5.0546180 3.3973931 1.7360722 2.3743455 2.9186287 2.5762835 2.0720441 2.1529270 2.4048182 
AT1G26310.1_PACid_19650942_85_174             0.7911237 0.5987215 1.4445818 0.8509848 1.4031915 0.9244259 1.6796340 1.4990867 1.1950730 1.8248910 1.9723122 2.1053731 1.7761465 1.7567757 1.6543605 3.3495056 0.2435058 0.0000000 0.6684350 0.6684350 1.1461272 1.5974795 1.5974795 1.5037886 1.5037886 1.4403622 1.5807737 1.2204379 1.2204379 1.4794656 1.5597933 3.7265108 1.4794656 0.9585323 1.2824239 1.5807737 0.9585323 1.4888838 1.4979831 9.0000000 1.1364192 1.4043573 9.0000000 1.1228830 1.5820592 2.7532478 1.1228830 1.6847027 0.9195500 1.6571287 1.6571287 1.3258069 1.3258069 2.2392678 1.8039133 1.7614287 1.9851639 1.7614287 1.4794656 1.9193451 1.7370174 2.2012868 2.2012868 1.8303098 1.8303098 4.7994959 2.6755223 1.9089172 1.0052355 9.0000000 1.3258069 2.2392678 1.6571287 2.0603847 2.0603847 2.5375881 2.6546785 2.8865074 4.2428373 1.7528182 1.6805860 1.6630637 1.6805860 1.8514137 1.6794496 1.8514137 1.6794496 0.8976569 1.1593042 1.1593042 2.0132227 1.2095359 2.1967036 1.8514137 2.0893375 1.9703545 2.8320360 5.4557283 2.9760469 2.9760469 2.7087057 3.0147341 3.9027762 3.6786024 3.6786024 1.3836569 2.6159852 5.0546180 3.4898692 1.9197410 2.4382190 2.5983130 2.6007741 2.1032227 2.1898230 2.2158344 
AT5G60910.2_PACid_19670615_23_110             0.9327697 0.7265030 1.1983869 0.8523603 1.3354018 0.9540381 1.1073341 1.4234173 1.1298332 1.7142311 1.6443933 1.6022860 2.2005417 1.5854890 1.2652325 3.1755557 0.7132316 0.6684350 0.0000000 0.0000010 1.0350558 1.3248172 1.3248172 1.1841480 1.1841480 1.2769739 1.4090634 1.0157511 1.0157511 1.0192747 1.2520719 3.7126020 1.0192747 0.8888052 1.0704023 1.4090634 0.8888052 1.3536943 1.2940563 9.0000000 1.0963143 1.6056660 9.0000000 1.2295498 1.5147148 2.7180944 1.2295498 1.4142349 1.1568770 1.7643128 1.7643128 1.5911758 1.5911758 2.1712177 1.5503534 1.4984866 2.2469080 1.4984866 1.0498568 1.8458399 1.6778611 1.9436370 1.9436370 2.0390899 2.0390899 5.6112280 2.2949827 1.9862029 0.9676160 9.0000000 1.6170517 2.1712177 1.7584793 2.1431197 2.1431197 2.0956017 2.9505671 2.3198193 3.5209108 1.6974084 1.7278637 1.6795148 1.7278637 1.7516506 1.6696818 1.7516506 1.6696818 1.1384347 1.1482956 1.1482956 2.1269958 1.2841863 2.0145634 1.7516506 2.2082744 2.0483303 2.6536174 5.4793006 2.7926232 2.7926232 3.0561019 2.8951074 3.2143365 3.7254815 3.7254815 1.4154575 2.2042921 3.5325760 3.4731576 1.4196102 2.2356476 2.3735973 2.0551388 1.5540956 1.8084210 1.5992169 
AT5G60910.1_PACid_19670614_85_172             0.9327697 0.7265030 1.1983869 0.8523603 1.3354018 0.9540381 1.1073341 1.4234173 1.1298332 1.7142311 1.6443933 1.6022860 2.2005417 1.5854890 1.2652325 3.1755557 0.7132316 0.6684350 0.0000010 0.0000000 1.0350558 1.3248172 1.3248172 1.1841480 1.1841480 1.2769739 1.4090634 1.0157511 1.0157511 1.0192747 1.2520719 3.7126020 1.0192747 0.8888052 1.0704023 1.4090634 0.8888052 1.3536943 1.2940563 9.0000000 1.0963143 1.6056660 9.0000000 1.2295498 1.5147148 2.7180944 1.2295498 1.4142349 1.1568770 1.7643128 1.7643128 1.5911758 1.5911758 2.1712177 1.5503534 1.4984866 2.2469080 1.4984866 1.0498568 1.8458399 1.6778611 1.9436370 1.9436370 2.0390899 2.0390899 5.6112280 2.2949827 1.9862029 0.9676160 9.0000000 1.6170517 2.1712177 1.7584793 2.1431197 2.1431197 2.0956017 2.9505671 2.3198193 3.5209108 1.6974084 1.7278637 1.6795148 1.7278637 1.7516506 1.6696818 1.7516506 1.6696818 1.1384347 1.1482956 1.1482956 2.1269958 1.2841863 2.0145634 1.7516506 2.2082744 2.0483303 2.6536174 5.4793006 2.7926232 2.7926232 3.0561019 2.8951074 3.2143365 3.7254815 3.7254815 1.4154575 2.2042921 3.5325760 3.4731576 1.4196102 2.2356476 2.3735973 2.0551388 1.5540956 1.8084210 1.5992169 
AT2G45650.1_PACid_19638787_83_170             0.4803513 1.1257256 1.2729120 0.8244712 1.4282922 0.9638124 1.1488353 1.4425046 1.2706829 2.1667153 1.9624166 1.8726415 2.1381433 1.7440192 1.7296881 2.2362954 1.0620057 1.1461272 1.0350558 1.0350558 0.0000000 1.3772048 1.3772048 1.3171695 1.3171695 1.3148941 1.3809523 1.0677432 1.0677432 1.3661645 1.6643967 3.6099377 1.3661645 0.7815126 1.1008187 1.3809523 0.7815126 1.5345382 1.4957894 9.0000000 0.3614743 1.6089935 9.0000000 1.1449623 1.7019806 3.4469200 1.1449623 1.7193910 1.4870631 1.7933793 1.7933793 1.7380339 1.7380339 2.2157307 1.7545266 1.6530666 2.2296139 1.6530666 1.3682910 1.7815081 1.7798333 2.2888138 2.2888138 2.0354459 2.0354459 2.7835097 2.5146221 1.9369724 1.0914210 9.0000000 1.7406272 2.2157307 1.8302712 1.5803490 1.5803490 2.3647586 2.5726139 2.8259046 3.9777789 1.6639624 1.7725147 1.8926224 1.7725147 1.5640264 2.0773931 1.5640264 2.0773931 0.9869794 1.0656603 1.0656603 1.5594989 1.1618558 2.8468595 1.5640264 2.8941524 2.8490281 2.6507058 4.1591899 2.8936407 2.8936407 3.1603494 3.1785931 3.6793185 3.1322047 3.1322047 1.6228679 2.5757927 2.3632641 3.7874092 1.4932708 2.0354178 3.3033482 2.8975060 2.4498157 2.0554985 2.4564535 
AT3G58780.2_PACid_19662660_93_179             1.1202552 1.4682458 0.4344531 1.2635704 1.1497947 1.3494771 0.4776121 1.6286978 1.3838303 1.6014842 1.6469964 1.5376152 1.6914407 1.4686475 1.4292822 2.3884621 1.6281543 1.5974795 1.3248172 1.3248172 1.3772048 0.0000000 0.0000010 0.3910872 0.3910872 1.3683473 0.0702181 1.6287440 1.6287440 0.4255399 1.4116790 1.9995368 0.4255399 1.5254854 1.7088503 0.0702181 1.5254854 1.3627374 1.1174823 9.0000000 1.3133005 1.3466251 9.0000000 1.6707270 1.3780926 1.7874906 1.6707270 1.5093631 1.5487047 1.7953334 1.7953334 1.9208374 1.9208374 2.1088122 2.0474078 1.8501880 1.8233468 1.8501880 0.4393574 1.9838017 1.4518917 2.6732106 2.6732106 1.6761327 1.6761327 3.9757719 2.1718455 1.9451944 1.1834485 9.0000000 2.0184814 2.1088122 1.7895485 2.4254530 2.4254530 2.5138179 3.6005648 2.5984149 3.2517954 2.3897007 2.6198390 2.4855042 2.6198390 2.4686551 2.8452192 2.4686551 2.8452192 1.3870172 1.5749892 1.5749892 2.4116286 1.8096715 2.3341517 2.4686551 2.3393770 2.2885365 2.5516314 3.7321470 2.5890676 2.5890676 3.2774889 3.0447538 2.8172662 3.9663870 3.9663870 2.3931409 2.7759377 4.5055581 2.9794350 1.7426213 3.3318709 2.7908430 3.1333363 2.6085841 2.4364794 2.4387802 
AT3G58780.1_PACid_19662659_100_186            1.1202552 1.4682458 0.4344531 1.2635704 1.1497947 1.3494771 0.4776121 1.6286978 1.3838303 1.6014842 1.6469964 1.5376152 1.6914407 1.4686475 1.4292822 2.3884621 1.6281543 1.5974795 1.3248172 1.3248172 1.3772048 0.0000010 0.0000000 0.3910872 0.3910872 1.3683473 0.0702181 1.6287440 1.6287440 0.4255399 1.4116790 1.9995368 0.4255399 1.5254854 1.7088503 0.0702181 1.5254854 1.3627374 1.1174823 9.0000000 1.3133005 1.3466251 9.0000000 1.6707270 1.3780926 1.7874906 1.6707270 1.5093631 1.5487047 1.7953334 1.7953334 1.9208374 1.9208374 2.1088122 2.0474078 1.8501880 1.8233468 1.8501880 0.4393574 1.9838017 1.4518917 2.6732106 2.6732106 1.6761327 1.6761327 3.9757719 2.1718455 1.9451944 1.1834485 9.0000000 2.0184814 2.1088122 1.7895485 2.4254530 2.4254530 2.5138179 3.6005648 2.5984149 3.2517954 2.3897007 2.6198390 2.4855042 2.6198390 2.4686551 2.8452192 2.4686551 2.8452192 1.3870172 1.5749892 1.5749892 2.4116286 1.8096715 2.3341517 2.4686551 2.3393770 2.2885365 2.5516314 3.7321470 2.5890676 2.5890676 3.2774889 3.0447538 2.8172662 3.9663870 3.9663870 2.3931409 2.7759377 4.5055581 2.9794350 1.7426213 3.3318709 2.7908430 3.1333363 2.6085841 2.4364794 2.4387802 
AT4G18960.1_PACid_19647337_102_187            1.2710596 1.5608080 0.4746010 1.1289982 0.9814590 1.2640309 0.4147732 1.4238341 1.2176501 1.4841625 1.4236250 1.8839684 2.0240464 1.9943583 1.4611555 2.2203929 1.4146959 1.5037886 1.1841480 1.1841480 1.3171695 0.3910872 0.3910872 0.0000000 0.0000010 1.1693984 0.4748530 1.6611489 1.6611489 0.3561767 1.1595203 2.1446924 0.3561767 1.3189653 1.7436529 0.4748530 1.3189653 1.1389298 1.0843067 9.0000000 1.4868736 1.2879225 9.0000000 1.5002011 1.1575374 2.4196884 1.5002011 1.2740611 1.6023850 1.6295626 1.6295626 1.8478895 1.8478895 1.8686918 2.0634291 1.6857436 1.9425010 1.6857436 0.3733890 1.5450174 2.1151273 2.6171559 2.6171559 1.9317168 1.9317168 4.1631399 2.3064461 2.3607241 0.9868270 9.0000000 2.0545799 1.8686918 1.6244646 2.3291925 2.3291925 2.9168017 3.1143371 3.1485564 3.7045156 2.1020177 2.2221070 2.0100207 2.2221070 2.1042194 2.7218389 2.1042194 2.7218389 1.2139422 1.6608572 1.6608572 2.3143598 1.6538290 2.8229718 2.1042194 2.6998472 2.6537829 3.0870507 4.2315849 2.3888043 2.3888043 2.8800594 2.5772520 3.0973965 3.3738488 3.3738488 1.8803702 2.5220634 4.5415732 3.2509165 1.7418701 3.3508218 2.2658571 2.9374141 2.4405057 2.2572561 2.3854810 
AT4G18960.2_PACid_19647338_88_173             1.2710596 1.5608080 0.4746010 1.1289982 0.9814590 1.2640309 0.4147732 1.4238341 1.2176501 1.4841625 1.4236250 1.8839684 2.0240464 1.9943583 1.4611555 2.2203929 1.4146959 1.5037886 1.1841480 1.1841480 1.3171695 0.3910872 0.3910872 0.0000010 0.0000000 1.1693984 0.4748530 1.6611489 1.6611489 0.3561767 1.1595203 2.1446924 0.3561767 1.3189653 1.7436529 0.4748530 1.3189653 1.1389298 1.0843067 9.0000000 1.4868736 1.2879225 9.0000000 1.5002011 1.1575374 2.4196884 1.5002011 1.2740611 1.6023850 1.6295626 1.6295626 1.8478895 1.8478895 1.8686918 2.0634291 1.6857436 1.9425010 1.6857436 0.3733890 1.5450174 2.1151273 2.6171559 2.6171559 1.9317168 1.9317168 4.1631399 2.3064461 2.3607241 0.9868270 9.0000000 2.0545799 1.8686918 1.6244646 2.3291925 2.3291925 2.9168017 3.1143371 3.1485564 3.7045156 2.1020177 2.2221070 2.0100207 2.2221070 2.1042194 2.7218389 2.1042194 2.7218389 1.2139422 1.6608572 1.6608572 2.3143598 1.6538290 2.8229718 2.1042194 2.6998472 2.6537829 3.0870507 4.2315849 2.3888043 2.3888043 2.8800594 2.5772520 3.0973965 3.3738488 3.3738488 1.8803702 2.5220634 4.5415732 3.2509165 1.7418701 3.3508218 2.2658571 2.9374141 2.4405057 2.2572561 2.3854810 
AT2G45660.1_PACid_19641052_83_171             1.2883778 1.2321142 1.2666240 1.2860348 1.5270334 1.3492759 1.1950904 1.3188418 0.4145285 2.1080050 1.8267859 1.7018895 2.6111551 2.0310492 1.8917482 2.4275168 1.4516923 1.4403622 1.2769739 1.2769739 1.3148941 1.3683473 1.3683473 1.1693984 1.1693984 0.0000000 1.3958671 1.7581368 1.7581368 1.1413470 1.6371054 2.5180309 1.1413470 1.4918413 1.7732864 1.3958671 1.4918413 0.5713510 1.4770485 9.0000000 1.4763088 1.6747011 9.0000000 1.7093944 1.6754497 2.3712223 1.7093944 0.8177403 1.5715441 0.7012909 0.7012909 0.7729459 0.7729459 2.0850579 2.2798156 0.8666613 1.9975709 0.8666613 1.1413470 1.0215058 1.9112266 2.4518049 2.4518049 1.8857532 1.8857532 2.5499174 2.2158577 2.3635353 1.1356131 9.0000000 0.7729459 2.0850579 0.7012909 1.5366592 1.5366592 2.4848162 3.7770293 2.5139642 3.1429410 1.4817670 1.5379685 1.4668087 1.5379685 1.5059370 1.5473969 1.5059370 1.5473969 0.9460466 1.1806159 1.1806159 1.6278455 1.2212389 1.5178277 1.5059370 1.8250703 1.6785292 2.7049716 3.4628537 2.5379836 2.5379836 2.5057573 2.5230449 3.0410494 4.2530971 4.2530971 1.0699834 2.7839741 2.6423457 2.4703883 1.4564422 2.3218046 2.3507428 2.5430032 2.1644483 2.0557361 1.9342977 
AT2G42830.1_PACid_19643528_100_186            1.1711954 1.5667073 0.4911026 1.3114067 1.1944068 1.4011939 0.5075882 1.7744565 1.3862765 1.5060649 1.5484337 1.5110407 1.5468256 1.4784180 1.4397024 2.4902231 1.6810551 1.5807737 1.4090634 1.4090634 1.3809523 0.0702181 0.0702181 0.4748530 0.4748530 1.3958671 0.0000000 1.5523330 1.5523330 0.4292161 1.4432715 2.1843595 0.4292161 1.5319134 1.6307875 0.0000010 1.5319134 1.3664489 1.1386717 9.0000000 1.4483031 1.4383121 9.0000000 1.7301262 1.4083536 2.0438751 1.7301262 1.5542927 1.7147379 1.6733281 1.6733281 1.8069789 1.8069789 2.0894191 2.0270379 1.7812395 1.8488428 1.7812395 0.4689609 1.8777103 1.4561164 2.7888480 2.7888480 1.6935062 1.6935062 4.2496778 2.0384804 1.9630846 1.1632431 9.0000000 1.8939416 2.0894191 1.6671927 2.5232621 2.5232621 2.2399890 3.6739774 2.6854540 3.0231935 2.3559412 2.5808810 2.4871873 2.5808810 2.4708001 2.8403193 2.4708001 2.8403193 1.4130894 1.6002349 1.6002349 2.5108631 1.7926023 2.3431507 2.4708001 2.5199190 2.4722014 2.3103001 3.3053298 2.6812887 2.6812887 3.4727051 3.1578962 2.5378310 3.7349470 3.7349470 2.3360187 2.6640195 5.9425630 2.9570858 1.7394783 3.4145079 2.9640724 3.2835369 2.5773298 2.3725323 2.5509713 
AT5G15800.1_PACid_19670123_84_172             0.7508673 1.1243541 1.7545861 0.3588121 1.6377176 0.4218203 1.9859310 1.5381179 1.9276964 2.1733468 1.9841408 1.8672976 2.4624134 2.1900096 2.1103024 3.7317163 1.1654359 1.2204379 1.0157511 1.0157511 1.0677432 1.6287440 1.6287440 1.6611489 1.6611489 1.7581368 1.5523330 0.0000000 0.0000010 1.5541135 1.8556410 2.5141083 1.5541135 0.3772245 0.0181574 1.5523330 0.3772245 1.7940905 1.5084519 9.0000000 1.1053364 1.6290029 9.0000000 0.6441009 1.8693310 2.7656298 0.6441009 1.7941582 1.7682125 2.2618996 2.2618996 1.9989517 1.9989517 2.1425183 1.9215820 2.0806795 2.2616568 2.0806795 1.5541135 2.1792346 1.8152624 2.2141098 2.2141098 2.0655587 2.0655587 4.0515429 2.0717037 2.0757628 1.2840769 9.0000000 1.9989517 2.1425183 2.2618996 2.4437038 2.4437038 2.8991069 3.5539081 2.9413421 3.9894925 2.6012526 2.7968070 2.7556513 2.7968070 2.8395556 2.9777036 2.8395556 2.9777036 1.9789239 2.4540555 2.4540555 2.4297649 2.4364746 2.5248920 2.8395556 2.7551043 2.7455248 3.3176771 3.8544297 3.7102792 3.7102792 3.5015673 3.3833249 4.5459710 3.5677170 3.5677170 1.6414881 2.4805417 2.1287552 3.1240316 1.5866554 2.4187952 3.0504556 3.0570967 2.5866141 2.4477914 2.5205693 
AT5G15800.2_PACid_19670122_84_172             0.7508673 1.1243541 1.7545861 0.3588121 1.6377176 0.4218203 1.9859310 1.5381179 1.9276964 2.1733468 1.9841408 1.8672976 2.4624134 2.1900096 2.1103024 3.7317163 1.1654359 1.2204379 1.0157511 1.0157511 1.0677432 1.6287440 1.6287440 1.6611489 1.6611489 1.7581368 1.5523330 0.0000010 0.0000000 1.5541135 1.8556410 2.5141083 1.5541135 0.3772245 0.0181574 1.5523330 0.3772245 1.7940905 1.5084519 9.0000000 1.1053364 1.6290029 9.0000000 0.6441009 1.8693310 2.7656298 0.6441009 1.7941582 1.7682125 2.2618996 2.2618996 1.9989517 1.9989517 2.1425183 1.9215820 2.0806795 2.2616568 2.0806795 1.5541135 2.1792346 1.8152624 2.2141098 2.2141098 2.0655587 2.0655587 4.0515429 2.0717037 2.0757628 1.2840769 9.0000000 1.9989517 2.1425183 2.2618996 2.4437038 2.4437038 2.8991069 3.5539081 2.9413421 3.9894925 2.6012526 2.7968070 2.7556513 2.7968070 2.8395556 2.9777036 2.8395556 2.9777036 1.9789239 2.4540555 2.4540555 2.4297649 2.4364746 2.5248920 2.8395556 2.7551043 2.7455248 3.3176771 3.8544297 3.7102792 3.7102792 3.5015673 3.3833249 4.5459710 3.5677170 3.5677170 1.6414881 2.4805417 2.1287552 3.1240316 1.5866554 2.4187952 3.0504556 3.0570967 2.5866141 2.4477914 2.5205693 
AT4G09960.1_PACid_19648309_86_171             1.0771223 1.3135303 0.3951948 1.1454876 0.9759958 1.2332115 0.3925932 1.4874914 1.1350999 1.6687868 1.7780741 1.6695777 2.0050830 1.7172401 1.2976042 1.9002566 1.5392538 1.4794656 1.0192747 1.0192747 1.3661645 0.4255399 0.4255399 0.3561767 0.3561767 1.1413470 0.4292161 1.5541135 1.5541135 0.0000000 1.1073155 1.6088849 0.0000010 1.3070501 1.6299118 0.4292161 1.3070501 1.0961799 1.1009479 9.0000000 1.4228644 1.3402292 9.0000000 1.4441895 1.1596023 1.5372305 1.4441895 1.2112546 1.3597036 1.6539478 1.6539478 1.6096102 1.6096102 2.1969467 2.0408257 1.4051726 1.7828531 1.4051726 0.0160891 1.5078486 1.8389527 2.6429433 2.6429433 1.8400643 1.8400643 3.3398215 2.2046363 2.1217187 1.0049203 9.0000000 1.7891404 2.1969467 1.6479034 1.7849913 1.7849913 2.6929746 3.1556562 2.6476923 3.5148414 1.8787471 1.9597698 1.7059772 1.9597698 1.9003142 2.2137333 1.9003142 2.2137333 0.9126394 1.3437783 1.3437783 1.7663270 1.4219036 2.3808357 1.9003142 2.5620500 2.5143366 2.9494260 4.7523979 2.0762494 2.0762494 2.5746651 2.5741430 2.8019607 3.5699728 3.5699728 1.5004390 2.3664760 3.5300046 2.8684561 2.0182938 2.8000664 2.3352207 2.1989735 1.8411725 1.6659235 1.9031277 
AT4G37940.1_PACid_19644309_83_171             1.3618672 1.5834453 1.2709693 1.5401146 0.4362177 1.4646346 1.2358188 1.6026812 1.3915874 1.8622454 1.8249299 1.6917321 1.9711995 1.9392730 1.1584975 2.6949977 1.6247168 1.5597933 1.2520719 1.2520719 1.6643967 1.4116790 1.4116790 1.1595203 1.1595203 1.6371054 1.4432715 1.8556410 1.8556410 1.1073155 0.0000000 3.2164060 1.1073155 1.3918162 1.8442490 1.4432715 1.3918162 1.8683921 0.3644582 9.0000000 1.5792891 0.6375638 9.0000000 1.5653925 0.3306054 2.9647360 1.5653925 1.7763818 1.8395181 2.2402777 2.2402777 1.6465849 1.6465849 2.0206375 1.4992413 1.2875829 2.1609267 1.2875829 1.0405946 2.0023796 2.2006905 2.0312318 2.0312318 1.8672559 1.8672559 4.5071474 2.2585382 2.5862546 0.4118684 9.0000000 1.6799434 2.0206375 2.1270691 2.7402339 2.7402339 2.3520306 2.0558107 2.4025134 2.2465959 1.7943076 1.8773087 1.8968476 1.8773087 1.9457767 2.3022490 1.9457767 2.3022490 1.0343839 1.3455664 1.3455664 2.6100021 1.2586335 2.1558840 1.9457767 2.1645236 2.1323123 2.2667360 2.8939990 2.5024795 2.5024795 2.7596874 2.5037841 2.7645447 2.2262721 2.2262721 1.5491568 2.2526837 3.8149863 2.7097780 1.7464473 2.3534212 2.1502523 2.4842531 1.9779973 1.7658277 2.0364766 
AT4G37940.1_PACid_19644309_159_183            2.6688142 2.3362332 1.9610966 1.7281491 1.7519127 2.2248298 2.2814479 3.8356627 2.8017428 3.7241936 3.8581371 4.3333955 3.9224988 3.9357169 5.7864436 2.0576609 3.8784237 3.7265108 3.7126020 3.7126020 3.6099377 1.9995368 1.9995368 2.1446924 2.1446924 2.5180309 2.1843595 2.5141083 2.5141083 1.6088849 3.2164060 0.0000000 1.6088849 2.5163722 2.5141083 2.1843595 2.5163722 2.3752415 2.6721979 0.6195431 2.8574426 2.7546717 0.6422125 2.0568688 3.0795043 0.0515019 2.0568688 2.3311698 3.5448444 3.0476850 3.0476850 4.3721888 4.3721888 3.2342093 5.2969045 2.9225471 3.8662622 2.9225471 1.6088849 9.0000000 3.7383959 3.5104504 3.5104504 3.3715399 3.3715399 2.2713314 4.3348172 4.2241097 0.7655771 0.6195431 4.3721888 3.2342093 3.0476850 7.9853012 7.9853012 3.2508364 4.5545026 2.1726340 4.4367640 8.3183960 9.0000000 9.0000000 9.0000000 8.9999988 9.0000000 8.9999988 9.0000000 3.9083990 2.4338364 2.4338364 9.0000000 9.0000000 3.4272682 9.0000000 3.5040594 3.4110818 3.3455341 8.9999980 2.3504199 2.3504199 2.4433843 3.1287533 3.6860250 6.2037485 6.2037485 9.0000000 1.8333571 3.3675077 3.0250636 9.0000000 4.4650342 2.5594250 9.0000000 6.4175024 9.0000000 6.4175024 
AT4G09960.3_PACid_19648307_112_197            1.0771223 1.3135303 0.3951948 1.1454876 0.9759958 1.2332115 0.3925932 1.4874914 1.1350999 1.6687868 1.7780741 1.6695777 2.0050830 1.7172401 1.2976042 1.9002566 1.5392538 1.4794656 1.0192747 1.0192747 1.3661645 0.4255399 0.4255399 0.3561767 0.3561767 1.1413470 0.4292161 1.5541135 1.5541135 0.0000010 1.1073155 1.6088849 0.0000000 1.3070501 1.6299118 0.4292161 1.3070501 1.0961799 1.1009479 9.0000000 1.4228644 1.3402292 9.0000000 1.4441895 1.1596023 1.5372305 1.4441895 1.2112546 1.3597036 1.6539478 1.6539478 1.6096102 1.6096102 2.1969467 2.0408257 1.4051726 1.7828531 1.4051726 0.0160891 1.5078486 1.8389527 2.6429433 2.6429433 1.8400643 1.8400643 3.3398215 2.2046363 2.1217187 1.0049203 9.0000000 1.7891404 2.1969467 1.6479034 1.7849913 1.7849913 2.6929746 3.1556562 2.6476923 3.5148414 1.8787471 1.9597698 1.7059772 1.9597698 1.9003142 2.2137333 1.9003142 2.2137333 0.9126394 1.3437783 1.3437783 1.7663270 1.4219036 2.3808357 1.9003142 2.5620500 2.5143366 2.9494260 4.7523979 2.0762494 2.0762494 2.5746651 2.5741430 2.8019607 3.5699728 3.5699728 1.5004390 2.3664760 3.5300046 2.8684561 2.0182938 2.8000664 2.3352207 2.1989735 1.8411725 1.6659235 1.9031277 
