28
AT1G69120.1_APETALA1_AP1_Length_286       0.0000000 8.9999985 3.3108630 2.5880378 1.9182405 2.1457110 2.0943605 2.1320737 1.8269267 1.6784398 1.6378684 1.8832134 2.1404201 2.0074999 1.4475721 1.7449470 1.9250613 2.2882673 1.5293003 1.7211608 1.9248513 5.5549265 1.7370520 2.0485696 1.4406025 0.8663830 2.4103771 1.9928837 
AT4G36920.1_APETALA2_AP2_Length_432       8.9999985 0.0000000 8.9999981 8.9999987 5.2171061 6.5763646 6.0502135 5.7885343 8.9999988 8.9999980 8.9999990 7.2704011 8.8027401 8.1366809 7.7195799 7.8344661 8.6908864 7.9270648 8.3690938 7.2836072 8.9999984 8.9999988 5.0830765 6.0286570 7.8046375 7.4672992 8.5549301 7.2549564 
AT3G54340.1_APETALA3_AP3_Length_232       3.3108630 8.9999981 0.0000000 2.7081908 2.5938428 2.5683045 2.4173397 2.2332682 2.5810828 2.6760717 3.1275127 2.8888567 2.3104614 2.5801036 2.6774133 2.6517132 2.6472914 1.4592907 2.4838293 2.9338522 2.2667766 5.0095441 2.3448931 2.5253418 3.0537254 2.5693836 1.5692761 2.6780210 
AT5G20240.1_PISTILLATA_PI_Length_208      2.5880378 8.9999987 2.7081908 0.0000000 2.2348522 2.4828346 2.1869635 2.1796314 2.2005150 2.3698241 2.3030027 2.8732872 1.1340233 2.2608169 2.5588121 2.2866270 1.7823025 2.1190371 2.1360096 2.3956719 2.2071961 4.5024804 2.0011129 2.2300630 2.7059121 2.1615425 1.9158616 2.7048852 
AT4G18960.1_AGAMOUS_AG_Length_252         1.9182405 5.2171061 2.5938428 2.2348522 0.0000000 0.8212729 0.6379815 0.7265509 1.9366434 1.9960691 1.6812876 1.9524651 1.9921722 2.1531476 1.6000376 1.8135381 1.6727276 1.9979173 1.6757223 1.5895257 1.9691208 4.7637035 0.5358984 0.4284601 1.5048541 1.7073525 2.2203178 2.3959935 
AT4G09960.4_SEEDSTICK_STK_Length_329      2.1457110 6.5763646 2.5683045 2.4828346 0.8212729 0.0000000 0.8279497 0.7904490 1.7452192 1.8159805 1.7133552 2.0228679 1.8785327 1.9987720 1.6347263 1.6142373 1.6657301 2.0660878 1.4707182 1.7176371 1.5347217 4.1050115 0.5669297 0.6222585 1.5851952 1.5812017 2.1124549 1.9835825 
AT3G58780.4_SHATTERPROOF1_SHP1_Length_281 2.0943605 6.0502135 2.4173397 2.1869635 0.6379815 0.8279497 0.0000000 0.1633087 1.7589779 1.8493706 1.6402191 1.8740636 1.8861900 2.0539384 1.4754839 1.9453968 1.7332652 2.2354833 1.4977763 1.6381190 1.8520263 4.5779319 0.5812920 0.5293589 1.3724958 1.7089592 2.1359832 2.1386127 
AT2G42830.2_SHATTERPROOF2_SHP2_Length_248 2.1320737 5.7885343 2.2332682 2.1796314 0.7265509 0.7904490 0.1633087 0.0000000 1.6991902 1.7541464 1.7687219 1.9138805 1.8372475 2.0771360 1.5852919 1.7752340 1.7410723 2.1059114 1.5083785 1.6991133 1.8415713 4.5510319 0.5904431 0.5363649 1.4847974 1.7743516 2.0379091 1.9742331 
AT5G15800.2_SEPALLATA1_SEP1_Length_262    1.8269267 8.9999988 2.5810828 2.2005150 1.9366434 1.7452192 1.7589779 1.6991902 0.0000000 0.1406985 0.6878190 0.8781833 1.9388752 2.1802473 0.5887587 1.8954581 1.9494515 2.3414182 1.0562375 2.0753696 1.8608996 4.8803727 1.6052185 1.9704960 0.6161857 1.4568397 2.5118712 2.5584845 
AT3G02310.1_SEPALLATA2_SEP2_Length_250    1.6784398 8.9999980 2.6760717 2.3698241 1.9960691 1.8159805 1.8493706 1.7541464 0.1406985 0.0000000 0.6557260 0.9485279 1.9597326 2.1813736 0.6031378 1.8358036 2.0205440 2.4373605 0.9664996 2.0227784 1.9114927 4.9790977 1.6445976 2.0741809 0.5606457 1.4442348 2.5498413 2.4982771 
AT1G24260.2_SEPALLATA3_SEP3_Length_251    1.6378684 8.9999990 3.1275127 2.3030027 1.6812876 1.7133552 1.6402191 1.7687219 0.6878190 0.6557260 0.0000000 1.0405200 2.1724060 2.1839656 0.5724142 1.9015460 1.9514999 2.4243711 0.9288596 1.7640750 1.7218580 4.8583064 1.5525468 1.7867871 0.5531695 1.2839706 2.4764124 2.5527175 
AT2G03710.1_SEPALLATA4_SEP4_Length_258    1.8832134 7.2704011 2.8888567 2.8732872 1.9524651 2.0228679 1.8740636 1.9138805 0.8781833 0.9485279 1.0405200 0.0000000 2.3524561 2.1051396 0.8600377 1.9652013 1.8995471 2.5380930 1.1936072 2.0592354 1.9453954 4.9585148 1.7916580 2.1174508 0.8009334 1.4267430 2.8298509 2.3088950 
evm_27.model.AmTr_v1.0_scaffold00089.36   2.1404201 8.8027401 2.3104614 1.1340233 1.9921722 1.8785327 1.8861900 1.8372475 1.9388752 1.9597326 2.1724060 2.3524561 0.0000000 2.1638109 2.0999176 2.0366282 1.3683264 1.5227993 1.8854020 2.0692347 1.9684465 4.8330077 1.6017282 1.7331350 2.0916339 1.7927974 1.5452833 2.4695615 
evm_27.model.AmTr_v1.0_scaffold00013.60   2.0074999 8.1366809 2.5801036 2.2608169 2.1531476 1.9987720 2.0539384 2.0771360 2.1802473 2.1813736 2.1839656 2.1051396 2.1638109 0.0000000 2.0161172 1.9625073 1.9246785 2.4165872 1.7146823 1.9682724 2.2430025 4.6395094 1.7533450 1.8742001 1.9763180 2.0714977 2.2862593 2.3562716 
evm_27.model.AmTr_v1.0_scaffold00013.53   1.4475721 7.7195799 2.6774133 2.5588121 1.6000376 1.6347263 1.4754839 1.5852919 0.5887587 0.6031378 0.5724142 0.8600377 2.0999176 2.0161172 0.0000000 1.7235633 1.9509942 2.0676709 0.7447266 1.6788254 1.6001282 4.6743861 1.4704697 1.7724146 0.2992206 1.0811480 2.1547921 2.3090561 
evm_27.model.AmTr_v1.0_scaffold00001.409  1.7449470 7.8344661 2.6517132 2.2866270 1.8135381 1.6142373 1.9453968 1.7752340 1.8954581 1.8358036 1.9015460 1.9652013 2.0366282 1.9625073 1.7235633 0.0000000 1.9573856 2.7281845 1.5787022 1.7518732 1.6409886 4.8281203 1.3698696 1.4405644 1.8425827 1.4818004 2.7958527 2.0034236 
evm_27.model.AmTr_v1.0_scaffold00001.461  1.9250613 8.6908864 2.6472914 1.7823025 1.6727276 1.6657301 1.7332652 1.7410723 1.9494515 2.0205440 1.9514999 1.8995471 1.3683264 1.9246785 1.9509942 1.9573856 0.0000000 1.6205661 1.8114260 1.7800997 1.5064943 5.1283098 1.5517994 1.6667961 1.8388131 1.6862410 1.7623175 1.6814716 
evm_27.model.AmTr_v1.0_scaffold00001.225  2.2882673 7.9270648 1.4592907 2.1190371 1.9979173 2.0660878 2.2354833 2.1059114 2.3414182 2.4373605 2.4243711 2.5380930 1.5227993 2.4165872 2.0676709 2.7281845 1.6205661 0.0000000 1.9485160 2.3878715 2.0550745 4.6821238 1.7853419 1.8690529 2.0416830 2.1021937 0.4320614 2.3405507 
evm_27.model.AmTr_v1.0_scaffold00001.413  1.5293003 8.3690938 2.4838293 2.1360096 1.6757223 1.4707182 1.4977763 1.5083785 1.0562375 0.9664996 0.9288596 1.1936072 1.8854020 1.7146823 0.7447266 1.5787022 1.8114260 1.9485160 0.0000000 1.5807779 1.5558984 4.5127339 1.4645229 1.6144826 0.7503172 1.0267425 1.9132012 1.9813513 
evm_27.model.AmTr_v1.0_scaffold00046.134  1.7211608 7.2836072 2.9338522 2.3956719 1.5895257 1.7176371 1.6381190 1.6991133 2.0753696 2.0227784 1.7640750 2.0592354 2.0692347 1.9682724 1.6788254 1.7518732 1.7800997 2.3878715 1.5807779 0.0000000 1.5843601 5.4042033 1.3986848 1.4360640 1.8898942 1.6241358 2.2042529 1.8777376 
evm_27.model.AmTr_v1.0_scaffold00053.185  1.9248513 8.9999984 2.2667766 2.2071961 1.9691208 1.5347217 1.8520263 1.8415713 1.8608996 1.9114927 1.7218580 1.9453954 1.9684465 2.2430025 1.6001282 1.6409886 1.5064943 2.0550745 1.5558984 1.5843601 0.0000000 4.9488684 1.5589802 1.7408478 1.8310484 1.9312667 1.7213824 1.9493583 
evm_27.model.AmTr_v1.0_scaffold00095.150  5.5549265 8.9999988 5.0095441 4.5024804 4.7637035 4.1050115 4.5779319 4.5510319 4.8803727 4.9790977 4.8583064 4.9585148 4.8330077 4.6395094 4.6743861 4.8281203 5.1283098 4.6821238 4.5127339 5.4042033 4.9488684 0.0000000 4.0318933 4.0628081 5.1595648 4.9494021 5.7066135 6.1994441 
evm_27.model.AmTr_v1.0_scaffold00071.203  1.7370520 5.0830765 2.3448931 2.0011129 0.5358984 0.5669297 0.5812920 0.5904431 1.6052185 1.6445976 1.5525468 1.7916580 1.6017282 1.7533450 1.4704697 1.3698696 1.5517994 1.7853419 1.4645229 1.3986848 1.5589802 4.0318933 0.0000000 0.3182962 1.4420106 1.3624619 1.9609249 1.9971237 
evm_27.model.AmTr_v1.0_scaffold00021.296  2.0485696 6.0286570 2.5253418 2.2300630 0.4284601 0.6222585 0.5293589 0.5363649 1.9704960 2.0741809 1.7867871 2.1174508 1.7331350 1.8742001 1.7724146 1.4405644 1.6667961 1.8690529 1.6144826 1.4360640 1.7408478 4.0628081 0.3182962 0.0000000 1.6763693 1.7792828 2.0412054 1.8743448 
evm_27.model.AmTr_v1.0_scaffold00047.121  1.4406025 7.8046375 3.0537254 2.7059121 1.5048541 1.5851952 1.3724958 1.4847974 0.6161857 0.5606457 0.5531695 0.8009334 2.0916339 1.9763180 0.2992206 1.8425827 1.8388131 2.0416830 0.7503172 1.8898942 1.8310484 5.1595648 1.4420106 1.6763693 0.0000000 1.0862675 2.2311912 2.1725778 
evm_27.model.AmTr_v1.0_scaffold00047.105  0.8663830 7.4672992 2.5693836 2.1615425 1.7073525 1.5812017 1.7089592 1.7743516 1.4568397 1.4442348 1.2839706 1.4267430 1.7927974 2.0714977 1.0811480 1.4818004 1.6862410 2.1021937 1.0267425 1.6241358 1.9312667 4.9494021 1.3624619 1.7792828 1.0862675 0.0000000 2.0678767 2.0396692 
evm_27.model.AmTr_v1.0_scaffold00066.97   2.4103771 8.5549301 1.5692761 1.9158616 2.2203178 2.1124549 2.1359832 2.0379091 2.5118712 2.5498413 2.4764124 2.8298509 1.5452833 2.2862593 2.1547921 2.7958527 1.7623175 0.4320614 1.9132012 2.2042529 1.7213824 5.7066135 1.9609249 2.0412054 2.2311912 2.0678767 0.0000000 2.0400232 
evm_27.model.AmTr_v1.0_scaffold00127.17   1.9928837 7.2549564 2.6780210 2.7048852 2.3959935 1.9835825 2.1386127 1.9742331 2.5584845 2.4982771 2.5527175 2.3088950 2.4695615 2.3562716 2.3090561 2.0034236 1.6814716 2.3405507 1.9813513 1.8777376 1.9493583 6.1994441 1.9971237 1.8743448 2.1725778 2.0396692 2.0400232 0.0000000 
