167
Medtr4g102530.1_MADS               0.0000000 0.1527262 0.1406434 0.1418851 0.1418851 0.1913179 0.1575087 0.1913179 0.3416749 0.3416749 0.1830525 0.1830525 0.1665099 0.1539325 0.1909960 0.2339207 0.2846554 0.2671664 0.2575403 0.2082181 0.4287306 0.3394480 0.2624309 0.3581362 0.3998025 0.2127213 0.4160526 0.2526589 0.4278675 0.2754042 0.4952763 0.4341962 0.3913441 0.3576425 0.4191614 0.4504038 0.5683855 0.8028065 1.0865298 0.1527262 0.1406434 0.1675132 0.1675132 0.1621392 0.1906107 1.8454663 0.3369979 0.2924400 0.2574419 0.3684695 0.3684695 0.2153032 0.2153032 0.1837904 0.3463616 0.2383412 0.2952206 0.2381410 0.3777162 0.3777162 0.2383412 0.3505248 0.6462479 0.3532365 0.3611664 0.3611664 0.3750584 0.3993958 0.2481082 0.3912104 0.2980683 0.4081804 0.3017581 0.5951489 0.3017581 0.4496538 0.4451015 0.4512208 0.4767284 0.6621233 0.3409583 0.3409583 0.7857805 0.4138978 0.4138978 0.6023060 0.7800546 0.4567570 0.6178228 0.6178228 0.4567570 0.4596352 0.4596352 0.4512632 0.6967720 0.6967720 0.4512632 1.1966425 0.4823151 0.6792792 0.5900071 0.5064299 0.5064299 0.5795686 0.5795686 0.6885316 0.8992828 0.6458154 0.6458154 0.9891286 2.3504025 0.8599189 1.0881594 1.1973779 0.7663673 0.9952689 0.9952689 1.0699323 1.5018454 1.2400524 1.1270808 1.2651951 1.1190113 1.1763741 1.0623861 2.2405637 1.4025976 1.1724963 1.0530619 2.1358857 0.9976842 2.0392144 1.8713103 1.8713103 1.8141847 0.8968822 1.9731015 2.0716638 2.2266441 1.3439967 1.3439967 1.6431921 1.4970897 1.4970897 1.3000195 1.0059902 1.3889473 1.4772882 1.3469958 2.2708611 1.1238346 1.3942488 1.0747881 1.7469297 1.4613655 1.5639932 2.0154102 1.4929398 1.5674341 0.9945975 2.0062267 1.1797255 0.8900807 1.9182425 1.9411221 1.2059905 1.4747484 
Medtr8g033270.1_MADS               0.1527262 0.0000000 0.1166503 0.1660329 0.1660329 0.1377901 0.0637112 0.1377901 0.3196991 0.3196991 0.0422240 0.0422240 0.1621751 0.0420535 0.1860144 0.2214698 0.2963813 0.1958785 0.2891270 0.0423766 0.3936373 0.3386727 0.1328998 0.2297071 0.4518229 0.0876620 0.4224400 0.1613688 0.4101997 0.1657604 0.4246839 0.5527949 0.3037159 0.3367829 0.4711956 0.4019294 0.6090779 0.8019787 1.0474114 0.0000010 0.1166503 0.1644784 0.1644784 0.1660999 0.1661499 1.6663537 0.3222449 0.2650385 0.3002767 0.4108878 0.4108878 0.1621751 0.1621751 0.0855110 0.3273164 0.0866385 0.2204810 0.1537110 0.3468068 0.3468068 0.0866385 0.2591529 0.8485037 0.3386989 0.3423269 0.3423269 0.3569046 0.3936837 0.1357183 0.3685715 0.2186394 0.3813865 0.2240650 0.7502597 0.2240650 0.4600725 0.4185222 0.3628907 0.6514659 0.8588100 0.3910577 0.3910577 0.8344788 0.4851072 0.4851072 0.7631184 0.8196584 0.4880520 0.5979413 0.5979413 0.4880520 0.5169822 0.5169822 0.4574254 0.5162474 0.5162474 0.4574254 1.1526401 0.4423481 0.7925774 0.6749059 0.5485717 0.5485717 0.6217209 0.6217209 0.7900032 1.0399179 0.6965147 0.6965147 0.9981502 2.1618217 0.9940220 1.1799441 1.3375602 0.7646230 1.1353515 1.1353515 1.0829019 1.6105163 1.4739859 1.3333884 1.2382328 1.2521092 1.1918959 1.2624122 3.0387096 1.5352249 1.4099783 0.8715491 2.3438436 0.9156402 2.2370927 1.8657359 1.8657359 1.8098671 1.0099273 1.9651206 1.8136580 2.1724501 1.4598965 1.4598965 1.8036095 1.6338943 1.6338943 1.5992124 1.0680242 1.5017111 1.6118337 1.3824881 2.1079753 1.2862037 1.7123542 1.1091458 1.7876970 1.6065917 1.6469474 2.1342570 1.6383453 1.7010877 1.0942580 2.1247444 1.1384283 0.9229347 1.9079765 1.6380889 1.0893585 1.2611248 
Medtr7g075870.1_MADS               0.1406434 0.1166503 0.0000000 0.0424444 0.0424444 0.1867308 0.1755147 0.1867308 0.3025283 0.3025283 0.1501384 0.1501384 0.1900968 0.1446282 0.2145076 0.2643590 0.2530587 0.3026889 0.2616604 0.1689064 0.3876476 0.3810466 0.2211708 0.3506556 0.3727507 0.1770557 0.4226303 0.2748708 0.3571976 0.2634293 0.4601119 0.5038183 0.3335761 0.3355918 0.4757571 0.4525404 0.5587937 0.7070635 0.9923424 0.1166503 0.0000010 0.1868112 0.1868112 0.0423934 0.0424138 1.8454663 0.2751613 0.2841303 0.2378670 0.3376789 0.3376789 0.1900968 0.1900968 0.2014973 0.2980768 0.2042905 0.3300984 0.2803503 0.2784675 0.2784675 0.2042905 0.3141642 0.7603300 0.2884138 0.3120707 0.3120707 0.3265670 0.3603936 0.2275253 0.4171249 0.3330599 0.3691103 0.1627705 0.6936066 0.1627705 0.4103810 0.4047132 0.3532943 0.5990042 0.8000566 0.3904162 0.3904162 0.7251071 0.4484948 0.4484948 0.7045491 0.7129040 0.4895509 0.5609244 0.5609244 0.4895509 0.5192351 0.5192351 0.4954661 0.6806067 0.6806067 0.4954661 1.1743639 0.4738639 0.7460896 0.6200406 0.5596820 0.5596820 0.6357989 0.6357989 0.7509362 1.0560560 0.6389794 0.6389794 1.0185752 2.3504025 1.0372331 0.9793583 1.2235588 0.6954969 1.0182321 1.0182321 0.9527407 1.4209335 1.3118923 0.8675733 1.0731804 1.0495169 1.0519998 1.2736925 1.9857343 1.5001046 1.2694811 0.8868595 2.0402238 0.9553147 1.9491142 1.7494422 1.7494422 1.6956139 1.0178647 1.8416331 1.6632359 2.0137289 1.4544843 1.4544843 1.8295030 1.5606042 1.5606042 1.4184118 1.0423361 1.4329475 1.5398876 1.1813840 2.0444656 1.2555889 1.4599949 1.1368233 1.7737424 1.3876502 1.6232668 1.9816232 1.4184168 1.5754144 1.0625125 1.9729488 1.1650276 1.1194630 1.7280770 1.5526970 1.2059905 1.0471653 
Medtr8g033220.1_MADS               0.1418851 0.1660329 0.0424444 0.0000000 0.0000010 0.1383540 0.1771521 0.1383540 0.3609183 0.3609183 0.2025444 0.2025444 0.1409481 0.1957858 0.1650589 0.3250630 0.3096837 0.3056400 0.2641480 0.2206851 0.3622276 0.4192003 0.2743855 0.4125092 0.4336476 0.2302816 0.4631072 0.3319351 0.4162188 0.3204963 0.4358896 0.5082654 0.3960395 0.3741953 0.5168115 0.5151850 0.6243899 0.7594088 0.9240831 0.1660329 0.0424444 0.1384229 0.1384229 0.0862693 0.0863031 1.8454663 0.3331996 0.3411178 0.2401857 0.2822988 0.2822988 0.1890192 0.1890192 0.2033846 0.3554169 0.2581302 0.3332706 0.2829901 0.2766975 0.2766975 0.2581302 0.3172678 0.7668439 0.3494352 0.3099553 0.3099553 0.3849412 0.4212061 0.2822809 0.4566966 0.3362738 0.3448570 0.1618872 0.6997210 0.1618872 0.4727271 0.3801080 0.4154166 0.6045836 0.8064202 0.3944090 0.3944090 0.7311996 0.4528282 0.4528282 0.7108816 0.7191534 0.4860523 0.5342292 0.5342292 0.4860523 0.5242973 0.5242973 0.5674928 0.6760115 0.6760115 0.5674928 1.1302992 0.5406173 0.7169923 0.5672843 0.5650720 0.5650720 0.6454172 0.6454172 0.6986290 1.0750669 0.6883112 0.6883112 1.1171357 2.3504025 1.0559223 1.0282703 1.2316822 0.7497690 1.0675573 1.0675573 1.0025284 1.4815987 1.2544795 0.8675733 1.0233173 0.9974193 1.1041964 1.2961230 1.9857343 1.4999344 1.2149785 0.9336455 2.0891312 1.0044022 1.9962935 1.7992310 1.7992310 1.7451312 0.9748128 1.8933287 1.7596322 2.0517898 1.5305331 1.5305331 1.7967756 1.6426206 1.6426206 1.4184118 1.0994599 1.4905537 1.5824463 1.2385466 2.1626022 1.2067748 1.4082142 1.0895614 1.7273574 1.3375445 1.5536735 1.9692663 1.3684758 1.5056589 1.1104893 1.9606374 1.1650276 1.1570673 1.8040992 1.6990829 1.2059905 1.0863051 
Medtr8g033250.1_MADS               0.1418851 0.1660329 0.0424444 0.0000010 0.0000000 0.1383540 0.1771521 0.1383540 0.3609183 0.3609183 0.2025444 0.2025444 0.1409481 0.1957858 0.1650589 0.3250630 0.3096837 0.3056400 0.2641480 0.2206851 0.3622276 0.4192003 0.2743855 0.4125092 0.4336476 0.2302816 0.4631072 0.3319351 0.4162188 0.3204963 0.4358896 0.5082654 0.3960395 0.3741953 0.5168115 0.5151850 0.6243899 0.7594088 0.9240831 0.1660329 0.0424444 0.1384229 0.1384229 0.0862693 0.0863031 1.8454663 0.3331996 0.3411178 0.2401857 0.2822988 0.2822988 0.1890192 0.1890192 0.2033846 0.3554169 0.2581302 0.3332706 0.2829901 0.2766975 0.2766975 0.2581302 0.3172678 0.7668439 0.3494352 0.3099553 0.3099553 0.3849412 0.4212061 0.2822809 0.4566966 0.3362738 0.3448570 0.1618872 0.6997210 0.1618872 0.4727271 0.3801080 0.4154166 0.6045836 0.8064202 0.3944090 0.3944090 0.7311996 0.4528282 0.4528282 0.7108816 0.7191534 0.4860523 0.5342292 0.5342292 0.4860523 0.5242973 0.5242973 0.5674928 0.6760115 0.6760115 0.5674928 1.1302992 0.5406173 0.7169923 0.5672843 0.5650720 0.5650720 0.6454172 0.6454172 0.6986290 1.0750669 0.6883112 0.6883112 1.1171357 2.3504025 1.0559223 1.0282703 1.2316822 0.7497690 1.0675573 1.0675573 1.0025284 1.4815987 1.2544795 0.8675733 1.0233173 0.9974193 1.1041964 1.2961230 1.9857343 1.4999344 1.2149785 0.9336455 2.0891312 1.0044022 1.9962935 1.7992310 1.7992310 1.7451312 0.9748128 1.8933287 1.7596322 2.0517898 1.5305331 1.5305331 1.7967756 1.6426206 1.6426206 1.4184118 1.0994599 1.4905537 1.5824463 1.2385466 2.1626022 1.2067748 1.4082142 1.0895614 1.7273574 1.3375445 1.5536735 1.9692663 1.3684758 1.5056589 1.1104893 1.9606374 1.1650276 1.1570673 1.8040992 1.6990829 1.2059905 1.0863051 
Medtr3g005530.1_MADS               0.1913179 0.1377901 0.1867308 0.1383540 0.1383540 0.0000000 0.1400525 0.0000010 0.3305150 0.3305150 0.1638241 0.1638241 0.0210547 0.1630303 0.0423460 0.3376462 0.4029193 0.2636551 0.2493923 0.1897271 0.3505910 0.3049430 0.2412035 0.3608583 0.4648927 0.1894670 0.4225475 0.2753037 0.4039665 0.2837002 0.4360004 0.5036471 0.3352738 0.3372803 0.4590671 0.4623464 0.6115610 0.7630222 1.0778529 0.1377901 0.1867308 0.0423548 0.0423548 0.2370060 0.2370765 1.6663537 0.4032255 0.3701931 0.2926327 0.3035926 0.3035926 0.0637430 0.0637430 0.1644186 0.3374545 0.2153983 0.2899760 0.2135694 0.3556671 0.3556671 0.2153983 0.3365266 0.9106904 0.3890346 0.3533609 0.3533609 0.4281470 0.4720112 0.3035806 0.3745654 0.2890806 0.3129465 0.2430608 0.8081288 0.2430608 0.5322797 0.3473710 0.3955677 0.7055427 0.9191726 0.4691795 0.4691795 0.8353271 0.5253727 0.5253727 0.8228309 0.7828609 0.4829702 0.5393529 0.5393529 0.4829702 0.5639465 0.5639465 0.4864693 0.6559763 0.6559763 0.4864693 1.1659478 0.4865799 0.7103882 0.6698655 0.5968505 0.5968505 0.6768540 0.6768540 0.7847596 1.1297767 0.6667600 0.6667600 1.1593852 2.4284353 1.0803211 1.1833097 1.4213450 0.7954267 1.1661543 1.1661543 1.1115212 1.6009119 1.4387017 0.8897943 1.1964748 1.1655987 1.2035206 1.3656506 2.7576670 1.3945048 1.3398944 1.0142911 2.2113492 0.9319583 2.1111506 2.0597886 2.0597886 2.0013792 1.0714115 2.1702170 1.9198979 2.2745743 1.5892551 1.5892551 1.7701843 1.6306119 1.6306119 1.4987425 1.2208758 1.4811090 1.5715928 1.4330515 2.2730470 1.3522347 1.5208410 1.1330709 1.9600404 1.5659250 1.7564453 2.1167090 1.5982507 1.6254777 1.2344905 2.1074001 1.2653184 1.0566561 1.9795018 1.7937633 1.0893585 1.3063659 
Medtr3g084980.1_MADS               0.1575087 0.0637112 0.1755147 0.1771521 0.1771521 0.1400525 0.0000000 0.1400525 0.4153455 0.4153455 0.0209046 0.0209046 0.1420635 0.0427874 0.1663544 0.2821595 0.3249065 0.1935977 0.3232691 0.1095829 0.4599769 0.4079361 0.2057405 0.2785339 0.5274787 0.0651014 0.4544110 0.2147088 0.5075297 0.2440761 0.4847564 0.5891644 0.3551961 0.3549552 0.5421424 0.4960454 0.7071908 0.8013026 1.1493175 0.0637112 0.1755147 0.1441850 0.1441850 0.2284727 0.2285432 1.6663537 0.4189217 0.3568456 0.2969530 0.4143911 0.4143911 0.1904876 0.1904876 0.0209460 0.4201478 0.0643182 0.2179406 0.1798713 0.4050575 0.4050575 0.0643182 0.2755105 0.8932671 0.4408832 0.4373174 0.4373174 0.4519863 0.4857297 0.1877894 0.4387409 0.2160875 0.4424500 0.2773099 0.7906797 0.2773099 0.4900826 0.4822859 0.4117732 0.6876532 0.9023550 0.4213841 0.4213841 0.8799636 0.5189470 0.5189470 0.8050402 0.8658286 0.5491790 0.6753361 0.6753361 0.5491790 0.5535217 0.5535217 0.5311502 0.5011453 0.5011453 0.5311502 1.2114530 0.5522711 0.8493891 0.7160558 0.5567030 0.5567030 0.6346810 0.6346810 0.8107459 1.0991807 0.6951707 0.6951707 1.0958990 2.2266752 1.0499480 1.2962943 1.4082537 0.8286483 1.2916784 1.2916784 1.1655234 1.7716880 1.4793273 1.3333884 1.2578812 1.2567162 1.2702705 1.3349244 3.6179001 1.5568062 1.4150305 0.9406055 2.4725836 0.9800486 2.3599372 2.0743096 2.0743096 2.0156829 1.0583240 2.1855656 1.9789905 2.3012719 1.5497057 1.5497057 1.7392952 1.7352157 1.7352157 1.7413997 1.1682837 1.6123041 1.7108402 1.5146047 2.2948634 1.3540292 1.7587236 1.0869745 1.8926362 1.6493667 1.7422476 2.1771687 1.6814713 1.7069493 1.0970061 2.1674637 1.1709791 0.9166609 2.0308848 1.8719376 1.0893585 1.4580804 
Medtr2g017865.1_MADS               0.1913179 0.1377901 0.1867308 0.1383540 0.1383540 0.0000010 0.1400525 0.0000000 0.3305150 0.3305150 0.1638241 0.1638241 0.0210547 0.1630303 0.0423460 0.3376462 0.4029193 0.2636551 0.2493923 0.1897271 0.3505910 0.3049430 0.2412035 0.3608583 0.4648927 0.1894670 0.4225475 0.2753037 0.4039665 0.2837002 0.4360004 0.5036471 0.3352738 0.3372803 0.4590671 0.4623464 0.6115610 0.7630222 1.0778529 0.1377901 0.1867308 0.0423548 0.0423548 0.2370060 0.2370765 1.6663537 0.4032255 0.3701931 0.2926327 0.3035926 0.3035926 0.0637430 0.0637430 0.1644186 0.3374545 0.2153983 0.2899760 0.2135694 0.3556671 0.3556671 0.2153983 0.3365266 0.9106904 0.3890346 0.3533609 0.3533609 0.4281470 0.4720112 0.3035806 0.3745654 0.2890806 0.3129465 0.2430608 0.8081288 0.2430608 0.5322797 0.3473710 0.3955677 0.7055427 0.9191726 0.4691795 0.4691795 0.8353271 0.5253727 0.5253727 0.8228309 0.7828609 0.4829702 0.5393529 0.5393529 0.4829702 0.5639465 0.5639465 0.4864693 0.6559763 0.6559763 0.4864693 1.1659478 0.4865799 0.7103882 0.6698655 0.5968505 0.5968505 0.6768540 0.6768540 0.7847596 1.1297767 0.6667600 0.6667600 1.1593852 2.4284353 1.0803211 1.1833097 1.4213450 0.7954267 1.1661543 1.1661543 1.1115212 1.6009119 1.4387017 0.8897943 1.1964748 1.1655987 1.2035206 1.3656506 2.7576670 1.3945048 1.3398944 1.0142911 2.2113492 0.9319583 2.1111506 2.0597886 2.0597886 2.0013792 1.0714115 2.1702170 1.9198979 2.2745743 1.5892551 1.5892551 1.7701843 1.6306119 1.6306119 1.4987425 1.2208758 1.4811090 1.5715928 1.4330515 2.2730470 1.3522347 1.5208410 1.1330709 1.9600404 1.5659250 1.7564453 2.1167090 1.5982507 1.6254777 1.2344905 2.1074001 1.2653184 1.0566561 1.9795018 1.7937633 1.0893585 1.3063659 
Medtr5g032520.1_MADS               0.3416749 0.3196991 0.3025283 0.3609183 0.3609183 0.3305150 0.4153455 0.3305150 0.0000000 0.0000010 0.3859767 0.3859767 0.3600088 0.3834978 0.3876618 0.3434089 0.3164223 0.3506576 0.2873573 0.3554698 0.4129041 0.3820932 0.3338300 0.3688581 0.2309202 0.4196745 0.4959505 0.2925111 0.2919203 0.3507950 0.5892961 0.3346488 0.4311163 0.3740016 0.5207445 0.3684928 0.6181692 0.8224679 0.9804021 0.3196991 0.3025283 0.3305150 0.3305150 0.3258231 0.3620396 1.0795067 0.0867174 0.2861396 0.3117236 0.3633163 0.3633163 0.3600088 0.3600088 0.4469484 0.2912509 0.4526617 0.3793800 0.3050494 0.4002847 0.4002847 0.4526617 0.3183779 0.8221190 0.0665570 0.3957501 0.3957501 0.3067785 0.1754804 0.4062738 0.4667136 0.3624985 0.4333379 0.3719119 0.8341312 0.3719119 0.3384940 0.4726652 0.4395653 0.7760594 0.8639221 0.4915712 0.4915712 0.8566095 0.3167937 0.3167937 0.8335511 0.7883312 0.5957136 0.5531432 0.5531432 0.5957136 0.5845735 0.5845735 0.5334704 0.6639247 0.6639247 0.5334704 1.1411924 0.4780263 0.8412338 0.7588244 0.6168243 0.6168243 0.6229911 0.6229911 0.7461251 1.1257275 0.6116692 0.6116692 1.1169737 1.3121964 1.1330751 1.1302377 1.0800752 0.6521752 1.0987381 1.0987381 1.3155317 1.3801505 1.3772660 1.0198426 1.1108937 1.0516726 1.4002806 1.4682608 1.9572318 1.3035209 1.2702364 1.2997793 1.7140958 1.1462492 1.7984867 1.9951525 1.9951525 1.9382902 0.9520371 2.1004734 1.9126827 1.7549463 1.5270448 1.5270448 1.7010419 1.5086160 1.5086160 1.4706138 1.2681783 1.5375206 1.6889727 1.3334364 2.2364868 1.1877721 1.4082591 1.2382959 1.7489105 1.5062599 1.5561508 2.0841755 1.5855048 1.5997644 1.3114416 2.0747688 1.0109579 1.1519843 2.0258314 1.8226109 1.4487649 1.4863415 
Medtr5g032150.1_MADS               0.3416749 0.3196991 0.3025283 0.3609183 0.3609183 0.3305150 0.4153455 0.3305150 0.0000010 0.0000000 0.3859767 0.3859767 0.3600088 0.3834978 0.3876618 0.3434089 0.3164223 0.3506576 0.2873573 0.3554698 0.4129041 0.3820932 0.3338300 0.3688581 0.2309202 0.4196745 0.4959505 0.2925111 0.2919203 0.3507950 0.5892961 0.3346488 0.4311163 0.3740016 0.5207445 0.3684928 0.6181692 0.8224679 0.9804021 0.3196991 0.3025283 0.3305150 0.3305150 0.3258231 0.3620396 1.0795067 0.0867174 0.2861396 0.3117236 0.3633163 0.3633163 0.3600088 0.3600088 0.4469484 0.2912509 0.4526617 0.3793800 0.3050494 0.4002847 0.4002847 0.4526617 0.3183779 0.8221190 0.0665570 0.3957501 0.3957501 0.3067785 0.1754804 0.4062738 0.4667136 0.3624985 0.4333379 0.3719119 0.8341312 0.3719119 0.3384940 0.4726652 0.4395653 0.7760594 0.8639221 0.4915712 0.4915712 0.8566095 0.3167937 0.3167937 0.8335511 0.7883312 0.5957136 0.5531432 0.5531432 0.5957136 0.5845735 0.5845735 0.5334704 0.6639247 0.6639247 0.5334704 1.1411924 0.4780263 0.8412338 0.7588244 0.6168243 0.6168243 0.6229911 0.6229911 0.7461251 1.1257275 0.6116692 0.6116692 1.1169737 1.3121964 1.1330751 1.1302377 1.0800752 0.6521752 1.0987381 1.0987381 1.3155317 1.3801505 1.3772660 1.0198426 1.1108937 1.0516726 1.4002806 1.4682608 1.9572318 1.3035209 1.2702364 1.2997793 1.7140958 1.1462492 1.7984867 1.9951525 1.9951525 1.9382902 0.9520371 2.1004734 1.9126827 1.7549463 1.5270448 1.5270448 1.7010419 1.5086160 1.5086160 1.4706138 1.2681783 1.5375206 1.6889727 1.3334364 2.2364868 1.1877721 1.4082591 1.2382959 1.7489105 1.5062599 1.5561508 2.0841755 1.5855048 1.5997644 1.3114416 2.0747688 1.0109579 1.1519843 2.0258314 1.8226109 1.4487649 1.4863415 
Medtr8g097090.1_MADS               0.1830525 0.0422240 0.1501384 0.2025444 0.2025444 0.1638241 0.0209046 0.1638241 0.3859767 0.3859767 0.0000000 0.0000010 0.1661319 0.0212648 0.1904876 0.2532694 0.2970725 0.2176835 0.3505190 0.0871923 0.4515817 0.4011915 0.1821214 0.2525569 0.4967321 0.0431865 0.4470358 0.1902573 0.4780966 0.2189387 0.4771554 0.6205754 0.3264601 0.3486585 0.5333943 0.4675242 0.6739989 0.7899309 1.1241793 0.0422240 0.1501384 0.1685299 0.1685299 0.2027213 0.2027826 1.6663537 0.3892497 0.3281166 0.3249659 0.4427120 0.4427120 0.1661319 0.1661319 0.0420832 0.3916167 0.0426476 0.2420332 0.2029730 0.3772370 0.3772370 0.0426476 0.3025829 0.9336260 0.4096303 0.4082753 0.4082753 0.4229196 0.4548575 0.1635715 0.4317845 0.2404891 0.4347579 0.2514946 0.8285287 0.2514946 0.4604812 0.4741980 0.3822630 0.7233163 0.9414943 0.4517866 0.4517866 0.9212542 0.5497163 0.5497163 0.8440269 0.9079976 0.5182224 0.6655420 0.6655420 0.5182224 0.5858811 0.5858811 0.4984363 0.4713780 0.4713780 0.4984363 1.2609970 0.5193442 0.8387427 0.7273854 0.5890646 0.5890646 0.6648749 0.6648749 0.8219555 1.1345733 0.6847387 0.6847387 1.0506861 2.2266752 1.0841916 1.2392907 1.4664191 0.8165370 1.2359787 1.2359787 1.1097181 1.7014713 1.5450006 1.3333884 1.3162091 1.3173608 1.2116214 1.3732385 3.6179001 1.5955779 1.4771057 0.8930154 2.4653364 0.9316939 2.3532467 2.0681903 2.0681903 2.0097984 1.1026687 2.1788080 1.9012703 2.2943815 1.5468957 1.5468957 1.8156265 1.7313296 1.7313296 1.7413997 1.1490488 1.5917562 1.7071247 1.4472333 2.2055832 1.4050445 1.8178807 1.1349180 1.9773084 1.7055856 1.8195755 2.2237412 1.7376285 1.7855159 1.0967407 2.2139099 1.1709791 0.9797319 2.0220072 1.7442711 1.0893585 1.4095677 
Medtr6g015975.1_MADS               0.1830525 0.0422240 0.1501384 0.2025444 0.2025444 0.1638241 0.0209046 0.1638241 0.3859767 0.3859767 0.0000010 0.0000000 0.1661319 0.0212648 0.1904876 0.2532694 0.2970725 0.2176835 0.3505190 0.0871923 0.4515817 0.4011915 0.1821214 0.2525569 0.4967321 0.0431865 0.4470358 0.1902573 0.4780966 0.2189387 0.4771554 0.6205754 0.3264601 0.3486585 0.5333943 0.4675242 0.6739989 0.7899309 1.1241793 0.0422240 0.1501384 0.1685299 0.1685299 0.2027213 0.2027826 1.6663537 0.3892497 0.3281166 0.3249659 0.4427120 0.4427120 0.1661319 0.1661319 0.0420832 0.3916167 0.0426476 0.2420332 0.2029730 0.3772370 0.3772370 0.0426476 0.3025829 0.9336260 0.4096303 0.4082753 0.4082753 0.4229196 0.4548575 0.1635715 0.4317845 0.2404891 0.4347579 0.2514946 0.8285287 0.2514946 0.4604812 0.4741980 0.3822630 0.7233163 0.9414943 0.4517866 0.4517866 0.9212542 0.5497163 0.5497163 0.8440269 0.9079976 0.5182224 0.6655420 0.6655420 0.5182224 0.5858811 0.5858811 0.4984363 0.4713780 0.4713780 0.4984363 1.2609970 0.5193442 0.8387427 0.7273854 0.5890646 0.5890646 0.6648749 0.6648749 0.8219555 1.1345733 0.6847387 0.6847387 1.0506861 2.2266752 1.0841916 1.2392907 1.4664191 0.8165370 1.2359787 1.2359787 1.1097181 1.7014713 1.5450006 1.3333884 1.3162091 1.3173608 1.2116214 1.3732385 3.6179001 1.5955779 1.4771057 0.8930154 2.4653364 0.9316939 2.3532467 2.0681903 2.0681903 2.0097984 1.1026687 2.1788080 1.9012703 2.2943815 1.5468957 1.5468957 1.8156265 1.7313296 1.7313296 1.7413997 1.1490488 1.5917562 1.7071247 1.4472333 2.2055832 1.4050445 1.8178807 1.1349180 1.9773084 1.7055856 1.8195755 2.2237412 1.7376285 1.7855159 1.0967407 2.2139099 1.1709791 0.9797319 2.0220072 1.7442711 1.0893585 1.4095677 
Medtr8g087860.1_MADS               0.1665099 0.1621751 0.1900968 0.1409481 0.1409481 0.0210547 0.1420635 0.0210547 0.3600088 0.3600088 0.1661319 0.1661319 0.0000000 0.1390222 0.0210551 0.3585727 0.4080437 0.2667571 0.2765428 0.2152917 0.3573211 0.3327534 0.2674869 0.3650443 0.4345135 0.1921066 0.4176020 0.2491527 0.4340742 0.3118696 0.4433015 0.5112936 0.3411445 0.3098052 0.4661184 0.4933152 0.6209571 0.7752048 1.1086011 0.1621751 0.1900968 0.0210547 0.0210547 0.2411312 0.2412045 1.6663537 0.4341559 0.3995207 0.2887581 0.3043147 0.3043147 0.0422713 0.0422713 0.1667452 0.3660749 0.2183533 0.2933090 0.2393233 0.3564423 0.3564423 0.2183533 0.3426527 0.9246830 0.4211650 0.3827617 0.3827617 0.4584073 0.4794744 0.2767597 0.4039653 0.2924645 0.3187418 0.2436646 0.8208687 0.2436646 0.5386667 0.3537037 0.4025138 0.7170238 0.9327719 0.4769255 0.4769255 0.8481996 0.5336263 0.5336263 0.8360158 0.7956979 0.4906109 0.5484689 0.5484689 0.4906109 0.5728773 0.5728773 0.5211106 0.6629003 0.6629003 0.5211106 1.1832878 0.5199509 0.7213917 0.6758110 0.6248758 0.6248758 0.7068316 0.7068316 0.7772695 1.1477035 0.6775501 0.6775501 1.1609155 2.4284353 1.0975196 1.2029232 1.4417815 0.8086982 1.1855945 1.1855945 1.1310190 1.6251543 1.4612886 0.8897943 1.2166584 1.1857546 1.2241173 1.3859167 2.7576670 1.4666589 1.3609579 1.0323918 2.2417929 0.9317835 2.1402670 2.0925433 2.0925433 2.0338399 1.0276264 2.2046413 1.9476293 2.3079526 1.5965298 1.5965298 1.7778763 1.6378889 1.6378889 1.4987425 1.2286690 1.4880336 1.5786467 1.4567515 2.3056198 1.2997678 1.5462781 1.1330709 1.9914177 1.5921001 1.7845003 2.1460650 1.6245126 1.6521681 1.2439270 2.1366382 1.2653184 1.0890213 2.0274485 1.8398460 1.0893585 1.3663844 
Medtr7g016600.1_MADS               0.1539325 0.0420535 0.1446282 0.1957858 0.1957858 0.1630303 0.0427874 0.1630303 0.3834978 0.3834978 0.0212648 0.0212648 0.1390222 0.0000000 0.1627998 0.2721018 0.3322843 0.2250809 0.3484224 0.0868156 0.4382946 0.3987591 0.1812477 0.2615558 0.4550950 0.0662801 0.4509984 0.1625614 0.4749880 0.2178014 0.4650335 0.5985988 0.3107570 0.3140478 0.5134791 0.4645808 0.6582491 0.7702027 1.0778179 0.0420535 0.1446282 0.1410636 0.1410636 0.1959380 0.1959960 1.6663537 0.3867236 0.3260905 0.3279018 0.4448727 0.4448727 0.1390222 0.1390222 0.0645987 0.3891741 0.0654701 0.2501553 0.2019971 0.3790693 0.3790693 0.0654701 0.2934992 0.9125019 0.4068211 0.4056735 0.4056735 0.4202195 0.4355602 0.1367294 0.4291511 0.2486811 0.4226140 0.2526994 0.8091856 0.2526994 0.5013976 0.4613281 0.3712168 0.7057413 0.9209760 0.4326324 0.4326324 0.8996846 0.5289520 0.5289520 0.8240261 0.8860244 0.4979937 0.6491333 0.6491333 0.4979937 0.5636226 0.5636226 0.4948285 0.4885331 0.4885331 0.4948285 1.2344359 0.5155574 0.8200062 0.7293221 0.6152349 0.6152349 0.6925162 0.6925162 0.8299329 1.1178184 0.6671740 0.6671740 1.0572209 2.2266752 1.0685580 1.2095192 1.4354929 0.7953920 1.2068698 1.2068698 1.0807019 1.6659485 1.5102239 1.3333884 1.2849199 1.2848469 1.1810688 1.3522334 3.6179001 1.5797150 1.4440807 0.8689166 2.4213507 0.9294389 2.3107152 2.0232172 2.0232172 1.9649400 1.0325281 2.1321507 1.8629197 2.2494133 1.5558067 1.5558067 1.8275082 1.7421271 1.7421271 1.7413997 1.1553149 1.6011873 1.7175833 1.4123153 2.1635863 1.3183704 1.7769991 1.1349180 1.9346042 1.6668672 1.7797723 2.1822072 1.6989040 1.7449207 1.1037479 2.1724906 1.1709791 0.9534735 1.9550766 1.6811696 1.0893585 1.3197390 
Medtr3g452380.3_MADS               0.1909960 0.1860144 0.2145076 0.1650589 0.1650589 0.0423460 0.1663544 0.0423460 0.3876618 0.3876618 0.1904876 0.1904876 0.0210551 0.1627998 0.0000000 0.3871834 0.4355338 0.2933090 0.3024379 0.2400005 0.3878020 0.3589818 0.2926073 0.3934554 0.4061451 0.2167608 0.4460568 0.2746597 0.4065158 0.3385584 0.4720746 0.5190536 0.3132922 0.3363416 0.4942475 0.5218912 0.6520398 0.7868042 1.1971910 0.1860144 0.2145076 0.0423460 0.0423460 0.2659320 0.2167022 1.6663537 0.4628065 0.4268957 0.3157807 0.3308083 0.3308083 0.0210551 0.0210551 0.1912242 0.3929356 0.2228659 0.2670576 0.2640830 0.3625513 0.3625513 0.2228659 0.3711417 0.9654378 0.4509977 0.4102374 0.4102374 0.4864454 0.5087854 0.3028046 0.4313654 0.3194756 0.3471250 0.2686308 0.7834428 0.2686308 0.5682111 0.3607245 0.3738096 0.7528733 0.9723175 0.4854362 0.4854362 0.8107377 0.5644854 0.5644854 0.8752803 0.7576748 0.5203410 0.5578113 0.5578113 0.5203410 0.5409196 0.5409196 0.5262366 0.6962594 0.6962594 0.5262366 1.1984490 0.5505541 0.7320226 0.7146505 0.6349903 0.6349903 0.6722237 0.6722237 0.8145851 1.1955093 0.6881271 0.6881271 1.1756005 2.4284353 1.1118031 1.2585313 1.4993306 0.8212265 1.1319598 1.1319598 1.1482392 1.5584527 1.5251519 0.8897943 1.1610865 1.1300870 1.2420822 1.4406955 2.7576670 1.5276437 1.4204094 1.0486510 2.3307779 0.9811222 2.2248452 2.1877629 2.1877629 2.1279418 1.0792414 2.3053935 1.8704882 2.4060064 1.6656950 1.6656950 1.7038458 1.7079044 1.7079044 1.4987425 1.2933000 1.5516342 1.6453044 1.5237557 2.2137163 1.3636890 1.5679150 1.1513676 2.0103076 1.6143142 1.8013382 2.2312053 1.6467787 1.5787370 1.3228379 2.2213990 1.2653184 1.1160600 2.1680739 1.9742353 1.0893585 1.5439206 
Medtr1g053070.1_MADS               0.2339207 0.2214698 0.2643590 0.3250630 0.3250630 0.3376462 0.2821595 0.3376462 0.3434089 0.3434089 0.2532694 0.2532694 0.3585727 0.2721018 0.3871834 0.0000000 0.2367378 0.3993269 0.3352240 0.2872814 0.4757141 0.3876988 0.4010601 0.3662405 0.4572944 0.3032465 0.5069892 0.3448857 0.4215369 0.4205908 0.6592229 0.4722298 0.3999653 0.5247136 0.4844484 0.5022990 0.5407969 0.9090726 1.1774231 0.2214698 0.2643590 0.3597807 0.3597807 0.2889472 0.3259873 1.3501078 0.3402872 0.2084715 0.2681756 0.3969475 0.3969475 0.3585727 0.3585727 0.3123851 0.3002092 0.3168480 0.4295145 0.3642770 0.3517847 0.3517847 0.3168480 0.4641690 0.8219621 0.3570383 0.3136669 0.3136669 0.4039388 0.3747925 0.3888764 0.4647525 0.3990003 0.5666752 0.3510693 0.7608381 0.3510693 0.4098274 0.6104177 0.3813308 0.6239118 0.8644085 0.4667529 0.4667529 0.7822761 0.4682876 0.4682876 0.8468968 0.7694867 0.5353139 0.8269144 0.8269144 0.5353139 0.5028978 0.5028978 0.5401574 0.7845480 0.7845480 0.5401574 1.2074261 0.4727069 0.7631104 0.7347294 0.4864102 0.4864102 0.5530471 0.5530471 0.7581557 0.9567241 0.6329584 0.6329584 0.9383030 1.7702486 0.9142622 1.1827024 1.1701072 0.6744655 1.1057101 1.1057101 1.0931622 1.5640674 1.3566028 1.0842831 1.2519101 1.2291145 1.2046358 1.1836554 2.8310522 1.2029191 1.3634108 1.1581050 1.9596150 1.0289022 1.8698553 1.6405715 1.6405715 1.5870089 0.8890617 1.7292471 2.0962143 1.8469525 1.3881213 1.3881213 1.8679807 1.4920425 1.4920425 1.2899381 0.8957776 1.3651214 1.4719886 1.2655825 2.0254009 1.2256822 1.4198540 1.1226860 1.7813857 1.4604449 1.5964941 2.0089510 1.4920796 1.6207850 0.8808814 2.0000807 1.2106725 0.8318175 1.5625014 1.6241776 1.3819336 1.6800040 
Medtr0003s0590.1_MADS              0.2846554 0.2963813 0.2530587 0.3096837 0.3096837 0.4029193 0.3249065 0.4029193 0.3164223 0.3164223 0.2970725 0.2970725 0.4080437 0.3322843 0.4355338 0.2367378 0.0000000 0.3318747 0.3154240 0.3303093 0.6510719 0.4163414 0.3133242 0.3635665 0.3869750 0.3460750 0.5754173 0.2502064 0.3296013 0.3604516 0.6635604 0.4552503 0.4609661 0.4083881 0.5876616 0.5062056 0.5733084 0.8381273 1.1325641 0.2963813 0.2530587 0.4016385 0.4016385 0.2761177 0.3104555 0.8113878 0.2914296 0.2751874 0.1511713 0.3666458 0.3666458 0.4080437 0.4080437 0.3543315 0.2296916 0.3590321 0.3587070 0.3015691 0.3411379 0.3411379 0.3590321 0.3680158 0.7242101 0.3041816 0.2414743 0.2414743 0.3009513 0.4072342 0.3407391 0.4906746 0.3284974 0.5486117 0.3776466 0.6853605 0.3776466 0.3326756 0.5914295 0.3774616 0.6358429 0.7927730 0.5366091 0.5366091 0.7337204 0.4575670 0.4575670 0.7918222 0.6374754 0.5386205 0.7989544 0.7989544 0.5386205 0.5134232 0.5134232 0.5205220 0.8697858 0.8697858 0.5205220 1.1397538 0.4736050 0.8037385 0.7087930 0.5164881 0.5164881 0.5583145 0.5583145 0.8144655 1.1108283 0.6598218 0.6598218 0.9571010 1.8505065 1.0915834 1.1333611 1.1269523 0.7184649 1.1778874 1.1778874 1.1346592 1.4541891 1.2768611 1.1237706 1.1414277 1.0096233 1.1990149 1.4122817 2.1288253 1.2992475 1.1981773 1.2257782 2.0158499 1.0916394 1.9229508 1.7937182 1.7937182 1.7386426 0.8850204 1.8893814 1.8706091 1.9652884 1.4762973 1.4762973 1.5477744 1.5884705 1.5884705 1.3942411 1.0299089 1.4538507 1.5618442 1.0011848 1.9781523 1.0935945 1.3177407 0.9179380 1.6345673 1.3557546 1.5388871 2.3415552 1.3624487 1.6796612 1.0072707 2.3309153 1.1434202 1.0498979 1.6272896 1.8835429 1.2304804 1.2733853 
Medtr8g066260.1_MADS               0.2671664 0.1958785 0.3026889 0.3056400 0.3056400 0.2636551 0.1935977 0.2636551 0.3506576 0.3506576 0.2176835 0.2176835 0.2667571 0.2250809 0.2933090 0.3993269 0.3318747 0.0000000 0.3712119 0.2234602 0.5562932 0.4369576 0.1893878 0.1370350 0.5267206 0.2731769 0.4601923 0.0864654 0.5122632 0.2059250 0.6238617 0.4900346 0.3623820 0.2286141 0.4988177 0.4318529 0.5762413 0.9648076 1.2575401 0.1958785 0.3026889 0.2703888 0.2703888 0.3012639 0.3616689 1.7200998 0.4198107 0.4764063 0.2387867 0.3561690 0.3561690 0.3195256 0.3195256 0.2185606 0.4139580 0.2706066 0.0204168 0.0421405 0.3953312 0.3953312 0.2706066 0.1177756 0.7698313 0.4058027 0.5596207 0.5596207 0.5251956 0.4619604 0.2741242 0.4555241 0.0633981 0.5253649 0.4373099 0.7617372 0.4373099 0.5878060 0.5679769 0.3872114 0.7431476 0.7510928 0.5393243 0.5393243 0.9177220 0.5267046 0.5267046 0.7636215 0.7391898 0.6982286 0.7144556 0.7144556 0.6982286 0.6418351 0.6418351 0.6657117 0.6549214 0.6549214 0.6657117 1.2446481 0.4751639 0.9610853 0.8190578 0.6647041 0.6647041 0.6887193 0.6887193 0.9536367 1.3034776 0.8132590 0.8132590 1.1354964 2.6328396 1.2465462 1.3076741 1.3160894 0.8497279 1.2524244 1.2524244 1.2903524 1.8071114 1.2965457 1.3333884 1.3015393 1.2542099 1.3291098 1.6121149 3.2493765 1.6756870 1.1817376 1.1771305 2.5009625 1.1416561 2.3871923 1.9773659 1.9773659 1.9196598 1.0664298 2.0835692 1.8664442 2.3300358 1.4927580 1.4927580 1.6590955 1.6758955 1.6758955 1.5992124 1.1608006 1.5544909 1.6267847 1.3751048 2.0282386 1.3375048 1.7187001 1.1026188 1.7163267 1.6844675 1.6904333 2.1494359 1.6622546 1.6777451 1.1977239 2.1396506 1.1774627 1.1534937 2.0885837 1.8347304 1.3051879 1.4693218 
Medtr2g009890.1_MADS               0.2575403 0.2891270 0.2616604 0.2641480 0.2641480 0.2493923 0.3232691 0.2493923 0.2873573 0.2873573 0.3505190 0.3505190 0.2765428 0.3484224 0.3024379 0.3352240 0.3154240 0.3712119 0.0000000 0.3536007 0.4794948 0.3425989 0.3833037 0.3352803 0.2614495 0.3818812 0.4861091 0.3541579 0.1782876 0.3606320 0.5737295 0.4068326 0.3545408 0.4048976 0.4239908 0.3911874 0.5637239 0.8070476 1.0274105 0.2891270 0.2616604 0.2493923 0.2493923 0.2575013 0.3177187 1.1503510 0.3168540 0.2246011 0.2942784 0.4124844 0.4124844 0.3280806 0.3280806 0.3239272 0.0638390 0.4127722 0.3994259 0.3104692 0.4874767 0.4874767 0.4127722 0.3880081 0.7784988 0.2731480 0.1319337 0.1319337 0.1310597 0.4225429 0.3905197 0.4361895 0.3435692 0.4507835 0.3739789 0.8487774 0.3739789 0.2367625 0.4897899 0.4086572 0.6864506 0.8975047 0.4312570 0.4312570 0.7549309 0.3670704 0.3670704 0.8573395 0.6880129 0.4886627 0.6780234 0.6780234 0.4886627 0.4654881 0.4654881 0.4324085 0.7483167 0.7483167 0.4324085 1.0589425 0.4396776 0.7222518 0.6215075 0.4942916 0.4942916 0.5644634 0.5644634 0.9252448 1.0184047 0.6257738 0.6257738 1.1864677 1.7702486 1.0008503 1.1198290 1.2434066 0.6795049 1.2257653 1.2257653 1.1682249 1.6169593 1.3356445 1.1874209 1.0740036 1.0383661 1.2794910 1.2869237 1.7241993 1.1281684 1.1373308 1.1700299 1.8202557 1.0883900 1.7367210 1.8775300 1.8775300 1.8215458 1.0092587 1.9775122 1.9815964 1.9177565 1.4731464 1.4731464 1.5800085 1.6188653 1.6188653 1.4184118 1.1230578 1.5007589 1.5963526 1.1516764 2.3390453 1.2547257 1.3759818 1.2024786 1.8436892 1.4599199 1.7339232 1.9847396 1.4908907 1.6098643 1.2381514 1.9760471 1.1448355 0.9144402 1.7603147 2.0307903 1.5096935 1.3605980 
Medtr7g075850.1_MADS               0.2082181 0.0423766 0.1689064 0.2206851 0.2206851 0.1897271 0.1095829 0.1897271 0.3554698 0.3554698 0.0871923 0.0871923 0.2152917 0.0868156 0.2400005 0.2872814 0.3303093 0.2234602 0.3536007 0.0000000 0.4009340 0.3720499 0.1574818 0.2599269 0.5299347 0.1356297 0.4599563 0.1873128 0.4831713 0.1925732 0.3854094 0.5361190 0.3135260 0.3707182 0.5098415 0.3317268 0.6541217 0.7627355 0.7948471 0.0423766 0.1689064 0.2182219 0.2182219 0.2209206 0.2209871 1.6663537 0.3584557 0.3310306 0.3351446 0.4475026 0.4475026 0.2152917 0.2152917 0.1323895 0.3953483 0.0886143 0.2485903 0.1784537 0.4149302 0.4149302 0.0886143 0.2901889 0.8406226 0.3773743 0.4123071 0.4123071 0.4271546 0.4332708 0.1872271 0.4025146 0.2470888 0.3080581 0.2517222 0.8155698 0.2517222 0.5379631 0.3422005 0.3411271 0.6782146 0.8515981 0.4661129 0.4661129 0.9566943 0.4053759 0.4053759 0.7518769 0.8391211 0.5683527 0.5787237 0.5787237 0.5683527 0.6022183 0.6022183 0.5417665 0.5577630 0.5577630 0.5417665 1.2083780 0.4858770 0.7147857 0.7059729 0.5697306 0.5697306 0.6465374 0.6465374 0.8239613 1.1864870 0.6601685 0.6601685 1.1385701 2.1618217 1.1334466 1.2245453 1.2013113 0.8052554 1.1787648 1.1787648 1.1281519 1.6611659 1.4941603 1.3333884 1.2843613 1.1935349 1.2387308 1.4351337 3.0387096 1.5447377 1.4290688 0.9116217 2.3929085 0.9569791 2.2840898 1.8548193 1.8548193 1.7997026 0.9604106 1.9525600 1.8400702 2.2218291 1.5232420 1.5232420 1.8610990 1.7041403 1.7041403 1.5992124 1.1277413 1.5671103 1.6806358 1.4334857 2.0273792 1.2268657 1.6369504 1.0527459 1.7109025 1.5359177 1.5764384 2.2952732 1.5674325 1.7591686 1.1686302 2.2849589 1.1384283 1.1893057 1.8902303 1.6886003 1.1709519 1.3916914 
Medtr3g102570.1_MADS               0.4287306 0.3936373 0.3876476 0.3622276 0.3622276 0.3505910 0.4599769 0.3505910 0.4129041 0.4129041 0.4515817 0.4515817 0.3573211 0.4382946 0.3878020 0.4757141 0.6510719 0.5562932 0.4794948 0.4009340 0.0000000 0.4544859 0.5159748 0.5769687 0.5994349 0.4899100 0.4503542 0.5436560 0.5493025 0.5496883 0.2770737 0.5746561 0.6438787 0.6100497 0.6001467 0.5108807 0.7537326 0.6732633 0.5539524 0.3936373 0.3876476 0.3839340 0.3839340 0.3910334 0.4529932 1.5312263 0.4910876 0.3769414 0.5356763 0.3911237 0.3911237 0.3805954 0.3805954 0.4612479 0.5543978 0.5273460 0.5904220 0.5181022 0.4800683 0.4800683 0.5273460 0.5596669 0.8317754 0.4910876 0.5403282 0.5403282 0.5508177 0.4606036 0.5161348 0.4802816 0.5605229 0.2174557 0.3897131 0.8634269 0.3897131 0.6445530 0.2468375 0.6275651 0.6708372 0.9499027 0.5713302 0.5713302 0.8477313 0.4809999 0.4809999 0.8544500 0.7731566 0.7152202 0.4258679 0.4258679 0.7152202 0.7507946 0.7507946 0.8598690 0.5240602 0.5240602 0.8598690 1.3078239 0.6085325 0.4820726 0.7247482 0.8034378 0.8034378 0.8529095 0.8529095 0.9017406 1.1233645 0.5514502 0.5514502 1.1322241 1.9515394 1.2127029 1.1544382 1.0997850 0.6241142 1.0948493 1.0948493 1.1467074 1.5933868 1.2848879 0.8305363 1.2174206 1.2176383 1.2573018 1.3703572 2.8389068 1.4056443 1.4231019 1.0368857 1.9800011 1.0827397 2.0838614 1.7314326 1.7314326 1.6740245 1.1255103 1.8295542 1.5419490 1.8754259 1.7398171 1.7398171 1.9955324 1.6573153 1.6573153 1.3063865 1.2506591 1.6566964 1.7682011 1.5067305 1.7199536 1.4867655 1.7549397 1.4325667 2.0908621 1.6333182 1.7549514 1.9016721 1.6658860 1.6435045 1.4025364 1.8927759 1.2218565 1.4334102 1.6480188 1.4310431 1.0551344 0.8830858 
Medtr3g113030.1_MADS               0.3394480 0.3386727 0.3810466 0.4192003 0.4192003 0.3049430 0.4079361 0.3049430 0.3820932 0.3820932 0.4011915 0.4011915 0.3327534 0.3987591 0.3589818 0.3876988 0.4163414 0.4369576 0.3425989 0.3720499 0.4544859 0.0000000 0.4093582 0.4767810 0.4756315 0.4330896 0.2154497 0.4000323 0.3878404 0.4521120 0.4904307 0.5395555 0.5336835 0.3962796 0.3548090 0.4774498 0.4350437 0.7394639 1.2620284 0.3386727 0.3810466 0.3600108 0.3600108 0.3438811 0.4420416 1.5181783 0.4133060 0.4366510 0.4060148 0.3574289 0.3574289 0.3530008 0.3530008 0.3762290 0.3590501 0.4643719 0.4659005 0.3709919 0.4536562 0.4536562 0.4643719 0.4851186 0.8465034 0.3997529 0.4102064 0.4102064 0.4436327 0.4618928 0.4481941 0.1055854 0.3921440 0.4395807 0.4336363 0.8249788 0.4336363 0.5434603 0.4768736 0.5255790 0.7032647 0.8412794 0.5956279 0.5956279 0.8264367 0.5424168 0.5424168 0.9082723 0.7586417 0.6817805 0.7014720 0.7014720 0.6817805 0.6386204 0.6386204 0.6228731 0.9003329 0.9003329 0.6228731 1.1392155 0.4262078 0.7015502 0.6814247 0.6723552 0.6723552 0.7105871 0.7105871 0.7931011 1.1635135 0.6582364 0.6582364 1.0839193 1.9888609 1.0983106 1.2974526 1.3077700 0.7297057 1.3557457 1.3557457 1.1917832 1.6161011 1.3080000 1.0721359 1.2840512 1.3502292 1.3056900 1.4573994 1.9368269 1.3158606 1.2958122 1.2867366 1.9385746 1.1011704 1.8901178 1.6662639 1.6662639 1.6132581 1.0090905 1.7550002 1.8045833 1.9889066 1.4829005 1.4829005 1.5631486 1.4921582 1.4921582 1.6250794 1.1318824 1.4042078 1.5036678 1.2622060 2.0252346 1.1791270 1.2055558 1.0580694 1.7449641 1.3385329 1.5609349 2.0650632 1.3692649 1.6374919 1.1927423 2.0559448 1.1403634 1.1514141 1.6845729 2.0385461 1.1682004 0.7115565 
Medtr6g464720.1_MADS               0.2624309 0.1328998 0.2211708 0.2743855 0.2743855 0.2412035 0.2057405 0.2412035 0.3338300 0.3338300 0.1821214 0.1821214 0.2674869 0.1812477 0.2926073 0.4010601 0.3133242 0.1893878 0.3833037 0.1574818 0.5159748 0.4093582 0.0000000 0.2212387 0.5417242 0.2353213 0.5281751 0.1467996 0.4728906 0.0678838 0.5591602 0.5867670 0.3916161 0.3456986 0.5805396 0.3773613 0.6294454 0.9191777 1.2787225 0.1328998 0.2211708 0.2709214 0.2709214 0.2748356 0.2749322 1.7099944 0.4042373 0.4305930 0.2832583 0.4419671 0.4419671 0.2674869 0.2674869 0.2301196 0.3599247 0.2330220 0.2137741 0.1350245 0.4587333 0.4587333 0.2330220 0.2684457 0.7467643 0.3557114 0.4820533 0.4820533 0.4720712 0.4821974 0.2385655 0.4394336 0.2273255 0.4882275 0.4012193 0.6470236 0.4012193 0.5881145 0.5291551 0.4047000 0.6348224 0.7600082 0.5470242 0.5470242 0.9180770 0.6066396 0.6066396 0.6817644 0.7078108 0.6526723 0.6995294 0.6995294 0.6526723 0.6608627 0.6608627 0.6006020 0.7079133 0.7079133 0.6006020 1.2654212 0.4845674 0.9742569 0.7593103 0.6970959 0.6970959 0.7489815 0.7489815 0.9009476 1.2859391 0.8309291 0.8309291 1.0750993 2.6000323 1.2287903 1.3391554 1.4863083 0.8770877 1.2879449 1.2879449 1.3012501 1.6520439 1.5201684 1.3333884 1.2277593 1.3462887 1.3715536 1.4976594 3.1774888 1.7076146 1.4837470 1.0690950 2.6404544 1.0363034 2.5195309 1.7705710 1.7705710 1.7169486 0.9647683 1.8628541 1.8658055 2.4689718 1.5159355 1.5159355 1.9653399 1.6998825 1.6998825 1.5992124 1.1420739 1.5604296 1.6718951 1.4367251 2.1411218 1.2039115 1.6086903 0.9609296 1.5928151 1.5346222 1.5381322 2.2803318 1.5414867 1.8535658 1.2362751 2.2699972 1.0428048 1.3148950 1.7474718 1.9613436 1.2370866 1.2611248 
