139
Medtr5g046790.1_Kbox               0.0000000 0.4579397 0.2429701 1.1762858 1.4312078 1.1249499 1.2232357 1.1761775 1.4563358 1.5394836 0.5422340 0.9441982 1.3265802 1.2686614 1.1057040 1.6108681 1.4928336 1.4116057 1.5951016 1.2209956 1.3699388 1.9427171 1.7650537 1.4219189 1.7140947 1.6313619 1.8943973 1.9273832 1.6613315 1.9689563 1.8614458 1.8401551 2.2754930 1.8153056 2.3475673 2.4459866 2.8014319 2.6467199 2.7293380 0.3706708 0.3878991 0.5721816 0.5721816 0.9675732 1.5023409 1.5023409 1.4088083 1.4088083 1.4431424 1.5492916 1.2448406 1.2448406 1.4446792 1.2976017 2.1673298 1.4446792 0.9601293 1.2747920 1.5492916 0.9601293 1.4471035 1.3346934 1.5552406 0.8846204 1.4748463 2.5167461 1.1112787 1.4869291 1.4783927 1.1112787 1.3886919 0.9651465 1.7281371 1.7281371 1.3774539 1.3774539 2.0380515 1.6539146 1.6548879 1.7177183 1.6548879 1.5363802 1.8806894 1.6962319 1.7362136 1.7362136 1.8664107 1.8664107 4.0076971 2.5219914 1.6531415 1.3387275 1.5552406 1.2674877 2.0380515 1.7634210 2.1137156 2.1137156 2.4198603 2.8854717 2.4289300 3.1140093 1.6883928 1.6446281 1.6205536 1.6446281 1.6745620 1.6285154 1.6745620 1.6285154 1.2166829 1.2085100 1.2085100 2.0028817 1.4317902 2.3876219 1.7421044 2.1058941 2.0516268 2.6822992 4.5688038 2.8151174 2.8151174 2.6823638 2.9822407 3.1122560 3.3752637 3.3752637 2.4575015 2.5270106 2.3399926 3.4362174 2.1270019 3.5646249 2.6791721 2.9726175 2.4097963 2.3383045 2.3577409 
Medtr4g109830.1_Kbox               0.4579397 0.0000000 0.4341464 1.0238091 1.4200002 0.9654458 1.0235375 0.9165581 1.2916634 1.5502546 0.5538887 0.7341628 1.4620349 1.3938193 0.9074375 1.4849205 1.4185947 1.6095349 1.5522525 1.1608873 1.3444244 1.9307818 2.0261033 1.3630446 1.8527444 1.4326147 1.8244607 1.8569235 1.7198626 1.8536087 1.8495367 1.8103755 2.1720140 1.9726875 1.9888815 2.5567371 2.9426213 2.8414112 2.9106138 0.6024890 0.6722158 0.2557380 0.2557380 0.9711265 1.4797696 1.4797696 1.4294326 1.4294326 1.5821483 1.5637628 0.8890262 0.8890262 1.2610208 1.2658723 2.3596882 1.2610208 0.7284270 0.9399247 1.5637628 0.7284270 1.5662541 1.3268751 1.4902965 0.8965006 1.5291016 3.3932044 1.1269562 1.5250907 1.6906524 1.1269562 1.5716856 0.9590169 1.8917837 1.8917837 1.7975468 1.7975468 2.2750196 1.5208064 1.8117511 1.9695118 1.8117511 1.3738342 1.9558299 1.6300246 1.8332093 1.8332093 1.8358887 1.8358887 5.4805507 2.3077336 1.8628568 1.3778841 1.4902965 1.6845950 2.2750196 1.8853493 2.1790882 2.1790882 2.4855537 2.8808874 2.3221713 4.2600848 1.5435351 1.5223883 1.5394503 1.5223883 1.6181237 1.5273336 1.6181237 1.5273336 1.2583534 1.2439872 1.2439872 2.0857306 1.3375749 2.3295989 1.6725307 2.0626711 1.9717255 2.3491330 4.9280331 2.7869646 2.7869646 3.0489025 2.9076908 3.2672580 3.7649988 3.7649988 2.2302210 2.2045143 2.0259035 3.3025954 1.8551159 3.1774862 2.3103969 2.7125824 2.2217801 2.0958318 2.1455385 
Medtr8g066260.1_Kbox               0.2429701 0.4341464 0.0000000 1.2178601 1.4134585 1.1497785 1.2583335 1.2101064 1.4636393 1.6212730 0.4755218 0.8961936 1.2026214 1.2413952 1.0669666 1.6333168 1.4933870 1.3753428 1.6649779 1.2250977 1.3295802 2.1325146 1.7644897 1.6209511 1.8200492 1.7460321 2.2077308 2.0530130 1.7542750 1.8476006 1.9662341 2.0222981 2.2964206 2.0842053 2.3909960 2.6296609 3.0757438 2.9582846 3.2518760 0.3838106 0.4743162 0.6575096 0.6575096 1.0383035 1.5122304 1.5122304 1.3776515 1.3776515 1.3909854 1.5981360 1.2918903 1.2918903 1.4064140 1.4597369 2.0270703 1.4064140 0.8681454 1.3231722 1.5981360 0.8681454 1.6563233 1.5378014 1.2291217 1.0385927 1.7177773 3.4096928 1.3387716 1.4985348 1.3306629 1.3387716 1.6181006 0.8728726 1.8943042 1.8943042 1.5077413 1.5077413 2.2184204 1.7336888 1.8538835 1.8060848 1.8538835 1.5334318 1.8407128 1.9457904 2.1762041 2.1762041 2.1041172 2.1041172 5.1879672 2.6726671 1.8108879 1.3666595 1.2291217 1.4083442 2.2184204 1.8874854 2.1643614 2.1643614 2.6068859 3.0318766 2.3889088 4.3878869 1.5982979 1.5566843 1.5733542 1.5566843 1.6566174 1.7510764 1.6566174 1.7510764 1.0645939 1.2156109 1.2156109 2.0495489 1.3822899 2.3025691 1.8103377 2.2167865 2.1158825 2.5004324 6.8248167 2.9297849 2.9297849 2.8161526 3.0122060 3.3490952 4.0373493 4.0373493 2.5690144 2.6884916 2.0894336 3.5163365 2.0561046 3.4891825 2.6523493 2.8311869 2.3194426 2.2111545 2.2507010 
Medtr7g075850.1_Kbox               1.1762858 1.0238091 1.2178601 0.0000000 1.2915546 0.1524269 0.9179415 0.8468609 1.3724773 1.5462461 1.3633388 0.7835671 1.3047337 1.3669508 0.8472478 1.3832003 1.3761820 1.4824115 1.5011446 1.0681833 1.2131817 2.0529416 1.6490872 0.9189260 1.4929554 0.8894622 2.0313774 1.6467744 1.8757041 1.5706972 1.8195973 1.6604263 1.8392794 2.0280368 2.1587350 2.3671688 2.5990430 3.3517958 2.9102236 0.9517399 0.8607073 0.9418829 0.9418829 0.5431932 1.0576528 1.0576528 1.1647288 1.1647288 1.3642407 1.1013933 0.7238979 0.7238979 1.3108925 1.4242787 3.0704959 1.3108925 0.7366715 0.7486146 1.1013933 0.7366715 1.3788918 1.2107978 2.5264221 0.5848097 1.3617756 3.2979294 1.0810454 1.3769543 2.1409275 1.0810454 1.6178384 1.3870397 1.5419546 1.5419546 1.7740110 1.7740110 1.8399175 1.4582112 1.7605322 1.6720245 1.7605322 1.4272562 1.4499051 1.4080455 2.0102604 2.0102604 1.9722870 1.9722870 2.9986196 2.0850658 1.6315855 1.3660597 2.5264221 1.6580086 1.8399175 1.5717530 1.7919807 1.7919807 2.4516716 3.0541458 2.5525613 4.1598094 1.5803168 1.5627962 1.7808013 1.5627962 1.8355032 1.8909243 1.8355032 1.8909243 1.5697583 1.6202072 1.6202072 1.7166730 1.4106016 2.2604620 1.7919098 2.0050273 1.9971984 2.6511691 4.2527520 2.6810897 2.6810897 2.5323074 2.5154586 3.2325992 3.9757642 3.9757642 1.8847044 3.2418884 3.1428476 3.6275495 1.5523922 2.7850535 2.1485297 2.6448201 2.1817335 2.3559394 2.0762502 
Medtr2g017865.1_Kbox               1.4312078 1.4200002 1.4134585 1.2915546 0.0000000 1.2119923 1.8516886 1.8657067 1.3578411 0.4894931 1.9016509 1.4469943 1.3848411 1.5886155 1.5179813 0.1898055 0.4350161 1.5632640 1.3378987 1.6418273 1.6833673 2.3332907 1.8908014 2.2604757 2.0162190 2.2081554 2.8299910 2.2424621 1.9419450 2.3167963 1.7172227 1.7485385 1.9221776 2.0134859 2.1587243 2.5887760 2.8031779 3.4548780 3.5492911 1.3695112 1.4851093 1.2162598 1.2162598 1.2897114 0.3172303 0.3172303 0.3855158 0.3855158 1.3256220 0.3229405 1.5874025 1.5874025 0.4561064 1.1228019 3.5129624 0.4561064 1.4861101 1.6625586 0.3229405 1.4861101 1.4248077 0.9517889 2.1388946 1.3726115 1.2761535 2.6685597 1.5988806 1.0937529 3.1165479 1.5988806 1.3928214 1.7630676 1.6564053 1.6564053 1.6068359 1.6068359 1.9568196 1.7043465 1.6199179 1.5371955 1.6199179 0.5619473 1.8928338 1.7203042 2.3714122 2.3714122 1.6722578 1.6722578 4.3277363 2.1384027 1.9479327 1.3763152 2.1388946 1.6808990 1.9568196 1.6516289 2.3628759 2.3628759 2.6197650 2.9799063 2.8401322 2.8874328 2.2511460 2.3235426 2.1343489 2.3235426 1.9992491 2.5283400 1.9992491 2.5283400 1.4482232 1.9199168 1.9199168 2.3214251 1.9415335 2.7136206 1.9198350 2.4057489 2.4523377 2.7428411 2.6041591 2.7052063 2.7052063 3.3466018 3.0365658 3.0319819 2.7312898 2.7312898 2.9463462 3.6602050 2.1380882 3.5289339 1.5471118 3.5173254 2.1857628 3.1128290 2.4865142 2.3108304 2.6237344 
Medtr8g033270.1_Kbox               1.1249499 0.9654458 1.1497785 0.1524269 1.2119923 0.0000000 0.8479069 0.7738110 1.3769881 1.4115159 1.2272310 0.8079251 1.2823431 1.4869545 0.8256984 1.3271301 1.2658871 1.4593453 1.5400787 1.0719271 1.2852175 2.2140466 1.8035851 0.9360225 1.6986621 0.8828687 1.9541847 1.8637706 1.8649986 1.7601501 1.8668472 1.5604394 1.9465910 2.0569975 2.1298003 2.3325825 2.5278195 3.4484947 3.0113160 0.9364666 0.8414433 1.0157123 1.0157123 0.4007112 1.0452765 1.0452765 1.2071499 1.2071499 1.3307206 1.0410861 0.6843729 0.6843729 1.3254228 1.3879501 3.4830868 1.3254228 0.6484230 0.7094562 1.0410861 0.6484230 1.2703126 1.1200841 2.2451884 0.4691871 1.3259263 3.2502851 1.0118979 1.3400747 2.4891389 1.0118979 1.5007182 1.3089693 1.4515434 1.4515434 1.7316780 1.7316780 1.8354406 1.3836905 1.8811500 1.7392676 1.8811500 1.4416866 1.4457681 1.4807397 1.9561148 1.9561148 1.8991422 1.8991422 3.0448614 2.0347475 1.6652526 1.3867146 2.2451884 1.6179125 1.8354406 1.4801690 1.6908433 1.6908433 2.4319022 3.0355940 2.5281072 4.1561365 1.5814856 1.5670431 1.6249002 1.5670431 1.7063751 1.8123099 1.7063751 1.8123099 1.4572692 1.5653634 1.5653634 1.6695471 1.4450472 2.3059380 1.6515539 2.0665187 2.0594074 2.5930737 4.1187587 2.6594049 2.6594049 2.5496322 2.5001736 3.1901715 4.0426490 4.0426490 1.8413455 3.3867707 3.1428476 3.5993649 1.5246441 2.6473338 2.2144579 2.7548326 2.2822859 2.2072571 2.1098084 
Medtr7g016600.1_Kbox               1.2232357 1.0235375 1.2583335 0.9179415 1.8516886 0.8479069 0.0000000 0.0714894 1.6583478 1.6475713 1.2953828 0.2644258 1.6364128 1.6343469 0.2994453 1.7544575 1.9005458 1.7445857 1.7809141 0.6870923 1.2658651 2.6412023 1.8644281 1.2715842 2.2887194 1.3372842 2.4569419 2.1738884 2.0374823 1.7433989 2.1355800 2.0419185 1.9665709 2.5063721 1.9912153 2.7328603 2.8401937 2.5639000 2.7184467 1.1451986 1.0583264 1.0451707 1.0451707 1.0105419 1.5900709 1.5900709 1.4268462 1.4268462 1.5600878 1.5886426 0.1599209 0.1599209 1.3651916 1.6174304 3.2134613 1.3651916 0.2933665 0.1828926 1.5886426 0.2933665 1.6390732 1.3502376 1.7821791 1.0551007 1.2475696 2.1306762 0.6410820 1.6130600 2.6946769 0.6410820 1.6456068 1.3662569 2.1543859 2.1543859 1.9255727 1.9255727 2.0041045 1.8281539 2.0927704 1.9439408 2.0927704 1.4977009 1.8586058 1.8607795 1.6416602 1.6416602 1.9851642 1.9851642 5.2243819 2.2918917 2.1432984 1.5717123 1.7821791 1.8329090 2.0041045 2.2016443 1.9481924 1.9481924 3.3417669 2.9630918 2.7196779 3.5328745 1.8390119 1.8973600 1.6538460 1.8973600 1.7052046 1.8410168 1.7052046 1.8410168 1.3776646 1.5119571 1.5119571 1.8627025 1.8714638 2.4559488 1.8928794 2.1324066 2.2022277 2.9855292 4.4360182 3.2348700 3.2348700 3.0858933 2.9995281 3.7735995 3.0838124 3.0838124 1.9656065 2.4618001 2.2125086 3.2689823 1.6902928 2.7648920 2.8221450 2.4086714 2.0480663 1.9134567 1.9865555 
Medtr6g015975.1_Kbox               1.1761775 0.9165581 1.2101064 0.8468609 1.8657067 0.7738110 0.0714894 0.0000000 1.6388971 1.7318094 1.2247048 0.2611452 1.6633966 1.6743428 0.2703537 1.7955797 2.0087990 1.7736469 1.8000479 0.6411703 1.3038406 2.7988638 1.9491313 1.2069093 2.2861588 1.2392600 2.5754145 2.2781879 2.1207248 1.8862416 2.1277200 1.9158053 2.0558080 2.5131245 2.0183702 2.9707415 3.0905840 2.6983813 2.7391374 1.1223032 1.0170154 1.0034653 1.0034653 0.8347060 1.6884410 1.6884410 1.5494128 1.5494128 1.6410555 1.6978024 0.2007894 0.2007894 1.4680732 1.6931209 3.0553194 1.4680732 0.2628671 0.2245755 1.6978024 0.2628671 1.7260243 1.4632345 1.7005993 0.9490727 1.3965433 2.3374566 0.6248441 1.6749121 2.5135489 0.6248441 1.7651799 1.4139477 2.1833515 2.1833515 2.0051779 2.0051779 2.2242678 1.9512021 2.1677771 2.1323799 2.1677771 1.6130717 1.7993446 1.9543556 1.7771571 1.7771571 2.0271120 2.0271120 6.0801822 2.4138900 2.1353331 1.6225198 1.7005993 1.9083892 2.2242678 2.2304468 1.9506306 1.9506306 3.4971601 3.1652899 2.8185256 3.8788692 1.9039801 1.9465031 1.6950357 1.9465031 1.7664452 1.8828330 1.7664452 1.8828330 1.4003401 1.5380731 1.5380731 1.8655666 1.9541749 2.7947127 1.9719574 2.3912601 2.4776449 3.1890741 4.4611871 3.6007915 3.6007915 3.4113047 3.3188299 4.1125524 3.3145013 3.3145013 2.0856355 2.6356611 2.2125086 3.0373033 1.6902928 2.7009706 3.0643346 2.6814454 2.2796120 2.1218527 2.2000586 
Medtr2g009890.1_Kbox               1.4563358 1.2916634 1.4636393 1.3724773 1.3578411 1.3769881 1.6583478 1.6388971 0.0000000 1.2304121 1.5146518 1.4815726 1.5661407 1.4918005 1.5295201 1.2995405 1.5892076 1.5626014 0.3797566 1.6777347 1.4004917 2.1362590 1.7283766 2.1396326 2.0511645 1.8265763 2.9534929 2.3566579 1.6990062 2.0104335 1.7990738 1.7150157 1.9756478 1.7444328 1.8274286 1.9670084 2.0543499 3.0798049 2.7913832 1.4402902 1.4752215 1.2611440 1.2611440 1.3799807 1.0838296 1.0838296 0.9987197 0.9987197 1.2625746 1.1629669 1.6477037 1.6477037 0.9416260 0.4213265 0.9902603 0.9416260 1.4725293 1.6374320 1.1629669 1.4725293 1.4070309 0.3786320 0.5869182 1.3209910 0.4399114 2.4814650 1.6541434 0.4557816 0.5459412 1.6541434 1.3633414 1.4633648 1.8716234 1.8716234 1.7870174 1.7870174 2.3306657 1.4106026 1.6928671 2.0514480 1.6928671 0.9811364 1.8556923 1.8373216 2.0282550 2.0282550 1.6940213 1.6940213 4.8562328 2.1813422 2.4488075 0.4421117 0.5869182 1.6962735 2.3306657 1.8177213 2.4635860 2.4635860 2.7763393 2.7425138 2.4811612 3.0696819 2.1289570 2.2750876 2.1598776 2.2750876 1.8459961 2.3962800 1.8459961 2.3962800 1.7992761 1.8891560 1.8891560 2.3559847 2.1376009 2.3817276 2.1064222 2.5619220 2.5160578 2.5047585 4.4913665 2.3443765 2.3443765 2.2824376 2.3055735 3.4490523 3.2213144 3.2213144 2.5254880 2.7370613 3.5534617 3.5150483 1.7015026 2.6603255 1.9183827 2.5149280 1.9607821 1.9172913 1.9184602 
Medtr3g005530.1_Kbox               1.5394836 1.5502546 1.6212730 1.5462461 0.4894931 1.4115159 1.6475713 1.7318094 1.2304121 0.0000000 1.8035154 1.3686398 1.3707813 1.4424170 1.5355201 0.4942140 0.5415277 1.5107910 1.4885102 1.4515107 1.5872982 2.5890419 1.7649506 1.9426914 1.9427788 2.1004080 2.6015119 2.1935784 1.8869405 1.8757147 1.8718894 1.8600538 1.7723357 2.0094598 1.9755485 2.2139214 2.2506427 3.0996950 3.1022559 1.5771978 1.4522999 1.1632471 1.1632471 1.4151793 0.4906549 0.4906549 0.3642951 0.3642951 1.1535817 0.4948119 1.6329283 1.6329283 0.2072429 1.1299563 3.6033445 0.2072429 1.3713082 1.7130758 0.4948119 1.3713082 1.0827095 1.0679134 2.5162706 1.5281862 1.3281665 1.9204659 1.2600797 1.2747833 2.9990109 1.2600797 1.1441139 1.5326335 1.5360465 1.5360465 1.6993739 1.6993739 2.2546463 1.8459796 1.7050951 1.4097443 1.7050951 0.2725741 1.9846442 1.8032119 2.3998008 2.3998008 1.5704629 1.5704629 3.0388226 2.1311497 2.1317789 1.2746083 2.5162706 1.6962799 2.2546463 1.5314154 1.9952369 1.9952369 2.7714903 3.3703065 2.5335031 3.2343116 2.2382434 2.3036777 2.0915837 2.3036777 2.0171798 2.4103975 2.0171798 2.4103975 1.5728416 1.9120708 1.9120708 1.9660818 2.0117090 2.4583853 2.0537326 2.4990563 2.6473017 2.6677026 3.9332852 2.1572550 2.1572550 2.3076633 2.3925333 2.7300856 3.1310202 3.1310202 2.1447795 3.2632915 2.1872549 3.6394311 1.5322160 3.1528347 2.0289956 2.2767898 1.9404570 1.7763140 2.0050346 
Medtr7g016630.1_Kbox               0.5422340 0.5538887 0.4755218 1.3633388 1.9016509 1.2272310 1.2953828 1.2247048 1.5146518 1.8035154 0.0000000 0.9654700 1.4944992 1.4092874 1.1890328 2.0863389 1.8948373 1.6009247 1.7591973 1.3748242 1.2817623 2.1676759 2.0300733 1.5151064 2.0091238 1.6152650 1.8914775 2.1299844 1.5694451 1.6902157 1.6185520 2.2496134 2.1028642 2.4500196 2.2988071 2.2035210 2.5370700 2.3643345 2.8325382 0.5686071 0.6450372 0.5877634 0.5877634 1.1111421 1.7238722 1.7238722 1.7020068 1.7020068 1.3261819 1.9409399 1.1297830 1.1297830 1.3254762 1.5320247 1.9411478 1.3254762 0.9076086 1.1584336 1.9409399 0.9076086 1.3941490 1.6957329 1.2254861 1.1360286 1.6912372 2.9016960 1.3447754 1.5492917 1.5130735 1.3447754 1.4965630 0.8859685 2.0039571 2.0039571 1.6366475 1.6366475 1.8189119 2.0115663 1.6799871 2.2532029 1.6799871 1.4489574 1.9858196 1.6754797 2.4645259 2.4645259 1.8952520 1.8952520 5.2420169 2.5745851 2.2083361 1.4415496 1.2254861 1.5271290 1.8189119 1.9964352 2.1608243 2.1608243 2.4929703 3.5398758 2.2526939 5.3505342 1.6796321 1.7018120 1.5985481 1.7018120 1.6216043 2.0476867 1.6216043 2.0476867 1.1950579 1.4271514 1.4271514 2.1272188 1.3550117 1.9710673 1.6726674 1.8361164 1.7225797 2.5147961 6.5381542 2.5055565 2.5055565 2.7659973 2.6446837 3.7455447 5.3299570 5.3299570 1.9096676 2.4778864 2.0894336 3.1679452 1.8095543 2.9663682 3.3897620 1.8417997 1.7620714 1.7358168 1.8222936 
Medtr8g097090.1_Kbox               0.9441982 0.7341628 0.8961936 0.7835671 1.4469943 0.8079251 0.2644258 0.2611452 1.4815726 1.3686398 0.9654700 0.0000000 1.5843916 1.6461638 0.1005219 1.4706011 1.6864134 1.6666619 1.6693706 0.6877664 1.4087729 2.2187813 1.8725498 1.1600395 2.0611027 1.2459023 2.2139070 1.9352961 2.0929938 1.9845239 2.0418308 2.1212935 1.8951024 2.4668818 2.0294345 2.5927153 2.7217822 2.8514680 2.7067503 0.8235898 0.8373310 0.7030274 0.7030274 0.8044243 1.3229631 1.3229631 1.1026412 1.1026412 1.5180413 1.4335486 0.3142782 0.3142782 1.1278488 1.3692252 2.4881994 1.1278488 0.1262921 0.3442030 1.4335486 0.1262921 1.4648537 1.3964382 1.3752381 0.8315137 1.4882276 2.3171554 0.6397396 1.4658697 1.9073374 0.6397396 1.3728721 1.2294979 1.9400185 1.9400185 2.0333613 2.0333613 2.0723682 1.8010288 2.0038722 1.9663997 2.0038722 1.2437119 1.9957662 2.0627980 1.8505554 1.8505554 2.1988320 2.1988320 3.7826650 2.4642916 1.9940942 1.4185139 1.3752381 1.9340802 2.0723682 1.9833801 2.0560682 2.0560682 3.3331923 2.9792793 2.4446038 3.8732510 1.8320460 1.8531011 1.6601146 1.8531011 1.6289655 1.7963272 1.6289655 1.7963272 1.3798412 1.5134242 1.5134242 1.9656956 1.8838792 2.8430002 1.8294941 2.2376839 2.2903929 2.7257992 4.4154695 2.8648357 2.8648357 3.1342921 2.9320341 3.4848713 3.1851175 3.1851175 2.2894752 2.7611330 2.7700103 3.5214279 1.5766791 3.1444903 2.9680875 2.5417078 2.0653588 2.0448978 2.0952729 
Medtr8g033220.1_Kbox               1.3265802 1.4620349 1.2026214 1.3047337 1.3848411 1.2823431 1.6364128 1.6633966 1.5661407 1.3707813 1.4944992 1.5843916 0.0000000 0.4165579 1.6997128 1.6166373 1.6431360 0.1076495 1.7784746 1.6580447 0.5555075 2.7395653 1.4408344 1.9699557 2.0404508 1.8066234 2.4542968 2.2631463 2.2262583 1.8234750 2.4236677 1.5515356 1.9601046 1.9796542 2.5531031 2.4226724 2.6016213 2.3601807 3.3576784 1.4633205 1.4911750 1.3557464 1.3557464 1.2994024 1.1863509 1.1863509 1.1441026 1.1441026 0.3440050 1.2268519 1.9993026 1.9993026 1.1428253 1.7572359 2.9982359 1.1428253 1.4098478 2.0166915 1.2268519 1.4098478 0.5445719 1.4942010 2.1552946 1.1854847 1.7324658 2.0682318 1.5984165 1.5920897 2.1539651 1.5984165 0.6733700 1.4547537 0.6421844 0.6421844 0.7748895 0.7748895 1.6909535 2.1724532 1.0092272 1.6857020 1.0092272 1.2100479 0.8806527 1.8623323 2.1981454 2.1981454 2.1988392 2.1988392 2.9052998 2.2657216 2.1117875 1.4844169 2.1552946 0.7305751 1.6909535 0.6510815 1.3542080 1.3542080 3.0002640 3.3274060 2.9015247 3.0303894 1.2019209 1.2069826 1.2004189 1.2069826 1.5431681 1.3671535 1.5431681 1.3671535 0.9182052 1.2612481 1.2612481 1.3665464 1.1762514 1.5865972 1.5963417 1.7774013 1.6717995 2.8922584 3.7303089 2.4568619 2.4568619 2.8082848 2.6003335 3.0689394 3.9041201 3.9041201 1.4238592 2.1998171 1.5156441 3.4586167 1.4659340 2.6639181 2.4347167 2.5437819 2.1238948 2.1163055 1.9317824 
Medtr7g075870.1_Kbox               1.2686614 1.3938193 1.2413952 1.3669508 1.5886155 1.4869545 1.6343469 1.6743428 1.4918005 1.4424170 1.4092874 1.6461638 0.4165579 0.0000000 1.7902647 1.7386248 1.6691172 0.4241584 1.8916203 1.7775652 0.5430943 2.1515745 1.6796943 2.0683420 2.0569715 1.8664397 2.6912956 2.0603654 1.7831155 1.6849608 2.1118635 1.6338113 1.8077858 1.7875127 2.3101744 2.2775940 2.3990109 2.4631273 3.0421657 1.3709859 1.3385325 1.0752524 1.0752524 1.3115575 1.2147768 1.2147768 1.1353957 1.1353957 0.2994247 1.3246712 1.7319087 1.7319087 1.0601650 1.6070010 3.0026458 1.0601650 1.6959571 1.7474295 1.3246712 1.6959571 0.6865610 1.5095845 2.8344584 1.3075094 1.5065605 1.7534825 1.6002931 1.7935397 1.9291105 1.6002931 0.8142596 1.5317280 0.7399976 0.7399976 0.7554763 0.7554763 1.7893748 2.1849061 0.8206174 1.8431670 0.8206174 1.1186094 1.0979353 1.6985846 2.3457374 2.3457374 2.1731251 2.1731251 2.6972587 2.4517920 2.1255813 1.6455280 2.8344584 0.7661309 1.7893748 0.7376052 1.4782486 1.4782486 2.4354128 2.9689821 2.4666602 3.2984455 1.3316869 1.3379205 1.4436664 1.3379205 1.5778772 1.5385716 1.5778772 1.5385716 1.1706571 1.2741652 1.2741652 1.4280664 1.2847400 1.3101219 1.6033721 1.8779102 1.7475668 2.3683825 4.0752148 2.2206963 2.2206963 2.2879291 2.2893579 2.8115086 4.0844605 4.0844605 1.4968448 2.5683979 1.9184468 3.3553712 1.6864264 2.9413076 2.1719362 2.7194624 2.3017383 2.2124117 2.1302965 
Medtr3g084980.1_Kbox               1.1057040 0.9074375 1.0669666 0.8472478 1.5179813 0.8256984 0.2994453 0.2703537 1.5295201 1.5355201 1.1890328 0.1005219 1.6997128 1.7902647 0.0000000 1.4524643 1.8076022 1.8333189 1.7045970 0.7495354 1.4726068 2.3593841 2.0047386 1.2393749 2.2045661 1.2421015 2.5241839 2.1120497 2.2046490 2.0399080 2.1464805 2.2420328 1.9492530 2.5483566 2.0665028 2.8623917 3.0071778 3.0945782 2.9459407 0.9258548 0.8660241 0.8625725 0.8625725 0.8014292 1.4522195 1.4522195 1.1818965 1.1818965 1.6730979 1.5005820 0.3588851 0.3588851 1.2392892 1.6111065 2.7077362 1.2392892 0.1643610 0.3897394 1.5005820 0.1643610 1.6195832 1.4348409 1.3267169 0.7863832 1.5182734 3.0246318 0.7432701 1.5591119 1.9730936 0.7432701 1.5027502 1.3796395 2.0962505 2.0962505 2.1878487 2.1878487 2.2565985 2.0426190 2.1838353 2.0703709 2.1838353 1.3635567 1.9792780 2.1078855 1.9479230 1.9479230 2.3647497 2.3647497 3.6789579 2.6226528 1.9883306 1.4692032 1.3267169 2.0816401 2.2565985 2.1434614 2.0767532 2.0767532 3.4175740 2.8713162 2.4506518 4.0357418 1.8234819 1.8639343 1.6427829 1.8639343 1.6431483 1.8037735 1.6431483 1.8037735 1.3786469 1.6123527 1.6123527 1.9852816 1.9993890 2.8859594 1.8858009 2.3976116 2.4558162 2.9496896 4.5089022 3.2312474 3.2312474 3.3798387 3.1086236 3.5575924 3.1225499 3.1225499 2.4453126 2.8622385 2.3962578 3.7271225 1.8239546 3.0812249 3.0988553 2.4467596 1.7714367 1.8941051 2.0173111 
Medtr8g087860.1_Kbox               1.6108681 1.4849205 1.6333168 1.3832003 0.1898055 1.3271301 1.7544575 1.7955797 1.2995405 0.4942140 2.0863389 1.4706011 1.6166373 1.7386248 1.4524643 0.0000000 0.5307126 1.8069181 1.3972450 1.5829072 1.9630296 2.2974610 2.1420811 2.2079943 2.2177147 2.1733553 2.6599887 2.3087936 1.9524378 2.1222318 1.7564118 1.8381073 2.0081130 1.9805168 2.1008849 2.5442494 2.5833104 3.2712616 3.5864334 1.5399498 1.5083295 1.2701499 1.2701499 1.4429097 0.4087121 0.4087121 0.4341321 0.4341321 1.3486976 0.3998259 1.6645254 1.6645254 0.5115068 1.1286988 3.3558811 0.5115068 1.6802600 1.7396218 0.3998259 1.6802600 1.5673385 0.9126989 1.9726654 1.4568124 1.1243353 2.1162364 1.5570490 1.1792783 2.8999661 1.5570490 1.5581179 1.8025112 1.6643191 1.6643191 1.7954938 1.7954938 2.1708450 1.8492497 1.6809455 1.9134592 1.6809455 0.5946740 2.0789694 1.8113344 2.5035534 2.5035534 1.6533316 1.6533316 3.4585271 2.0623906 2.1893800 1.3283879 1.9726654 1.7994766 2.1708450 1.6596148 2.4385566 2.4385566 2.5740619 3.0625270 2.6803490 3.2377491 2.3021530 2.3662949 2.0878564 2.3662949 2.0471807 2.5370641 2.0471807 2.5370641 1.4795769 1.9784056 1.9784056 2.3958332 1.9849055 2.7327338 2.0089173 2.6478605 2.7091873 2.6197007 2.7200247 2.5533607 2.5533607 3.3246713 2.9757061 2.8576257 2.7935309 2.7935309 2.8794306 3.3655864 2.1848479 3.3314489 1.8324276 3.6541569 2.0310399 2.5588411 2.0444475 1.9002992 2.1601515 
Medtr3g452380.3_Kbox               1.4928336 1.4185947 1.4933870 1.3761820 0.4350161 1.2658871 1.9005458 2.0087990 1.5892076 0.5415277 1.8948373 1.6864134 1.6431360 1.6691172 1.8076022 0.5307126 0.0000000 1.7902797 1.6946700 1.9018654 1.8495455 2.4105964 1.9342773 2.0906804 2.1531548 2.0630855 2.5429137 2.1677156 1.7855668 2.3807199 1.9686378 2.0321759 1.9228069 2.2035360 2.0357592 2.5516774 2.7988441 3.5127276 3.3848273 1.5904629 1.4404998 1.4010412 1.4010412 1.2943079 0.1847046 0.1847046 0.5017108 0.5017108 1.3554974 0.1406408 1.6718916 1.6718916 0.5099277 1.3207168 4.6622231 0.5099277 1.5311862 1.7541796 0.1406408 1.5311862 1.3384149 1.1019044 2.5915506 1.3880320 1.4931940 1.8512470 1.7411090 1.4143157 3.9614136 1.7411090 1.5146248 1.5877183 1.5973010 1.5973010 1.8179580 1.8179580 2.1299922 2.0850327 1.9425356 1.9862910 1.9425356 0.5996565 2.0440764 1.6156450 2.6182667 2.6182667 1.7001790 1.7001790 4.5015531 2.0071094 1.9948852 1.6619939 2.5915506 1.6672566 2.1299922 1.5920533 2.5555349 2.5555349 2.9645490 3.6026820 2.9003363 2.9617344 2.3403357 2.4420020 2.3848124 2.4420020 2.0609238 2.5364135 2.0609238 2.5364135 1.6883955 1.8916475 1.8916475 2.5090835 1.8868445 2.6627299 2.0181510 2.6420801 2.7431580 2.5799326 3.4961517 2.5056188 2.5056188 3.3188876 2.9627904 2.8502755 3.3158169 3.3158169 2.9377171 3.4664518 2.6890002 4.2604117 1.6916377 4.3914380 2.4962220 2.8063002 2.3293971 1.9991629 2.1574067 
Medtr8g033250.1_Kbox               1.4116057 1.6095349 1.3753428 1.4824115 1.5632640 1.4593453 1.7445857 1.7736469 1.5626014 1.5107910 1.6009247 1.6666619 0.1076495 0.4241584 1.8333189 1.8069181 1.7902797 0.0000000 1.7479312 1.7520849 0.6657683 2.5226754 1.5532854 2.1065135 2.0871443 1.9548407 2.6048944 2.2790429 2.2200225 1.8842607 2.4273450 1.7535819 1.9601987 2.2521231 2.5573284 2.5985840 2.6937866 2.2550585 3.2618139 1.4328029 1.5114795 1.3816431 1.3816431 1.3411514 1.2483482 1.2483482 1.2541601 1.2541601 0.3392637 1.2921422 2.0476472 2.0476472 1.2021157 1.7422158 2.6645722 1.2021157 1.5309807 2.0093820 1.2921422 1.5309807 0.6304773 1.5000980 2.1722518 1.3230733 1.6683944 2.0682318 1.6472738 1.5769689 1.7965743 1.6472738 0.7341567 1.5489022 0.6804055 0.6804055 0.7828882 0.7828882 1.7653298 2.2683245 0.9059122 1.8609252 0.9059122 1.2584507 1.0150093 2.0051945 2.2841557 2.2841557 2.2734350 2.2734350 2.9052998 2.2605428 2.1518218 1.5638838 2.1722518 0.7708397 1.7653298 0.6900732 1.5339531 1.5339531 2.8248660 3.1388374 2.8634798 3.0681929 1.3615459 1.3679627 1.3386671 1.3679627 1.7219630 1.5431214 1.7219630 1.5431214 1.2243211 1.4797199 1.4797199 1.5488360 1.3040802 1.5865551 1.8102660 1.9159154 1.8031025 2.8628793 3.8902479 2.5197916 2.5197916 2.9450146 2.7285981 3.3013695 4.0321879 4.0321879 1.6582970 2.3192800 1.6155386 3.6257485 1.5659928 2.7543848 2.4347167 2.5437819 2.1238948 2.1163055 1.9317824 
Medtr5g031000.1_Kbox               1.5951016 1.5522525 1.6649779 1.5011446 1.3378987 1.5400787 1.7809141 1.8000479 0.3797566 1.4885102 1.7591973 1.6693706 1.7784746 1.8916203 1.7045970 1.3972450 1.6946700 1.7479312 0.0000000 2.0642059 1.6484323 2.4627447 1.9118022 2.1350256 2.0114273 1.7943179 3.0715192 2.3276957 1.9585639 2.1186662 2.0390116 1.7597634 1.9805572 2.0560044 2.2338660 2.0072218 2.2294218 3.1204286 2.8791122 1.6800710 1.6212382 1.5133914 1.5133914 1.5552511 1.3342040 1.3342040 1.1541993 1.1541993 1.6671332 1.3116355 1.8208703 1.8208703 1.1857090 0.3938505 0.7255392 1.1857090 1.6740419 1.8097274 1.3116355 1.6740419 1.8364757 0.3794197 0.8022557 1.3902222 0.6410005 2.9144080 2.0243046 0.3882792 0.3033044 2.0243046 1.8043505 1.6896073 1.9381397 1.9381397 1.7873013 1.7873013 2.3360463 1.4400244 1.6700995 2.3873814 1.6700995 1.1976332 1.7353964 2.1638651 1.8715077 1.8715077 2.1345056 2.1345056 4.8996110 2.6322607 2.1583575 0.4930788 0.8022557 1.7232230 2.3360463 1.8422751 2.6899714 2.6899714 2.5051547 2.5033604 2.7767470 2.9179814 2.1134254 2.2862591 2.3641642 2.2862591 2.0684210 2.5106774 2.0684210 2.5106774 1.8041037 2.1039472 2.1039472 2.4644420 1.8470389 2.6372452 2.2346824 2.4368922 2.4608351 2.5689321 3.7338098 2.4363254 2.4363254 2.8081234 2.5970856 3.3178146 2.8453879 2.8453879 2.2833154 2.7212312 2.9000096 3.5999940 1.6232751 2.4805718 2.5431067 2.6053549 2.2049048 1.8379795 1.7823407 
Medtr4g109810.1_Kbox               1.2209956 1.1608873 1.2250977 1.0681833 1.6418273 1.0719271 0.6870923 0.6411703 1.6777347 1.4515107 1.3748242 0.6877664 1.6580447 1.7775652 0.7495354 1.5829072 1.9018654 1.7520849 2.0642059 0.0000000 1.5388463 2.8996864 2.0158245 1.7697005 2.3587722 1.6509932 3.0877738 2.5723429 2.0587155 2.0766472 2.0486205 2.1160670 2.2978912 2.6962701 2.1713538 2.7650123 2.8505266 3.1394306 3.1938338 0.9631297 0.9761702 0.9560318 0.9560318 1.0109443 1.6357111 1.6357111 1.4090150 1.4090150 1.3893251 1.7112549 0.7406816 0.7406816 1.1216570 1.8194551 3.6945743 1.1216570 0.7177471 0.7859980 1.7112549 0.7177471 1.5284437 1.6637551 1.7172506 1.1214175 1.5052144 2.4522265 0.6385936 2.0675882 3.0373075 0.6385936 1.7478590 1.3798577 1.7177554 1.7177554 1.9325537 1.9325537 2.5412296 2.4805071 2.3139437 1.8062001 2.3139437 1.2367926 1.8006063 2.0236379 2.0193739 2.0193739 2.0824718 2.0824718 5.7309863 2.9273478 2.2055265 1.6842936 1.7172506 1.8360224 2.5412296 1.7570375 1.7034834 1.7034834 3.1763744 3.6479425 2.9032855 4.2985602 2.0609785 2.0138516 1.5591997 2.0138516 1.8782471 2.0323131 1.8782471 2.0323131 1.3474250 1.8235420 1.8235420 1.6625148 1.9464364 2.9385446 2.0347212 2.4931730 2.5535773 2.8381408 5.2686067 3.0377511 3.0377511 3.5212814 3.7140763 3.4626399 4.0612213 4.0612213 2.5322688 3.0059473 3.7616397 3.7269070 2.0961977 2.9634938 3.2076764 3.0634583 2.5441740 2.5805807 2.6142349 
Medtr4g102530.1_Kbox               1.3699388 1.3444244 1.3295802 1.2131817 1.6833673 1.2852175 1.2658651 1.3038406 1.4004917 1.5872982 1.2817623 1.4087729 0.5555075 0.5430943 1.4726068 1.9630296 1.8495455 0.6657683 1.6484323 1.5388463 0.0000000 2.4918598 1.8752994 1.8367718 2.0630728 1.6615870 2.3261080 2.1803020 1.7217954 1.2726939 2.0600838 1.7289814 1.5964942 2.0105422 2.1653734 2.5381587 2.7949152 2.3457398 3.0729632 1.2403994 1.2498086 1.1484366 1.1484366 1.2735712 1.3371773 1.3371773 1.2306448 1.2306448 0.5211437 1.4386634 1.3408955 1.3408955 1.1461669 1.4621730 2.8717300 1.1461669 1.4038751 1.3568131 1.4386634 1.4038751 0.4740300 1.2845603 2.3677590 1.4693729 1.3204618 2.0390295 1.3580878 1.4954641 2.1501023 1.3580878 0.6384017 1.3752345 0.7356104 0.7356104 0.9834091 0.9834091 1.7131750 2.0453737 1.1138833 2.4183623 1.1138833 1.3487031 0.9286355 1.6041771 1.5035299 1.5035299 1.9769576 1.9769576 2.4566966 2.4707028 1.9500505 1.2297997 2.3677590 0.9396002 1.7131750 0.7325551 1.5216027 1.5216027 2.5252466 2.4601297 2.2776834 2.2964901 1.2378650 1.3214827 1.3568462 1.3214827 1.4502268 1.2825336 1.4502268 1.2825336 1.0333922 1.1786918 1.1786918 1.4710382 1.2551250 1.4610705 1.6790412 1.7662462 1.8151835 2.2905234 3.9094926 2.9033525 2.9033525 2.8936658 2.8175610 2.5469943 3.2752365 3.2752365 1.4126724 2.8149350 2.3831879 3.8091260 1.5092921 2.8754264 2.7556866 3.4516601 2.8522092 2.7707228 2.7432794 
Medtr3g113030.1_Kbox               1.9427171 1.9307818 2.1325146 2.0529416 2.3332907 2.2140466 2.6412023 2.7988638 2.1362590 2.5890419 2.1676759 2.2187813 2.7395653 2.1515745 2.3593841 2.2974610 2.4105964 2.5226754 2.4627447 2.8996864 2.4918598 0.0000000 2.4680922 2.1783354 2.5361034 2.5753404 0.8331032 2.4823423 2.3511420 2.6847281 2.6563677 2.6761008 2.5320456 2.8335020 3.1096275 2.5882806 2.8056901 3.6606070 4.1313476 2.1032487 2.2992085 1.5642027 1.5642027 2.0912149 1.9731817 1.9731817 1.9592546 1.9592546 2.0757393 1.9342203 2.0453122 2.0453122 1.7736136 1.9414539 5.0184423 1.7736136 2.0033416 2.0997531 1.9342203 2.0033416 1.9760547 1.8141902 3.7635062 1.9390410 2.4877903 4.2774884 2.4325605 2.2652214 4.4357661 2.4325605 1.8427225 2.5140048 2.7020562 2.7020562 2.8416206 2.8416206 2.5541221 2.1762659 2.6459669 2.5493818 2.6459669 1.9781818 2.3547620 1.9611099 2.6570887 2.6570887 2.5281356 2.5281356 3.0323649 0.6775678 2.0999225 2.0400004 3.7635062 2.7109565 2.5541221 2.7237946 3.3297522 3.3297522 2.3932702 4.8007912 2.8515271 4.1376807 2.8775185 2.9052162 3.5333557 2.9052162 2.9225793 3.6021918 2.9225793 3.6021918 2.9576072 2.2139136 2.2139136 3.1565639 2.1118131 2.8982537 2.8493903 3.1491950 2.9822811 3.4417643 4.3836042 2.9627916 2.9627916 3.5170186 3.3263417 3.2637495 4.2775235 4.2775235 3.2394047 3.0886397 2.7888232 4.9532889 2.1984122 4.3538873 2.7666249 1.7662585 1.5718575 1.2899435 1.3396950 
Medtr4g036050.1_Kbox               1.7650537 2.0261033 1.7644897 1.6490872 1.8908014 1.8035851 1.8644281 1.9491313 1.7283766 1.7649506 2.0300733 1.8725498 1.4408344 1.6796943 2.0047386 2.1420811 1.9342773 1.5532854 1.9118022 2.0158245 1.8752994 2.4680922 0.0000000 2.2329178 2.2049796 2.4165328 2.7928792 2.3173112 2.4544225 2.0377335 2.6889034 2.5007602 2.5507540 2.5270848 2.3669520 2.7297089 2.7496446 2.8324078 3.5236310 1.7666248 1.7638542 2.0042594 2.0042594 1.8184137 1.8437821 1.8437821 1.7986450 1.7986450 1.7859200 1.8689904 2.1282346 2.1282346 1.6169561 1.7294486 3.2634945 1.6169561 1.8907429 2.2386700 1.8689904 1.8907429 1.7518469 1.7441549 2.2455581 1.7968261 2.1751714 2.1674961 1.9226247 1.9191588 3.8887320 1.9226247 1.7518491 2.1635155 2.2491847 2.2491847 2.1992555 2.1992555 2.2939086 2.0987446 2.7299432 0.5542325 2.7299432 1.7634241 2.1850717 2.5834797 2.3604464 2.3604464 2.6044102 2.6044102 3.1442974 3.0377631 2.1826545 2.3685096 2.2455581 2.0997197 2.2939086 2.3051717 2.7633241 2.7633241 2.9397068 4.8727594 2.7617390 3.5645637 2.3609016 2.3875038 2.4983271 2.3875038 2.3996752 3.2937674 2.3996752 3.2937674 1.9078377 1.9253636 1.9253636 2.5379615 1.8714028 2.3036748 2.6394131 2.0155553 2.0267374 3.6937872 5.5983149 3.3271225 3.3271225 3.2644044 3.8023253 3.0408923 4.3739565 4.3739565 2.3771054 2.9425461 3.7764135 3.7080569 2.4592385 3.0354809 3.3633055 2.4383666 2.2761505 2.2761542 2.1554620 
Medtr6g464720.1_Kbox               1.4219189 1.3630446 1.6209511 0.9189260 2.2604757 0.9360225 1.2715842 1.2069093 2.1396326 1.9426914 1.5151064 1.1600395 1.9699557 2.0683420 1.2393749 2.2079943 2.0906804 2.1065135 2.1350256 1.7697005 1.8367718 2.1783354 2.2329178 0.0000000 1.9857303 0.5843336 1.8617651 2.1146770 1.8947711 2.2573779 2.0224286 2.3307540 2.1703914 2.9419925 2.3968516 2.8836684 2.9284904 3.8807936 2.8253491 1.0747399 1.0010096 1.1421408 1.1421408 1.0562900 2.0040181 2.0040181 1.9219418 1.9219418 2.0653369 1.9971688 1.0263885 1.0263885 2.0062834 2.0855796 2.9152669 2.0062834 1.0871256 1.0565867 1.9971688 1.0871256 1.6656475 1.7385553 1.4888721 0.9648083 2.2988265 2.7714388 1.1094153 1.9171595 1.7961122 1.1094153 1.7334473 1.8763889 2.1091273 2.1091273 2.4536177 2.4536177 1.9243994 2.0865957 2.1555965 2.8657379 2.1555965 2.0271221 2.4303526 1.9849055 2.2060816 2.2060816 1.7970908 1.7970908 2.8320928 2.2511392 1.7575040 1.8534544 1.4888721 2.2122742 1.9243994 2.1524123 2.2145280 2.2145280 3.0038877 3.3074038 2.8146855 4.0702481 2.0181288 2.0219872 2.3926789 2.0219872 2.2618669 2.2933362 2.2618669 2.2933362 1.9025137 1.9362209 1.9362209 2.1156559 1.5057218 2.3055257 2.2767954 3.0248528 3.0328031 2.9145342 4.3063017 2.4236574 2.4236574 2.8152750 2.6072688 4.0488452 3.7799767 3.7799767 2.5450281 3.2008514 2.4142172 4.0456056 1.9472340 2.7420214 2.5312307 2.2350246 1.9831822 1.6880517 1.9030192 
Medtr3g088615.1_Kbox               1.7140947 1.8527444 1.8200492 1.4929554 2.0162190 1.6986621 2.2887194 2.2861588 2.0511645 1.9427788 2.0091238 2.0611027 2.0404508 2.0569715 2.2045661 2.2177147 2.1531548 2.0871443 2.0114273 2.3587722 2.0630728 2.5361034 2.2049796 1.9857303 0.0000000 2.1250360 2.0298157 0.4159601 1.7468917 1.9579890 1.6948851 2.6418189 2.0972170 2.9199985 2.0640385 2.9879331 3.5468337 2.7651876 3.5295133 1.7299285 1.8816409 1.8378348 1.8378348 1.5811680 1.4479302 1.4479302 1.7498005 1.7498005 2.0521877 1.5072175 1.8389677 1.8389677 1.7969760 2.1882177 3.1350015 1.7969760 2.0897750 1.8993467 1.5072175 2.0897750 1.9424141 1.9490638 2.4715344 1.5388471 2.1160910 3.9857781 2.5096939 1.9472087 2.6842531 2.5096939 2.2487212 1.7695985 2.3618908 2.3618908 1.8116360 1.8116360 1.7302995 1.8162503 2.3377349 1.8870340 2.3377349 2.0346073 2.2312971 1.5211636 1.9156604 1.9156604 1.8259609 1.8259609 2.6592319 2.2425747 0.3301985 1.8015710 2.4715344 1.9236035 1.7302995 2.4138975 2.5468909 2.5468909 2.3771682 3.5382398 2.9651631 2.5885730 2.1124517 2.2933068 2.1984315 2.2933068 1.9939379 2.4074532 1.9939379 2.4074532 1.8291476 2.0541673 2.0541673 2.5169399 2.0302691 2.1338277 2.1468666 2.1388225 2.1763191 2.5448614 4.0562177 2.5489147 2.5489147 3.0170602 3.0519321 2.6943984 3.9984224 3.9984224 2.7907334 2.6994876 3.6584878 3.5581329 2.8746256 5.3844064 3.9018519 2.5802894 2.2509929 1.6929998 2.0925139 
Medtr1g101970.1_Kbox               1.6313619 1.4326147 1.7460321 0.8894622 2.2081554 0.8828687 1.3372842 1.2392600 1.8265763 2.1004080 1.6152650 1.2459023 1.8066234 1.8664397 1.2421015 2.1733553 2.0630855 1.9548407 1.7943179 1.6509932 1.6615870 2.5753404 2.4165328 0.5843336 2.1250360 0.0000000 2.1200546 2.1642299 2.2219195 2.0981255 2.3297663 2.1733805 2.1908787 2.6023237 2.5845038 2.6351326 3.0476012 3.5559322 3.0865227 1.4188964 1.2324260 1.3649699 1.3649699 0.9542964 1.9403290 1.9403290 1.7519761 1.7519761 1.6530499 1.9099901 1.2239732 1.2239732 1.7881493 1.7114910 2.6275322 1.7881493 1.0288318 1.2582663 1.9099901 1.0288318 1.4694559 1.5761143 1.7469961 0.7645284 1.9852226 4.3441416 1.4349248 1.7703015 1.5632221 1.4349248 1.6853085 1.7560908 1.7971321 1.7971321 2.1814199 2.1814199 2.0061307 2.0732061 1.8948046 2.3587818 1.8948046 1.8255126 1.7294098 2.0748484 2.4060774 2.4060774 2.1261071 2.1261071 3.0279247 2.6045577 1.5993512 1.4379562 1.7469961 1.8884771 2.0061307 1.8345449 2.2364839 2.2364839 3.1174814 3.2424810 2.6835744 4.4667535 1.9088356 1.9135186 2.3097333 1.9135186 2.2207306 2.1077622 2.2207306 2.1077622 1.8499272 1.8032605 1.8032605 2.1870569 1.3816023 2.3453100 2.1091834 2.9727684 2.9808550 3.1298012 4.3340883 3.1598528 3.1598528 3.2352424 2.9777179 3.7190812 4.0469798 4.0469798 2.3272448 3.9356935 2.5573346 3.7661046 1.9233511 3.2035757 3.7743965 2.2137823 1.8752681 1.6184743 1.6268785 
Medtr5g021270.2_Kbox               1.8943973 1.8244607 2.2077308 2.0313774 2.8299910 1.9541847 2.4569419 2.5754145 2.9534929 2.6015119 1.8914775 2.2139070 2.4542968 2.6912956 2.5241839 2.6599887 2.5429137 2.6048944 3.0715192 3.0877738 2.3261080 0.8331032 2.7928792 1.8617651 2.0298157 2.1200546 0.0000000 2.0145278 2.4967646 2.0341732 2.4851257 2.8069092 2.8551944 2.9525638 3.1433133 2.6615042 3.0325625 3.4323038 4.0504282 2.1535887 2.0263378 1.6267474 1.6267474 2.0753245 2.1557505 2.1557505 2.4010856 2.4010856 2.7967031 2.1330046 2.0098657 2.0098657 2.3577723 2.3155977 3.0322405 2.3577723 1.9115798 2.0638364 2.1330046 1.9115798 2.2891915 2.1701013 2.2991957 1.8936452 2.6213229 5.7953263 2.1308303 2.5691640 2.5337512 2.1308303 2.3324875 2.0687132 2.6094674 2.6094674 3.1664045 3.1664045 2.3916976 1.9758795 3.3053869 3.0377804 3.3053869 2.6065004 2.3933983 2.1148680 2.0128134 2.0128134 2.6761588 2.6761588 2.4730787 0.8930140 2.0079490 2.3484912 2.2991957 2.9155424 2.3916976 2.6783731 3.5218580 3.5218580 2.2430467 4.7521289 3.3388082 4.2695771 2.8372627 2.8491038 3.1608135 2.8491038 3.0518739 2.7700798 3.0518739 2.7700798 2.6114487 1.9825456 1.9825456 3.3414768 1.7475559 3.2011871 2.9598795 3.1534878 3.2930611 2.9877064 4.7967299 3.4349278 3.4349278 3.9276696 3.4364679 3.0210985 5.1452007 5.1452007 2.5511562 2.8315239 3.2810235 3.7317997 2.4701928 4.0123304 4.2544086 2.8632594 2.4291000 2.1101043 2.2739451 
Medtr1g029670.1_Kbox               1.9273832 1.8569235 2.0530130 1.6467744 2.2424621 1.8637706 2.1738884 2.2781879 2.3566579 2.1935784 2.1299844 1.9352961 2.2631463 2.0603654 2.1120497 2.3087936 2.1677156 2.2790429 2.3276957 2.5723429 2.1803020 2.4823423 2.3173112 2.1146770 0.4159601 2.1642299 2.0145278 0.0000000 2.1037037 2.0051931 2.0665053 2.7769970 1.9587021 2.8340256 2.0604871 3.3469757 3.7990888 2.7107186 3.2817577 2.2397376 2.1978070 1.8491994 1.8491994 1.9861744 1.4939416 1.4939416 2.0519544 2.0519544 2.1143448 1.4930100 1.7656953 1.7656953 2.0344460 2.3934512 2.9904432 2.0344460 2.2741980 1.7798392 1.4930100 2.2741980 2.1131301 2.1255146 2.3440743 1.7634613 2.2776260 2.6799623 2.7172506 2.0112347 2.5318682 2.7172506 2.1748985 2.2032574 2.6436936 2.6436936 1.9865825 1.9865825 1.7533682 1.6450120 2.1029742 2.1416693 2.1029742 2.3228630 2.6794553 1.5760312 2.0175009 2.0175009 2.2032758 2.2032758 1.7493927 2.0404097 0.5864970 2.1310847 2.3440743 2.1702404 1.7533682 2.7043804 2.7933323 2.7933323 2.2528461 3.0441804 2.8232932 2.7415230 1.9523066 2.1759333 2.1371858 2.1759333 1.8217285 2.3798322 1.8217285 2.3798322 1.8110775 1.9683118 1.9683118 2.7933323 2.2039536 1.9902804 2.2041126 2.0867166 2.0986548 2.2350603 4.0564746 3.2031206 3.2031206 3.6990247 3.4423242 2.6982732 4.0736349 4.0736349 3.8203573 2.9374508 4.3891124 3.8816470 3.1980867 6.4114264 4.7684945 2.4498264 2.5954652 2.1490964 2.3919468 
