51
Medtr3g084980.1                           0.0000000 1.8524809 1.6141299 1.8088885 2.4861881 3.1869876 1.9301102 1.7470464 1.1197938 1.7419359 1.1883603 0.1572261 1.6731899 1.6985045 1.1577780 1.6427443 1.5150809 0.5385567 3.3589455 3.5073329 2.3895806 2.2417065 2.1200454 2.1996564 2.5233085 1.3358949 1.2543774 1.9637573 2.4729277 1.8768605 1.2780524 0.5151893 2.3217105 1.5396061 2.3985638 2.7971502 2.1148490 1.2684410 0.9541284 1.3074141 8.2205845 2.6715842 2.1807021 1.5270860 1.6497825 1.9166136 2.0577834 0.6307726 0.6481479 0.3185179 1.0020645 
Medtr3g088615.1                           1.8524809 0.0000000 1.6315181 1.7124761 1.6779836 2.6036617 1.9548532 1.6685572 1.7022275 1.8724233 1.6905441 1.8273559 1.8944283 1.7769742 1.5540336 1.6274701 1.8158171 1.7963161 2.6937033 3.5479952 1.3913793 1.9275561 1.8852578 1.8500212 1.9341521 1.6327280 2.0983100 1.6621127 2.2399421 0.3365954 2.0697922 1.9098782 2.1351550 2.0407769 1.9847339 2.6735023 2.0896232 1.8664542 2.0004113 1.8616211 7.7067111 1.6451854 0.6216267 1.8311086 1.7614299 1.5553763 1.5072836 1.7429120 1.7183993 1.8777840 2.1401572 
Medtr3g005530.1                           1.6141299 1.6315181 0.0000000 0.6506102 2.2475670 2.9433952 1.3859659 0.6349135 1.5748107 1.3985853 1.6487719 1.5041597 1.3712313 0.6324555 1.6500871 1.3921198 2.0800655 1.6677431 3.1183465 3.3985541 2.2871429 1.8177011 2.1556994 2.0116168 2.3493822 1.6464632 1.7497691 1.9032322 2.2286340 1.7731057 1.7122936 1.7457304 2.0668949 1.5782226 2.0083800 2.5138546 1.8908019 1.5891483 1.5707912 1.7971276 6.6698744 2.3911604 2.0540564 0.6102537 0.2901694 0.6780031 0.6374050 1.8192404 1.7947252 1.5489408 1.7217551 
Medtr3g452380.3                           1.8088885 1.7124761 0.6506102 0.0000000 2.1783690 3.0160588 1.6970538 0.5807753 1.4812969 1.6948802 1.5904224 1.8306523 1.6897406 0.6042763 1.6253485 1.6737501 2.1212067 1.8331342 3.2481950 3.9489713 2.2808341 1.9727349 2.1907413 2.2387932 2.1829045 1.5840349 1.8344140 2.0165032 2.2537600 1.6992202 1.9107971 1.8757979 2.3621601 1.8336554 2.2454203 2.9527231 2.0171344 1.5170263 1.9049037 1.7553734 5.3058582 2.1417202 2.1829344 0.5792080 0.7193308 0.4312061 0.4317919 1.9640267 1.9185846 1.6218750 1.7848789 
Medtr3g113030.1                           2.4861881 1.6779836 2.2475670 2.1783690 0.0000000 4.4036348 2.0719395 2.1305265 2.3071988 2.8163079 2.5198473 2.4642295 2.6434856 2.1502726 2.2525724 2.2214749 2.4198001 2.5833432 3.7355773 4.2437245 0.9291175 2.2756859 2.3771323 2.4152337 2.7771617 2.0499521 2.5131533 2.3045863 2.5900684 1.6443376 2.3867474 2.5284102 2.9830406 2.3385853 2.4194820 3.1538766 2.7242966 2.1472267 2.8928786 2.5314343 8.1320504 0.7080148 1.9038333 2.0685345 2.2379915 2.4435050 2.2642341 2.7380644 2.8087188 2.5396099 2.8427687 
Medtr3g102570.1                           3.1869876 2.6036617 2.9433952 3.0160588 4.4036348 0.0000000 3.5132354 3.4796639 3.4968631 3.2358557 3.5226753 3.0947136 3.1698446 3.3788504 3.5719606 2.6152653 3.3957864 3.0228688 3.4490416 2.2544779 3.8770927 3.4430054 3.5041420 3.4872772 4.0451655 3.2975089 3.2686333 3.4276549 3.9572484 2.6244208 3.3815992 3.2614233 3.9471976 3.3348563 3.0703605 2.0545937 3.1427270 3.1455508 3.2501936 3.5100364 6.0304129 4.0570684 3.6208099 3.0836234 3.4360759 3.3449532 3.0172013 3.2896859 3.2922245 3.3478388 3.6537387 
Medtr2g009890.1                           1.9301102 1.9548532 1.3859659 1.6970538 2.0719395 3.5132354 0.0000000 1.6163881 1.7347700 1.9227074 2.0878008 2.1527188 1.8338343 1.5509815 2.2973990 1.6390357 1.7649634 2.1705850 4.0246636 3.5890914 2.5779533 0.5581462 1.9330008 1.8583494 1.8218387 1.6563378 1.8393174 1.8678463 2.0589079 1.9569072 2.3135611 2.2055356 2.1457472 1.7352765 1.8780882 2.7536677 2.1867754 1.6422779 2.2032205 1.9911194 6.8813309 2.5556120 2.2951838 1.4062299 1.5066635 1.6621567 1.7313200 2.5228861 2.4375273 2.1811108 2.2416964 
Medtr2g017865.1                           1.7470464 1.6685572 0.6349135 0.5807753 2.1305265 3.4796639 1.6163881 0.0000000 1.5854430 1.5890282 1.5564662 1.7571250 1.5783294 0.2121550 1.6245735 1.6387425 2.1117968 1.7592322 3.5673729 3.4234701 2.4118012 1.7620655 2.1604336 1.9292746 2.2173178 1.7411940 1.9098278 2.2961246 2.3215062 1.8093641 1.9481420 1.8890741 2.1854941 1.8493985 2.2522477 2.7639259 2.0537418 1.6338058 1.7394903 1.9374072 6.8134298 2.2466264 2.3685290 0.3696850 0.7031588 0.5849566 0.6644882 1.9059943 2.0084372 1.6881544 1.6851857 
Medtr8g066260.1                           1.1197938 1.7022275 1.5748107 1.4812969 2.3071988 3.4968631 1.7347700 1.5854430 0.0000000 1.6626658 1.3673393 1.1581742 1.6964643 1.6989271 1.3500422 1.4464094 0.6465569 1.3097342 3.1713781 4.0170464 2.0279290 2.0365641 2.2632151 2.3468420 2.4575790 0.2766425 1.4577916 2.1852721 2.1973494 1.8409997 1.5555794 1.3323952 2.2374452 1.7795165 2.2190010 3.0821502 2.0017980 0.5646428 1.3317414 0.3420265 8.6618230 2.5452046 1.9119359 1.5340156 1.6018069 1.6810344 1.7120177 1.4022283 1.4925455 1.2047325 1.5005654 
Medtr8g033220.1                           1.7419359 1.8724233 1.3985853 1.6948802 2.8163079 3.2358557 1.9227074 1.5890282 1.6626658 0.0000000 1.6640919 1.7521370 0.0670603 1.6651523 1.6221825 0.4443485 1.9797304 1.7475902 2.9435275 3.8688118 2.7110721 2.3580884 2.0567767 2.1313313 2.2708636 1.6513917 1.7537738 2.1071139 2.0040068 2.1083784 1.9151175 1.7440377 1.7761763 0.6779669 1.9381974 2.9275031 1.8072316 2.0099230 1.6228962 1.9791025 6.3421214 2.7650664 2.6289903 1.5764571 1.5020074 1.7617934 1.7441151 1.8407619 1.8025456 1.7688515 1.8731897 
Medtr8g033270.1                           1.1883603 1.6905441 1.6487719 1.5904224 2.5198473 3.5226753 2.0878008 1.5564662 1.3673393 1.6640919 0.0000000 1.2159964 1.6930630 1.6033617 0.2561340 1.6669540 1.6574035 1.0990344 3.8086893 3.5852224 2.2931553 2.2682122 2.2363602 2.1439013 2.2604983 1.4702911 0.9723744 1.6652656 1.7891839 1.7965220 1.2453289 1.0667210 2.0424787 1.5284431 2.2305656 2.7461312 1.9294583 1.2929202 1.2528357 1.3797012 7.2364825 2.5575682 1.8236554 1.6779787 1.7814383 1.6753628 1.7657776 1.2236427 1.2035090 1.0796768 1.3300329 
Medtr8g097090.1                           0.1572261 1.8273559 1.5041597 1.8306523 2.4642295 3.0947136 2.1527188 1.7571250 1.1581742 1.7521370 1.2159964 0.0000000 1.7135129 1.7972366 1.1196174 1.5259106 1.5362553 0.5475768 3.3406610 3.5346245 2.4189256 2.2905239 2.1027249 2.1760723 2.5212656 1.3127121 1.3193456 1.8840141 2.5092425 1.8111940 1.3243862 0.5163934 2.2682660 1.5975017 2.3721625 2.7498460 2.0095949 1.1559715 0.9010703 1.3308503 8.3254601 2.6653672 2.1655394 1.5706534 1.5045473 1.8632255 1.9756541 0.6174662 0.6374568 0.3007928 0.9478063 
Medtr8g033250.1                           1.6731899 1.8944283 1.3712313 1.6897406 2.6434856 3.1698446 1.8338343 1.5783294 1.6964643 0.0670603 1.6930630 1.7135129 0.0000000 1.6620747 1.6462727 0.4362238 1.9892234 1.7056529 2.9235684 4.0014625 2.7295743 2.1860383 2.0655237 2.1019865 2.1621948 1.7099130 1.7732160 2.0834632 2.0664312 2.1162851 1.9468875 1.6650029 1.8300042 0.7150504 1.8910944 3.0153616 1.8647145 2.0439595 1.6334994 1.9066178 6.3529789 2.6956639 2.6403074 1.5958524 1.4673093 1.7282157 1.7203237 1.8407203 1.7264272 1.7549627 1.8832416 
Medtr8g087860.1                           1.6985045 1.7769742 0.6324555 0.6042763 2.1502726 3.3788504 1.5509815 0.2121550 1.6989271 1.6651523 1.6033617 1.7972366 1.6620747 0.0000000 1.6224711 1.6280016 2.2385771 1.7121408 3.4405920 3.3764225 2.3567574 1.7004012 2.2040443 2.1297395 2.3090283 1.7687899 1.8307231 2.0087734 2.1806933 1.8367949 1.9054057 1.8232626 2.1708188 1.8778523 2.2193939 2.6595741 2.0591506 1.6047410 1.7021959 1.9463912 6.4339836 2.3079878 2.3429386 0.4586411 0.8211994 0.6312286 0.6920625 1.8767743 1.9219373 1.6970675 1.6545332 
Medtr7g075850.1                           1.1577780 1.5540336 1.6500871 1.6253485 2.2525724 3.5719606 2.2973990 1.6245735 1.3500422 1.6221825 0.2561340 1.1196174 1.6462727 1.6224711 0.0000000 1.5851224 1.7566342 1.1158852 3.7321192 3.4012692 2.3195198 2.2125940 2.2334975 2.1172775 2.3057145 1.4172329 0.9285700 1.5275746 2.1591571 1.6962274 1.2455995 1.1108102 2.0246109 1.4987440 2.2279831 2.6807025 1.8213625 1.2911066 1.2053383 1.3464565 8.1443233 2.3890991 1.7540077 1.6217824 1.6889391 1.6979748 1.6783471 1.2122366 1.1679328 1.0780115 1.2511092 
Medtr7g075870.1                           1.6427443 1.6274701 1.3921198 1.6737501 2.2214749 2.6152653 1.6390357 1.6387425 1.4464094 0.4443485 1.6669540 1.5259106 0.4362238 1.6280016 1.5851224 0.0000000 1.6631786 1.5016915 3.2441524 3.6176615 2.5857222 1.8852886 1.8751993 1.9385424 2.1846892 1.4948423 1.7259207 1.7704746 1.8148592 1.7194918 1.8529359 1.5272218 1.7450967 0.7881573 1.8480323 2.7934752 1.8867777 1.5242368 1.5942591 1.5769224 7.9826343 2.4867415 2.3756170 1.5203225 1.4117899 1.6768747 1.7252860 1.6906085 1.7037904 1.5887069 1.6429826 
Medtr7g016630.1                           1.5150809 1.8158171 2.0800655 2.1212067 2.4198001 3.3957864 1.7649634 2.1117968 0.6465569 1.9797304 1.6574035 1.5362553 1.9892234 2.2385771 1.7566342 1.6631786 0.0000000 1.5683856 2.9723604 3.5377208 2.2981657 2.1135686 2.1047969 2.1603370 2.3290418 0.6881396 1.5864364 1.8770812 2.3249494 1.9166634 1.9624068 1.6832360 2.6983655 1.8313149 2.2834234 2.7235313 2.2184764 0.8179041 1.6534455 0.8308219 8.9999986 3.1127369 2.4569512 2.1039311 2.2601809 2.2027877 2.3406965 1.7348511 1.6754566 1.6101032 1.7730312 
Medtr7g016600.1                           0.5385567 1.7963161 1.6677431 1.8331342 2.5833432 3.0228688 2.1705850 1.7592322 1.3097342 1.7475902 1.0990344 0.5475768 1.7056529 1.7121408 1.1158852 1.5016915 1.5683856 0.0000000 3.4402670 3.7114814 2.3072515 2.3782645 1.9709905 2.0700321 2.1222479 1.3935242 1.2795772 1.7526524 2.2241714 1.9025882 1.4666018 0.1219873 2.1294136 1.3782318 2.1817698 2.8510264 2.1130160 1.1578398 0.7588521 1.3634902 7.0506085 2.5293007 2.0126723 1.7164426 1.6196118 1.8893780 1.9556202 0.3021252 0.3331831 0.5461077 0.7074489 
Medtr5g041650.1                           3.3589455 2.6937033 3.1183465 3.2481950 3.7355773 3.4490416 4.0246636 3.5673729 3.1713781 2.9435275 3.8086893 3.3406610 2.9235684 3.4405920 3.7321192 3.2441524 2.9723604 3.4402670 0.0000000 3.2931541 3.7405168 4.4044199 3.5532817 3.6439794 2.9084739 3.0595432 3.2576418 3.3280326 4.0706936 2.7428671 4.0524569 3.5555290 3.9977867 3.2476842 3.2013093 2.6966976 3.0960095 3.3752451 3.4414818 3.4946616 7.5285770 4.1618265 3.4643822 3.4758527 3.4993840 3.3731942 3.3815568 3.8470298 3.8028039 3.3283419 3.9008747 
Medtr5g061740.1                           3.5073329 3.5479952 3.3985541 3.9489713 4.2437245 2.2544779 3.5890914 3.4234701 4.0170464 3.8688118 3.5852224 3.5346245 4.0014625 3.3764225 3.4012692 3.6176615 3.5377208 3.7114814 3.2931541 0.0000000 4.3951769 4.0385476 4.0463778 4.4360497 5.0925150 3.9462965 4.1057962 3.4436152 4.5108844 3.7362827 4.2059264 4.1263071 4.2466286 4.1183936 5.0590697 0.1733658 4.1788903 4.4624363 3.5489408 3.9155454 8.7706662 4.2219099 4.3576358 3.5509246 3.8416939 3.5850078 3.9350326 3.8143993 4.0593235 3.6134497 4.4610016 
Medtr5g021270.2                           2.3895806 1.3913793 2.2871429 2.2808341 0.9291175 3.8770927 2.5779533 2.4118012 2.0279290 2.7110721 2.2931553 2.4189256 2.7295743 2.3567574 2.3195198 2.5857222 2.2981657 2.3072515 3.7405168 4.3951769 0.0000000 2.6289612 2.8313812 2.7530736 2.8932002 2.0389370 2.2724785 2.0882225 2.8283657 1.4756431 2.3316698 2.4809957 2.9163995 2.6250931 2.7924136 3.1591007 2.9795406 2.0977148 2.6530097 2.2917003 7.7997920 1.2014422 1.9857226 2.3717692 2.3879395 2.3742253 2.2726451 2.3366518 2.4457895 2.1172823 2.4365341 
Medtr5g031000.1                           2.2417065 1.9275561 1.8177011 1.9727349 2.2756859 3.4430054 0.5581462 1.7620655 2.0365641 2.3580884 2.2682122 2.2905239 2.1860383 1.7004012 2.2125940 1.8852886 2.1135686 2.3782645 4.4044199 4.0385476 2.6289612 0.0000000 2.2967136 2.2887071 2.1888696 1.9781398 1.9193219 2.0117299 2.4370383 1.9220985 2.1157103 2.4627323 2.1426096 2.1860533 2.0511347 2.9706993 2.3237797 1.9307876 2.4491880 2.2974224 7.1031246 2.6252955 2.5702205 1.7842524 1.8197282 1.9016727 1.9081152 2.5150993 2.4570825 2.5238393 2.5064440 
Medtr5g032520.1                           2.1200454 1.8852578 2.1556994 2.1907413 2.3771323 3.5041420 1.9330008 2.1604336 2.2632151 2.0567767 2.2363602 2.1027249 2.0655237 2.2040443 2.2334975 1.8751993 2.1047969 1.9709905 3.5532817 4.0463778 2.8313812 2.2967136 0.0000000 0.1118200 0.8180029 2.0895002 2.2671605 2.2317762 1.7525759 2.0061999 2.2870972 2.0677257 2.0397105 1.9573595 1.1036584 3.2465574 2.5915358 1.9833682 2.0622029 2.1589433 7.0114170 2.6150174 2.3331104 2.1981050 2.1490098 2.4371468 2.3922770 2.0389234 2.0494177 2.0797391 2.3185634 
Medtr5g032150.1                           2.1996564 1.8500212 2.0116168 2.2387932 2.4152337 3.4872772 1.8583494 1.9292746 2.3468420 2.1313313 2.1439013 2.1760723 2.1019865 2.1297395 2.1172775 1.9385424 2.1603370 2.0700321 3.6439794 4.4360497 2.7530736 2.2887071 0.1118200 0.0000000 0.9151913 2.2011112 2.2547915 2.0612881 1.6875572 1.9901466 2.3439449 2.0551256 2.0490183 2.0605046 1.0749673 3.4512793 2.7216441 2.0786262 2.0565639 2.3206854 7.7959976 2.4287311 2.3824933 2.1635372 2.0316656 2.3571177 2.3383990 1.9963643 2.0019793 2.0996262 2.3295440 
Medtr5g066180.1                           2.5233085 1.9341521 2.3493822 2.1829045 2.7771617 4.0451655 1.8218387 2.2173178 2.4575790 2.2708636 2.2604983 2.5212656 2.1621948 2.3090283 2.3057145 2.1846892 2.3290418 2.1222479 2.9084739 5.0925150 2.8932002 2.1888696 0.8180029 0.9151913 0.0000000 2.4449160 2.4039535 2.3051852 1.9200533 2.0442304 2.4708989 2.1993512 2.1775348 2.2450686 1.2334260 3.7610223 2.3770877 2.2178578 2.3242304 2.7379396 6.4843437 2.5399860 2.4345352 2.4447705 2.2608530 2.4081968 2.3848787 2.0664439 2.1446649 2.5060579 2.5158568 
Medtr5g046790.1                           1.3358949 1.6327280 1.6464632 1.5840349 2.0499521 3.2975089 1.6563378 1.7411940 0.2766425 1.6513917 1.4702911 1.3127121 1.7099130 1.7687899 1.4172329 1.4948423 0.6881396 1.3935242 3.0595432 3.9462965 2.0389370 1.9781398 2.0895002 2.2011112 2.4449160 0.0000000 1.5473884 2.1450181 1.8493195 1.7862606 1.5988001 1.4102259 2.0890420 1.7281687 2.0822504 2.9926168 1.9606918 0.5335131 1.2851456 0.4446232 8.8376831 2.4075443 1.7201476 1.6922418 1.8624863 1.8010811 1.8234606 1.4309121 1.5413085 1.3780835 1.4437752 
Medtr1g101970.1                           1.2543774 2.0983100 1.7497691 1.8344140 2.5131533 3.2686333 1.8393174 1.9098278 1.4577916 1.7537738 0.9723744 1.3193456 1.7732160 1.8307231 0.9285700 1.7259207 1.5864364 1.2795772 3.2576418 4.1057962 2.2724785 1.9193219 2.2671605 2.2547915 2.4039535 1.5473884 0.0000000 1.9529883 2.3803049 2.1148582 0.6264535 1.2931465 2.0785369 1.7157654 2.4348260 3.0289411 2.3516237 1.4916640 1.5035611 1.4997295 7.7594705 2.6803389 2.0392890 1.8237600 1.8603167 1.9281850 1.9022944 1.3646178 1.3893963 1.2770432 1.4326915 
Medtr1g038300.1                           1.9637573 1.6621127 1.9032322 2.0165032 2.3045863 3.4276549 1.8678463 2.2961246 2.1852721 2.1071139 1.6652656 1.8840141 2.0834632 2.0087734 1.5275746 1.7704746 1.8770812 1.7526524 3.3280326 3.4436152 2.0882225 2.0117299 2.2317762 2.0612881 2.3051852 2.1450181 1.9529883 0.0000000 2.2028134 1.6405439 2.3387549 1.8436775 2.1536503 1.8693705 2.1727157 2.8360238 2.2123985 2.1264812 1.9674393 1.9563774 6.6690724 2.2242686 1.7678354 1.9353779 2.0762738 1.9975031 2.0175019 2.1005883 1.8945017 2.0305808 1.9490957 
Medtr1g053070.1                           2.4729277 2.2399421 2.2286340 2.2537600 2.5900684 3.9572484 2.0589079 2.3215062 2.1973494 2.0040068 1.7891839 2.5092425 2.0664312 2.1806933 2.1591571 1.8148592 2.3249494 2.2241714 4.0706936 4.5108844 2.8283657 2.4370383 1.7525759 1.6875572 1.9200533 1.8493195 2.3803049 2.2028134 0.0000000 2.1812304 2.5959273 2.3687600 1.0539244 2.0611265 1.9793314 3.5701172 2.4788542 2.4002667 2.4932997 2.5757475 7.3819227 2.9758893 2.9410766 2.3352787 2.2725706 2.3179914 2.2734704 2.6168891 2.5491929 2.4889124 2.2627838 
Medtr1g029670.1                           1.8768605 0.3365954 1.7731057 1.6992202 1.6443376 2.6244208 1.9569072 1.8093641 1.8409997 2.1083784 1.7965220 1.8111940 2.1162851 1.8367949 1.6962274 1.7194918 1.9166634 1.9025882 2.7428671 3.7362827 1.4756431 1.9220985 2.0061999 1.9901466 2.0442304 1.7862606 2.1148582 1.6405439 2.1812304 0.0000000 2.3040926 1.9629407 2.2167294 2.2237342 1.9741397 2.8917219 2.2982125 1.8649427 2.0370714 2.0504620 7.9668495 1.6174465 0.6832881 1.9226595 1.8433761 1.6470334 1.5951094 1.8273687 1.7702785 2.0047482 2.2590826 
Medtr6g464720.1                           1.2780524 2.0697922 1.7122936 1.9107971 2.3867474 3.3815992 2.3135611 1.9481420 1.5555794 1.9151175 1.2453289 1.3243862 1.9468875 1.9054057 1.2455995 1.8529359 1.9624068 1.4666018 4.0524569 4.2059264 2.3316698 2.1157103 2.2870972 2.3439449 2.4708989 1.5988001 0.6264535 2.3387549 2.5959273 2.3040926 0.0000000 1.5286520 2.3758774 1.8932939 2.4820201 3.3926144 2.5107515 1.5916491 1.5357071 1.6565118 7.3134168 2.5979585 2.2812228 1.9205259 1.9820831 1.9317506 1.9200370 1.5848186 1.5013324 1.5033163 1.7138548 
Medtr6g015975.1                           0.5151893 1.9098782 1.7457304 1.8757979 2.5284102 3.2614233 2.2055356 1.8890741 1.3323952 1.7440377 1.0667210 0.5163934 1.6650029 1.8232626 1.1108102 1.5272218 1.6832360 0.1219873 3.5555290 4.1263071 2.4809957 2.4627323 2.0677257 2.0551256 2.1993512 1.4102259 1.2931465 1.8436775 2.3687600 1.9629407 1.5286520 0.0000000 2.1940926 1.5050791 2.3080375 3.1300915 2.1896757 1.1754590 0.7777940 1.3701702 7.6011085 2.6181378 2.0057384 1.7185690 1.8000865 2.0125630 2.1742833 0.3081324 0.3279524 0.5360109 0.7178091 
Medtr0003s0590.1                          2.3217105 2.1351550 2.0668949 2.3621601 2.9830406 3.9471976 2.1457472 2.1854941 2.2374452 1.7761763 2.0424787 2.2682660 1.8300042 2.1708188 2.0246109 1.7450967 2.6983655 2.1294136 3.9977867 4.2466286 2.9163995 2.1426096 2.0397105 2.0490183 2.1775348 2.0890420 2.0785369 2.1536503 1.0539244 2.2167294 2.3758774 2.1940926 0.0000000 1.9941536 1.9754736 3.3674845 2.3495354 2.1432684 2.2806988 2.3908823 8.2303107 3.0457239 2.4389035 2.4298959 2.2122512 2.3271094 2.3667072 2.4204794 2.2923900 2.1400621 2.1862644 
Medtr4g102530.1                           1.5396061 2.0407769 1.5782226 1.8336554 2.3385853 3.3348563 1.7352765 1.8493985 1.7795165 0.6779669 1.5284431 1.5975017 0.7150504 1.8778523 1.4987440 0.7881573 1.8313149 1.3782318 3.2476842 4.1183936 2.6250931 2.1860533 1.9573595 2.0605046 2.2450686 1.7281687 1.7157654 1.8693705 2.0611265 2.2237342 1.8932939 1.5050791 1.9941536 0.0000000 1.9561883 3.1629106 2.3866662 1.7486712 1.5766292 1.7841236 6.8961029 2.4077604 2.6185522 1.7751758 1.6317204 1.6942189 1.7963777 1.6045182 1.5259177 1.4820982 1.6800219 
Medtr4g093970.1                           2.3985638 1.9847339 2.0083800 2.2454203 2.4194820 3.0703605 1.8780882 2.2522477 2.2190010 1.9381974 2.2305656 2.3721625 1.8910944 2.2193939 2.2279831 1.8480323 2.2834234 2.1817698 3.2013093 5.0590697 2.7924136 2.0511347 1.1036584 1.0749673 1.2334260 2.0822504 2.4348260 2.1727157 1.9793314 1.9741397 2.4820201 2.3080375 1.9754736 1.9561883 0.0000000 3.7247326 2.3463042 2.2766168 2.3710455 2.2155854 8.3998986 2.7200670 2.5541981 2.4172168 2.5102961 2.3964525 2.2922509 2.1579436 2.0900707 2.3641176 2.5029387 
Medtr4g084740.1                           2.7971502 2.6735023 2.5138546 2.9527231 3.1538766 2.0545937 2.7536677 2.7639259 3.0821502 2.9275031 2.7461312 2.7498460 3.0153616 2.6595741 2.6807025 2.7934752 2.7235313 2.8510264 2.6966976 0.1733658 3.1591007 2.9706993 3.2465574 3.4512793 3.7610223 2.9926168 3.0289411 2.8360238 3.5701172 2.8917219 3.3926144 3.1300915 3.3674845 3.1629106 3.7247326 0.0000000 3.1840043 3.2805638 2.6991867 2.9825050 7.7051250 3.0708819 3.3649624 2.8154879 2.8781759 2.8504671 3.0062045 3.0219982 3.0200653 2.8338602 3.2185869 
Medtr4g036050.1                           2.1148490 2.0896232 1.8908019 2.0171344 2.7242966 3.1427270 2.1867754 2.0537418 2.0017980 1.8072316 1.9294583 2.0095949 1.8647145 2.0591506 1.8213625 1.8867777 2.2184764 2.1130160 3.0960095 4.1788903 2.9795406 2.3237797 2.5915358 2.7216441 2.3770877 1.9606918 2.3516237 2.2123985 2.4788542 2.2982125 2.5107515 2.1896757 2.3495354 2.3866662 2.3463042 3.1840043 0.0000000 2.1649333 2.1154017 2.0164746 7.0190222 2.8687588 2.6254325 2.0029531 1.8798117 1.9299459 1.8797271 2.3676264 2.3269932 2.0401428 2.2116201 
Medtr4g109830.1                           1.2684410 1.8664542 1.5891483 1.5170263 2.1472267 3.1455508 1.6422779 1.6338058 0.5646428 2.0099230 1.2929202 1.1559715 2.0439595 1.6047410 1.2911066 1.5242368 0.8179041 1.1578398 3.3752451 4.4624363 2.0977148 1.9307876 1.9833682 2.0786262 2.2178578 0.5335131 1.4916640 2.1264812 2.4002667 1.8649427 1.5916491 1.1754590 2.1432684 1.7486712 2.2766168 3.2805638 2.1649333 0.0000000 1.3012158 0.5972139 7.8076600 2.4067914 2.0409621 1.5730947 1.6221228 1.7268778 1.6777413 1.3474170 1.2459793 1.2348724 1.2723463 
Medtr4g109810.1                           0.9541284 2.0004113 1.5707912 1.9049037 2.8928786 3.2501936 2.2032205 1.7394903 1.3317414 1.6228962 1.2528357 0.9010703 1.6334994 1.7021959 1.2053383 1.5942591 1.6534455 0.7588521 3.4414818 3.5489408 2.6530097 2.4491880 2.0622029 2.0565639 2.3242304 1.2851456 1.5035611 1.9674393 2.4932997 2.0370714 1.5357071 0.7777940 2.2806988 1.5766292 2.3710455 2.6991867 2.1154017 1.3012158 0.0000000 1.3942056 8.8557904 2.8379786 2.3650379 1.5510949 1.5477387 1.9822785 2.0072774 0.8715747 0.9196941 0.9166151 0.8271703 
AT1G69120.1_APETALA1_AP1_Length_286       1.3074141 1.8616211 1.7971276 1.7553734 2.5314343 3.5100364 1.9911194 1.9374072 0.3420265 1.9791025 1.3797012 1.3308503 1.9066178 1.9463912 1.3464565 1.5769224 0.8308219 1.3634902 3.4946616 3.9155454 2.2917003 2.2974224 2.1589433 2.3206854 2.7379396 0.4446232 1.4997295 1.9563774 2.5757475 2.0504620 1.6565118 1.3701702 2.3908823 1.7841236 2.2155854 2.9825050 2.0164746 0.5972139 1.3942056 0.0000000 8.0495679 2.8796884 2.1464511 1.8132386 1.9421188 1.9892183 1.9697792 1.5325438 1.5011807 1.3361500 1.6437660 
AT4G36920.1_APETALA2_AP2_Length_432       8.2205845 7.7067111 6.6698744 5.3058582 8.1320504 6.0304129 6.8813309 6.8134298 8.6618230 6.3421214 7.2364825 8.3254601 6.3529789 6.4339836 8.1443233 7.9826343 8.9999986 7.0506085 7.5285770 8.7706662 7.7997920 7.1031246 7.0114170 7.7959976 6.4843437 8.8376831 7.7594705 6.6690724 7.3819227 7.9668495 7.3134168 7.6011085 8.2303107 6.8961029 8.3998986 7.7051250 7.0190222 7.8076600 8.8557904 8.0495679 0.0000000 8.3960167 8.3336466 4.7315475 6.1541001 6.1784369 5.6116855 7.9094366 8.9988920 8.4316382 8.8839215 
AT3G54340.1_APETALA3_AP3_Length_232       2.6715842 1.6451854 2.3911604 2.1417202 0.7080148 4.0570684 2.5556120 2.2466264 2.5452046 2.7650664 2.5575682 2.6653672 2.6956639 2.3079878 2.3890991 2.4867415 3.1127369 2.5293007 4.1618265 4.2219099 1.2014422 2.6252955 2.6150174 2.4287311 2.5399860 2.4075443 2.6803389 2.2242686 2.9758893 1.6174465 2.5979585 2.6181378 3.0457239 2.4077604 2.7200670 3.0708819 2.8687588 2.4067914 2.8379786 2.8796884 8.3960167 0.0000000 2.1773253 2.1974121 2.4099012 2.4078507 2.2311423 2.5781134 2.4773870 2.4866063 2.5088762 
AT5G20240.1_PISTILLATA_PI_Length_208      2.1807021 0.6216267 2.0540564 2.1829344 1.9038333 3.6208099 2.2951838 2.3685290 1.9119359 2.6289903 1.8236554 2.1655394 2.6403074 2.3429386 1.7540077 2.3756170 2.4569512 2.0126723 3.4643822 4.3576358 1.9857226 2.5702205 2.3331104 2.3824933 2.4345352 1.7201476 2.0392890 1.7678354 2.9410766 0.6832881 2.2812228 2.0057384 2.4389035 2.6185522 2.5541981 3.3649624 2.6254325 2.0409621 2.3650379 2.1464511 8.3336466 2.1773253 0.0000000 2.2033268 2.2826619 2.3233003 2.2676725 2.1129888 2.2603614 2.1507232 2.3010835 
AT4G18960.1_AGAMOUS_AG_Length_252         1.5270860 1.8311086 0.6102537 0.5792080 2.0685345 3.0836234 1.4062299 0.3696850 1.5340156 1.5764571 1.6779787 1.5706534 1.5958524 0.4586411 1.6217824 1.5203225 2.1039311 1.7164426 3.4758527 3.5509246 2.3717692 1.7842524 2.1981050 2.1635372 2.4447705 1.6922418 1.8237600 1.9353779 2.3352787 1.9226595 1.9205259 1.7185690 2.4298959 1.7751758 2.4172168 2.8154879 2.0029531 1.5730947 1.5510949 1.8132386 4.7315475 2.1974121 2.2033268 0.0000000 0.7767225 0.6618318 0.7498571 1.9637860 1.9896326 1.6204984 1.6991328 
AT4G09960.4_SEEDSTICK_STK_Length_329      1.6497825 1.7614299 0.2901694 0.7193308 2.2379915 3.4360759 1.5066635 0.7031588 1.6018069 1.5020074 1.7814383 1.5045473 1.4673093 0.8211994 1.6889391 1.4117899 2.2601809 1.6196118 3.4993840 3.8416939 2.3879395 1.8197282 2.1490098 2.0316656 2.2608530 1.8624863 1.8603167 2.0762738 2.2725706 1.8433761 1.9820831 1.8000865 2.2122512 1.6317204 2.5102961 2.8781759 1.8798117 1.6221228 1.5477387 1.9421188 6.1541001 2.4099012 2.2826619 0.7767225 0.0000000 0.7895876 0.7822185 1.9740816 1.8820748 1.6172700 1.8494085 
AT3G58780.4_SHATTERPROOF1_SHP1_Length_281 1.9166136 1.5553763 0.6780031 0.4312061 2.4435050 3.3449532 1.6621567 0.5849566 1.6810344 1.7617934 1.6753628 1.8632255 1.7282157 0.6312286 1.6979748 1.6768747 2.2027877 1.8893780 3.3731942 3.5850078 2.3742253 1.9016727 2.4371468 2.3571177 2.4081968 1.8010811 1.9281850 1.9975031 2.3179914 1.6470334 1.9317506 2.0125630 2.3271094 1.6942189 2.3964525 2.8504671 1.9299459 1.7268778 1.9822785 1.9892183 6.1784369 2.4078507 2.3233003 0.6618318 0.7895876 0.0000000 0.1712217 2.1209823 2.1232527 1.7255334 2.0134091 
AT2G42830.2_SHATTERPROOF2_SHP2_Length_248 2.0577834 1.5072836 0.6374050 0.4317919 2.2642341 3.0172013 1.7313200 0.6644882 1.7120177 1.7441151 1.7657776 1.9756541 1.7203237 0.6920625 1.6783471 1.7252860 2.3406965 1.9556202 3.3815568 3.9350326 2.2726451 1.9081152 2.3922770 2.3383990 2.3848787 1.8234606 1.9022944 2.0175019 2.2734704 1.5951094 1.9200370 2.1742833 2.3667072 1.7963777 2.2922509 3.0062045 1.8797271 1.6777413 2.0072774 1.9697792 5.6116855 2.2311423 2.2676725 0.7498571 0.7822185 0.1712217 0.0000000 2.1841893 2.1803396 1.8649954 1.9469994 
AT5G15800.2_SEPALLATA1_SEP1_Length_262    0.6307726 1.7429120 1.8192404 1.9640267 2.7380644 3.2896859 2.5228861 1.9059943 1.4022283 1.8407619 1.2236427 0.6174662 1.8407203 1.8767743 1.2122366 1.6906085 1.7348511 0.3021252 3.8470298 3.8143993 2.3366518 2.5150993 2.0389234 1.9963643 2.0664439 1.4309121 1.3646178 2.1005883 2.6168891 1.8273687 1.5848186 0.3081324 2.4204794 1.6045182 2.1579436 3.0219982 2.3676264 1.3474170 0.8715747 1.5325438 7.9094366 2.5781134 2.1129888 1.9637860 1.9740816 2.1209823 2.1841893 0.0000000 0.1405262 0.5757496 0.7111553 
AT3G02310.1_SEPALLATA2_SEP2_Length_250    0.6481479 1.7183993 1.7947252 1.9185846 2.8087188 3.2922245 2.4375273 2.0084372 1.4925455 1.8025456 1.2035090 0.6374568 1.7264272 1.9219373 1.1679328 1.7037904 1.6754566 0.3331831 3.8028039 4.0593235 2.4457895 2.4570825 2.0494177 2.0019793 2.1446649 1.5413085 1.3893963 1.8945017 2.5491929 1.7702785 1.5013324 0.3279524 2.2923900 1.5259177 2.0900707 3.0200653 2.3269932 1.2459793 0.9196941 1.5011807 8.9988920 2.4773870 2.2603614 1.9896326 1.8820748 2.1232527 2.1803396 0.1405262 0.0000000 0.6020909 0.8307390 
AT1G24260.2_SEPALLATA3_SEP3_Length_251    0.3185179 1.8777840 1.5489408 1.6218750 2.5396099 3.3478388 2.1811108 1.6881544 1.2047325 1.7688515 1.0796768 0.3007928 1.7549627 1.6970675 1.0780115 1.5887069 1.6101032 0.5461077 3.3283419 3.6134497 2.1172823 2.5238393 2.0797391 2.0996262 2.5060579 1.3780835 1.2770432 2.0305808 2.4889124 2.0047482 1.5033163 0.5360109 2.1400621 1.4820982 2.3641176 2.8338602 2.0401428 1.2348724 0.9166151 1.3361500 8.4316382 2.4866063 2.1507232 1.6204984 1.6172700 1.7255334 1.8649954 0.5757496 0.6020909 0.0000000 0.8619628 
AT2G03710.1_SEPALLATA4_SEP4_Length_258    1.0020645 2.1401572 1.7217551 1.7848789 2.8427687 3.6537387 2.2416964 1.6851857 1.5005654 1.8731897 1.3300329 0.9478063 1.8832416 1.6545332 1.2511092 1.6429826 1.7730312 0.7074489 3.9008747 4.4610016 2.4365341 2.5064440 2.3185634 2.3295440 2.5158568 1.4437752 1.4326915 1.9490957 2.2627838 2.2590826 1.7138548 0.7178091 2.1862644 1.6800219 2.5029387 3.2185869 2.2116201 1.2723463 0.8271703 1.6437660 8.8839215 2.5088762 2.3010835 1.6991328 1.8494085 2.0134091 1.9469994 0.7111553 0.8307390 0.8619628 0.0000000 
