122
Nycol.I01691.1.p_Kbox              0.0000000 0.6393979 1.3593862 1.2755126 1.3066147 1.1964636 1.7700486 1.8330261 1.3467444 1.1146549 1.5518442 1.6323292 1.3433840 1.7033788 1.9807008 1.7236025 1.4123999 1.9514494 1.3272631 1.4079270 1.4327935 1.5940625 0.8572805 0.8537083 0.8592155 0.8592155 0.4839564 1.1445632 1.1445632 1.2432563 1.2432563 1.2936973 1.1952311 0.6082280 0.6082280 1.1015272 1.2279350 3.1975421 1.1015272 0.5554648 0.6294469 1.1952311 0.5554648 1.3643935 1.1394684 3.9742252 0.5314359 1.3383191 3.8876405 0.8089717 1.3301954 2.2930439 0.8089717 1.5855322 1.1669204 1.5864581 1.5864581 1.6246841 1.6246841 2.0688208 1.4630899 1.5365527 1.6822736 1.5365527 1.0897353 1.4445249 1.5572474 2.0044878 2.0044878 1.7224270 1.7224270 3.4528402 2.1414037 1.7103639 1.3745722 3.9742252 1.5174457 2.0688208 1.6168798 1.4528579 1.4528579 2.5223019 3.0523084 2.3363942 3.7354579 1.2928291 1.2877766 1.4114951 1.2877766 1.4047159 1.6254845 1.4047159 1.6254845 1.0180953 1.1174045 1.1174045 1.3935071 1.0717672 2.0890454 1.3511809 2.0764485 2.0682626 2.2691873 4.4018146 2.5991068 2.5991068 2.5445217 2.6259232 2.9860796 3.8002722 3.8002722 1.4274085 2.8021975 2.7949126 2.8055779 1.4862025 2.3109714 2.2121982 2.1568390 1.8296039 1.6755451 1.8189023 
Nycol.H00296.1.p_Kbox              0.6393979 0.0000000 1.4681536 1.4609772 1.2076762 1.1684881 1.9680618 1.8012535 1.2716789 1.0532177 1.8152349 1.6095816 1.5425829 1.9758755 1.8366009 2.0154442 1.4406756 1.9971959 1.4578675 1.4626412 1.4366832 1.6899164 0.8572836 0.8813757 0.9607178 0.9607178 0.7667914 1.1657824 1.1657824 1.2206279 1.2206279 1.2843043 1.2084048 0.3748121 0.3748121 1.2092419 1.4682966 1.8732812 1.2092419 0.3755078 0.4043094 1.2084048 0.3755078 1.3658493 1.3511944 6.7155170 0.8613687 1.3874207 5.9773316 0.6371604 1.6211508 1.3478929 0.6371604 1.4303932 1.3594112 1.7980714 1.7980714 1.7120382 1.7120382 2.1470702 1.7985812 1.7914250 1.7755408 1.7914250 1.1928290 1.6832375 1.7374548 1.9307532 1.9307532 1.7442479 1.7442479 4.4558507 2.4462449 2.0585045 1.3249240 6.7155170 1.6264085 2.1470702 1.8360895 1.8438138 1.8438138 2.7945552 3.4934993 2.5100950 3.7480933 1.7197331 1.7400321 1.7809811 1.7400321 1.7252550 2.0547036 1.7252550 2.0547036 1.4461412 1.5624923 1.5624923 1.7629454 1.7904510 2.5064025 1.9683134 2.0381265 2.0831010 2.6873331 4.7825818 3.2772680 3.2772680 3.1428859 3.2854063 3.6077671 3.6220982 3.6220982 2.2892344 2.8439705 2.5318707 2.8037729 1.7394069 2.7494328 2.5878407 2.8190047 2.3895741 2.3491953 2.3430813 
Nycol.G00206.1.p_Kbox              1.3593862 1.4681536 0.0000000 1.4335847 1.2244409 1.6233453 0.6214142 0.5526731 1.2347066 1.4677171 1.5451780 1.3601836 1.7601536 1.5965084 2.5941047 1.6081702 1.7781317 1.5030458 1.2605205 1.5471718 1.5151477 1.5717733 1.4155617 1.4282440 1.0571944 1.0571944 1.2487220 0.4440289 0.4440289 0.3732216 0.3732216 1.2527569 0.4684099 1.5780677 1.5780677 0.2701609 1.0096210 3.2094216 0.2701609 1.3564325 1.6542442 0.4684099 1.3564325 1.1086190 1.0357420 3.8830117 1.3572399 1.2846875 4.1309250 1.1463449 1.2140347 2.7797959 1.1463449 1.1522354 1.3540761 1.5833403 1.5833403 1.5219373 1.5219373 2.2144138 1.8715124 1.4441791 1.6055675 1.4441791 0.2827041 1.9016165 1.7263203 2.2543633 2.2543633 1.6188284 1.6188284 2.6160741 2.0031759 1.8188085 1.2591552 3.8830117 1.5893438 2.2144138 1.5792579 1.7743665 1.7743665 2.7276909 2.8392856 2.5139452 2.9009689 1.9216458 1.9307764 1.7712958 1.9307764 1.7389802 2.0563773 1.7389802 2.0563773 1.4610696 1.8179858 1.8179858 1.7512969 1.7630468 2.5876417 1.7090635 2.7131715 2.7746699 2.6575035 3.6070670 2.0212094 2.0212094 2.5113968 2.5643641 2.9591910 3.0350420 3.0350420 2.2762234 3.1982847 2.1312153 2.6631536 1.6743972 2.9991091 1.6797011 1.6597491 1.3825259 1.1788214 1.4275468 
Nycol.I01697.1.p_Kbox              1.2755126 1.4609772 1.4335847 0.0000000 1.4226104 1.5815448 1.4227349 1.6100781 1.4299418 1.5370148 1.8857194 1.6728498 1.5483701 1.9988629 2.6710839 1.9692389 1.6372008 2.1613391 1.7532669 1.7113411 1.6054426 1.8125793 1.6271581 1.4515977 1.2354100 1.2354100 1.1864169 1.4283730 1.4283730 1.1997527 1.1997527 0.5235476 1.5151202 1.8081347 1.8081347 1.3036912 1.4184890 2.9008090 1.3036912 1.4521149 1.8591418 1.5151202 1.4521149 0.6956474 1.2516358 6.1335894 1.3976734 1.5406178 5.2003240 1.7959626 1.4820175 1.9293176 1.7959626 0.8070614 1.7016516 0.6470651 0.6470651 0.9235097 0.9235097 1.8020340 1.9993782 0.9441132 2.0339224 0.9441132 1.3212980 0.7378988 1.7172470 1.8613971 1.8613971 1.9217962 1.9217962 2.1278294 2.3062697 2.0188918 1.3426545 6.1335894 0.9183938 1.8020340 0.6617772 1.5360621 1.5360621 2.5304126 2.9081253 1.9387603 2.4125694 1.3703032 1.4477013 1.5539651 1.4477013 1.6160360 1.4974752 1.6160360 1.4974752 1.3824311 1.5638195 1.5638195 1.5515412 1.2293728 1.7064262 1.7400711 2.0144632 1.9791518 2.0336952 3.0510672 2.2791628 2.2791628 2.0711543 2.2243982 2.3391795 3.6089086 3.6089086 1.7682768 2.3648700 2.3632095 2.7920406 1.7491567 2.7062443 2.2390910 2.7406895 2.4650479 2.0585835 2.1439104 
Nycol.C02244.1.p_Kbox              1.3066147 1.2076762 1.2244409 1.4226104 0.0000000 1.4661283 1.2071161 1.3233674 0.2119425 1.2630910 1.8955783 1.6688383 2.0051237 1.5212817 2.3499410 1.8598127 1.5496809 2.4081835 1.4969487 1.5868420 1.6469030 1.8210611 1.4070920 1.2444852 1.2212422 1.2212422 1.2937697 1.0531995 1.0531995 0.9592539 0.9592539 1.4474338 1.0867956 1.4067984 1.4067984 1.0450592 0.6074341 0.8426539 1.0450592 1.3109585 1.4138041 1.0867956 1.3109585 1.6233737 0.4030304 2.2280124 1.1323715 0.5455749 2.8884539 1.4744402 0.5309417 0.3637577 1.4744402 1.6108736 1.2721272 1.8595557 1.8595557 1.6908004 1.6908004 2.1293821 1.4926978 1.6505963 2.2810493 1.6505963 1.0507490 1.5532030 1.7523631 1.9299353 1.9299353 1.6637806 1.6637806 4.3329027 2.3433227 2.0450814 0.4405768 2.2280124 1.7664776 2.1293821 1.8039015 2.4243945 2.4243945 2.7038730 2.7575039 2.3819171 3.3902046 1.9269623 2.0818477 2.2301846 2.0818477 2.0193566 2.5230395 2.0193566 2.5230395 1.6633222 1.9297133 1.9297133 2.4546100 1.8941782 2.4878722 2.2243697 2.3524425 2.3731990 2.3443826 3.7383073 2.6021936 2.6021936 2.5079564 2.4401400 3.4783443 2.3753245 2.3753245 2.4854628 2.9682352 3.2974353 2.3556240 1.9330511 2.1517126 2.1784198 2.4563077 2.0072613 1.7531204 1.8873263 
Nycol.A01976.1.p_Kbox              1.1964636 1.1684881 1.6233453 1.5815448 1.4661283 0.0000000 1.8338133 1.7746974 1.4181444 1.3940270 1.2844685 1.8744347 1.6054082 1.8431754 1.7415103 1.8857779 0.5424405 2.0384587 0.7686010 0.1926831 0.4568397 0.2375805 1.4584022 1.4783284 1.4581674 1.4581674 1.4580022 1.4500006 1.4500006 1.5052500 1.5052500 1.2008532 1.5706077 1.5354101 1.5354101 1.5152822 1.6543261 1.9637486 1.5152822 1.4384440 1.5496459 1.5706077 1.4384440 1.4479158 1.6252841 2.4968801 1.3156409 1.7422066 1.4092417 1.4226373 1.7977323 2.0489798 1.4226373 1.6658617 1.3153916 1.9528925 1.9528925 1.7591670 1.7591670 1.2350546 1.8342292 1.8591458 2.2623046 1.8591458 1.5943336 1.5227819 1.6164373 1.8028854 1.8028854 1.9177257 1.9177257 2.0725456 2.4269867 1.4604803 1.3749035 2.4968801 1.7444667 1.2350546 1.9463297 1.9634865 1.9634865 2.4076802 3.1037994 2.5659642 3.2564239 1.5706205 1.5902577 1.7337655 1.5902577 1.6999095 1.8143460 1.6999095 1.8143460 1.4672905 1.5560881 1.5560881 1.8786377 1.6130615 1.5045256 1.8889506 1.7185593 1.6553870 2.0226706 4.6298101 3.0671861 3.0671861 2.6526698 2.6786961 2.9030352 3.3324182 3.3324182 2.0089489 3.1361035 2.5980887 2.5091301 1.7206361 2.8244375 2.3483110 2.3087995 1.9872886 1.6289456 1.8593885 
Nycol.I00043.1.p_Kbox              1.7700486 1.9680618 0.6214142 1.4227349 1.2071161 1.8338133 0.0000000 0.2962581 1.2199968 1.7548070 1.7790600 1.5296850 2.1807843 1.6980996 2.2767356 1.7936001 1.8097400 1.6420348 2.0219652 1.8530376 1.6084238 1.7925118 1.6380066 1.6099663 1.4814531 1.4814531 1.4249583 0.7260429 0.7260429 0.5182373 0.5182373 1.1818742 0.7452615 2.0251447 2.0251447 0.6179161 1.0759807 2.0908064 0.6179161 1.6467074 2.0786437 0.7452615 1.6467074 1.2152415 1.0355740 3.2433555 1.6092949 1.3937271 2.6272997 1.5608891 1.2615359 1.9423167 1.5608891 1.2731003 1.4960601 1.6713240 1.6713240 1.7375574 1.7375574 2.1445189 1.6842815 1.8909807 1.6196349 1.8909807 0.6465606 1.8887301 2.0621206 2.1557433 2.1557433 1.8318508 1.8318508 3.4109616 1.8539090 2.0493077 1.2107217 3.2433555 1.8010252 2.1445189 1.6668814 2.4506010 2.4506010 2.5097781 2.5604919 2.5283838 3.1178598 2.2888473 2.4792780 2.2832919 2.4792780 1.9425954 2.5066285 1.9425954 2.5066285 1.5492808 1.9362418 1.9362418 2.3385835 1.8609489 2.8915213 1.9167114 2.4623757 2.4672943 2.3897928 3.8992044 2.3477825 2.3477825 2.5144613 2.2558234 3.0642976 2.8621197 2.8621197 2.0256845 3.0747199 2.3759839 3.2175754 1.9001748 2.5867018 2.1508953 2.4712495 1.9683090 1.8676387 1.9116505 
Nycol.A03014.1.p_Kbox              1.8330261 1.8012535 0.5526731 1.6100781 1.3233674 1.7746974 0.2962581 0.0000000 1.4142099 1.8942013 1.8245911 1.6538635 2.1973264 1.9593143 2.1818473 1.8616323 1.6875737 1.7979343 2.1026144 1.7185260 1.4572076 1.8593672 1.4560881 1.4630248 1.4338791 1.4338791 1.5681533 0.6419345 0.6419345 0.4318690 0.4318690 1.3088431 0.6294316 1.7696400 1.7696400 0.6012216 1.2421465 2.6803579 0.6012216 1.6237269 1.8520363 0.6294316 1.6237269 1.1732177 1.1028063 3.3955053 1.7188139 1.3378309 2.7654484 1.4765154 1.2577948 2.6133466 1.4765154 1.2354707 1.5357932 1.5695969 1.5695969 1.8098686 1.8098686 1.9551028 1.6818582 1.9832977 1.5975674 1.9832977 0.6296161 1.6084635 2.2116299 2.3652006 2.3652006 1.9914473 1.9914473 3.5321685 2.1439152 2.0641784 1.2181711 3.3955053 1.8767451 1.9551028 1.5653686 2.4450209 2.4450209 2.4220894 2.6690263 2.7542558 3.1021068 2.3364960 2.5332169 2.3990773 2.5332169 2.0290580 2.8930793 2.0290580 2.8930793 1.7046000 2.1367555 2.1367555 2.4000791 1.9589187 2.6461531 2.1717906 2.3258464 2.3267700 2.6072141 3.4797654 2.4553640 2.4553640 2.6632878 2.4012075 3.0038873 2.5948231 2.5948231 2.3512947 3.1923418 1.8718819 3.3082398 1.7157475 2.9446178 2.3635954 3.0811516 2.4705010 2.4046613 2.5134594 
Nycol.I00993.1.p_Kbox              1.3467444 1.2716789 1.2347066 1.4299418 0.2119425 1.4181444 1.2199968 1.4142099 0.0000000 1.3473905 1.9661866 1.8442155 1.8641518 1.6302177 2.5283270 1.7030009 1.5060239 2.4911464 1.5945699 1.5463100 1.5373696 1.8327399 1.5016291 1.3339359 1.3763993 1.3763993 1.4482869 1.2282673 1.2282673 1.1662170 1.1662170 1.5269688 1.2560865 1.3511777 1.3511777 1.1197901 0.6269963 0.8228486 1.1197901 1.3964974 1.3575125 1.2560865 1.3964974 1.5361787 0.5079841 2.4112142 1.4453769 0.5848394 3.0079267 1.5157056 0.6473379 0.3697942 1.5157056 1.6303830 1.3042517 1.7697764 1.7697764 1.7710956 1.7710956 1.8538853 1.4388173 1.7202740 2.4699024 1.7202740 1.1262759 1.7543375 1.6068745 1.6390458 1.6390458 1.4938057 1.4938057 3.0080974 2.0529354 2.0862920 0.4800185 2.4112142 1.7251498 1.8538853 1.7159786 2.6018618 2.6018618 2.5798586 2.3702724 2.0051189 2.8826467 1.6301404 1.7735356 2.0275219 1.7735356 1.7097446 2.1684443 1.7097446 2.1684443 1.6116675 1.8023849 1.8023849 2.5129131 1.6698984 1.9262232 1.8436981 2.1991908 2.2145657 2.1261205 3.3135834 2.5321731 2.5321731 2.3144341 2.4640558 3.3228068 2.5732683 2.5732683 2.1570953 3.0349450 3.2892794 2.2721499 1.9953810 1.8908129 2.1531122 2.3201900 1.9069569 1.6121800 1.9563396 
Nycol.H00297.1.p_Kbox              1.1146549 1.0532177 1.4677171 1.5370148 1.2630910 1.3940270 1.7548070 1.8942013 1.3473905 0.0000000 1.8861690 2.1804785 1.8161520 1.7277924 1.8436372 2.1080167 1.8537354 2.6974478 1.4191313 1.5569333 1.9131381 2.1218024 0.8126002 0.7239859 0.8382434 0.8382434 1.1645305 1.7997918 1.7997918 1.4146739 1.4146739 1.4704875 1.8461112 1.0487543 1.0487543 1.3874751 1.3502052 1.7576947 1.3874751 0.7476618 1.0343641 1.8461112 0.7476618 1.4026450 1.4026699 9.0000000 1.1077770 1.6113026 4.3320378 1.1808126 1.5030674 0.9819943 1.1808126 1.3966238 1.0574299 2.0434266 2.0434266 1.7542660 1.7542660 2.0899973 1.8907229 1.5985749 2.5007365 1.5985749 1.4250180 1.9202461 1.9894332 1.8525747 1.8525747 1.9022200 1.9022200 7.5703148 2.1896210 2.3264055 1.0684326 9.0000000 1.6754922 2.0899973 2.0873027 1.7588957 1.7588957 2.9842329 3.0218610 3.1098976 4.0660899 1.9475813 1.8977465 1.9685025 1.8977465 1.8812813 1.7188107 1.8812813 1.7188107 1.5285902 1.7175037 1.7175037 1.6842769 1.3559503 2.5083239 1.9048508 2.3140289 2.2131153 3.3181377 5.5342263 2.8287926 2.8287926 2.9603113 2.8236702 3.8005275 3.1247657 3.1247657 2.1358144 2.1923578 2.8729253 2.7502956 1.9903908 3.7956679 2.1136774 2.3604945 2.0174086 2.0239024 1.9519905 
Nycol.A00432.1.p_Kbox              1.5518442 1.8152349 1.5451780 1.8857194 1.8955783 1.2844685 1.7790600 1.8245911 1.9661866 1.8861690 0.0000000 1.9169138 1.6727733 2.2131438 1.9509426 1.7829437 1.4793869 2.5450575 1.5991908 1.4323353 1.3498979 1.3441049 1.7168436 1.7949364 1.8589337 1.8589337 2.0422861 1.4694333 1.4694333 1.6530113 1.6530113 2.0569811 1.4977558 2.0502085 2.0502085 1.5670934 1.8208521 3.6158552 1.5670934 2.0218824 2.0371880 1.4977558 2.0218824 1.9683180 1.4435601 2.7872935 1.8112340 1.9434949 1.3583537 2.3964838 1.7034383 3.0761156 2.3964838 2.0433701 2.1212320 2.1931004 2.1931004 1.9978546 1.9978546 1.8092326 2.4223806 2.2708260 2.3709203 2.2708260 1.5274956 2.3002317 1.4189638 2.2897696 2.2897696 1.8821058 1.8821058 2.3503058 1.9740591 0.9014879 1.2134991 2.7872935 1.9238853 1.8092326 2.2432148 2.6069463 2.6069463 3.0407914 4.0452813 3.8380322 2.4439136 2.2190764 2.4214902 2.1616706 2.4214902 1.9063778 2.3573154 1.9063778 2.3573154 1.7427764 1.8530447 1.8530447 2.5785105 2.3685793 2.4871029 2.2813310 2.3301472 2.3908239 3.0371288 4.5517775 3.2961975 3.2961975 3.6547205 3.9531443 3.3126904 4.0139837 4.0139837 3.0945583 3.7294138 4.3365223 3.4841787 2.5119054 4.8645674 2.6661966 2.3277482 1.8623198 1.4570787 1.7148004 
Nycol.G00190.1.p_Kbox              1.6323292 1.6095816 1.3601836 1.6728498 1.6688383 1.8744347 1.5296850 1.6538635 1.8442155 2.1804785 1.9169138 0.0000000 2.2868079 1.8108028 2.8052847 1.9362039 2.1553533 0.6480426 1.8753484 2.1888244 2.0932792 2.3692479 1.6725627 1.6695371 1.5297177 1.5297177 1.9865697 1.4564186 1.4564186 1.3926225 1.3926225 1.7830454 1.5124100 2.1004714 2.1004714 1.5141204 1.5830546 3.2841243 1.5141204 1.7887598 2.1987626 1.5124100 1.7887598 1.8305672 1.3364558 2.6138549 1.8160550 1.7446697 2.3744259 1.8002365 2.0510951 3.5536189 1.8002365 1.7969460 2.0429568 1.9656548 1.9656548 2.1690274 2.1690274 2.5894582 1.7721234 2.6179235 0.7643971 2.6179235 1.4641617 2.0643310 1.9053565 2.2294168 2.2294168 1.9728111 1.9728111 8.9999987 3.6748058 2.6705090 1.2724077 2.6138549 2.2108094 2.5894582 1.9000407 2.2995015 2.2995015 2.9672568 4.5961561 2.6215954 4.4496562 1.9995679 1.8968624 2.0385735 1.8968624 1.9182126 2.2213287 1.9182126 2.2213287 1.6059002 1.6306408 1.6306408 2.1452548 1.6406144 2.3754152 2.2458907 1.9134888 1.9958848 2.4953525 7.2909449 2.5327745 2.5327745 2.4061196 2.7692334 2.3981554 5.4543455 5.4543455 2.3617685 3.0440389 3.2065162 3.3416871 1.8991496 1.9489835 2.6731567 1.8222331 1.5523107 1.4388290 1.4323325 
Nycol.B01084.1.p_Kbox              1.3433840 1.5425829 1.7601536 1.5483701 2.0051237 1.6054082 2.1807843 2.1973264 1.8641518 1.8161520 1.6727733 2.2868079 0.0000000 2.1213713 2.9247139 2.1763526 1.7094119 2.3275549 1.6262173 1.4413409 1.6151294 2.1045785 1.7369893 1.4893570 1.4973901 1.4973901 1.8031920 1.5036027 1.5036027 1.7816828 1.7816828 1.7648002 1.5236430 1.5669451 1.5669451 1.6212744 1.8386008 4.0051545 1.6212744 1.5646037 1.6444281 1.5236430 1.5646037 2.2164376 1.7674681 4.7116859 1.8356798 1.7952242 3.8830148 2.0030394 1.8220758 3.1425398 2.0030394 2.3471547 2.0513906 2.2968669 2.2968669 2.2717928 2.2717928 1.9498687 2.0648687 2.3572380 2.5297485 2.3572380 1.6642845 2.3601422 1.8741253 2.9603330 2.9603330 2.1514794 2.1514794 4.4885943 2.6387430 1.8453864 1.7728590 4.7116859 2.2297213 1.9498687 2.2913936 2.7418838 2.7418838 2.9642779 3.8495162 3.0563782 3.0304080 1.9754745 2.1223246 2.3145367 2.1223246 2.3434140 2.2406253 2.3434140 2.2406253 1.8504723 1.8332338 1.8332338 2.6534069 2.0256414 2.9141285 2.5461319 3.1161971 3.1765599 2.9406929 4.4624549 3.1634513 3.1634513 3.2048745 3.0591567 4.0408640 4.2954375 4.2954375 2.5943204 3.3118910 2.5587621 3.3323279 1.2910040 3.0397099 3.1508046 2.8450417 2.3374836 2.4140914 2.2535315 
Nycol.M00404.1.p_Kbox              1.7033788 1.9758755 1.5965084 1.9988629 1.5212817 1.8431754 1.6980996 1.9593143 1.6302177 1.7277924 2.2131438 1.8108028 2.1213713 0.0000000 2.1763987 2.2135914 2.1867654 2.5577810 2.0514768 1.9702655 2.0696048 1.8126150 1.6721138 1.7950515 1.4698131 1.4698131 1.7114644 1.5803088 1.5803088 1.7297801 1.7297801 2.0433983 1.5808662 2.3100180 2.3100180 1.6626672 1.4483087 2.4876961 1.6626672 1.9902317 2.3453051 1.5808662 1.9902317 1.9106157 1.3083881 4.1516038 1.7386444 1.7904772 2.2372009 2.4025385 1.5684796 1.9007055 2.4025385 1.7061687 2.0441128 2.3015783 2.3015783 2.2087083 2.2087083 2.1207344 1.0238581 2.0235066 2.3929248 2.0235066 1.6101510 1.5272061 2.2867716 1.2959016 1.2959016 2.4330573 2.4330573 2.3295236 2.6365270 2.1246161 1.2827534 4.1516038 2.1454521 2.1207344 2.1757151 2.6009735 2.6009735 1.6074584 1.8791151 1.5270734 1.9975400 2.0092879 2.1582817 2.1693375 2.1582817 2.1669361 2.1965176 2.1669361 2.1965176 1.5259082 1.3424520 1.3424520 2.3821720 2.0410010 2.0461109 2.3923514 2.2499422 2.0897159 1.5137266 4.0806495 3.7508896 3.7508896 3.5506970 3.4224192 1.9353610 2.5518266 2.5518266 1.7092971 2.5781730 4.2318541 3.4383115 1.4485037 3.5264018 2.4522017 2.3576144 2.0402014 1.9585212 2.4500131 
Nycol.I01732.1.p_Kbox              1.9807008 1.8366009 2.5941047 2.6710839 2.3499410 1.7415103 2.2767356 2.1818473 2.5283270 1.8436372 1.9509426 2.8052847 2.9247139 2.1763987 0.0000000 3.0304175 1.8902544 3.3267777 1.5367953 1.8150418 1.7864304 1.2355019 1.5523796 1.6776132 1.5951447 1.5951447 1.7280230 2.0415328 2.0415328 2.2377643 2.2377643 2.2674361 2.2120699 1.6843431 1.6843431 2.2869099 1.9553273 4.0594574 2.2869099 1.5710256 1.6613695 2.2120699 1.5710256 2.2075502 2.0621054 1.8712719 1.8846323 1.8680967 1.8780114 1.8291348 2.0506987 3.4482094 1.8291348 2.1635917 2.1298323 2.8406590 2.8406590 2.8471798 2.8471798 2.5897269 2.2751330 2.5352469 2.4054943 2.5352469 2.0627713 3.1047210 2.2712130 2.3479982 2.3479982 2.4205763 2.4205763 1.5502742 1.5060321 1.8037780 2.2388540 1.8712719 2.7084563 2.5897269 2.6861587 3.5332052 3.5332052 1.6686998 3.0951290 2.8984268 3.8790619 3.4511432 3.5780024 3.9273822 3.5780024 4.1559593 3.6962057 4.1559593 3.6962057 3.3467941 2.9739537 2.9739537 3.3520438 2.8141993 2.9804437 3.8743663 2.9876407 3.1425267 2.6222517 3.6394607 2.9911272 2.9911272 3.9680375 3.2879693 3.1178356 3.2860170 3.2860170 3.6350115 4.4403975 4.2347438 3.7844932 2.5066503 4.6058961 3.4900703 3.1813395 2.7243683 2.7353022 2.6183215 
Nycol.H00870.1.p_Kbox              1.7236025 2.0154442 1.6081702 1.9692389 1.8598127 1.8857779 1.7936001 1.8616323 1.7030009 2.1080167 1.7829437 1.9362039 2.1763526 2.2135914 3.0304175 0.0000000 2.3002592 2.2680545 1.8908316 2.0286441 2.3102786 2.5035386 2.3964497 2.3561405 2.7185548 2.7185548 2.5754523 1.7020442 1.7020442 2.0832092 2.0832092 2.2532982 1.5776603 2.6489831 2.6489831 1.9051205 2.0264675 2.2016486 1.9051205 2.6976585 2.7777803 1.5776603 2.6976585 1.7363306 1.7647283 5.4059488 2.1138095 2.2969242 4.6164649 2.0795299 2.3228350 1.5646803 2.0795299 2.0267533 1.9691095 2.6624228 2.6624228 2.7812927 2.7812927 2.5604988 2.7440830 2.8123494 2.0906210 2.8123494 1.8555140 2.4649785 0.8468847 2.2084138 2.2084138 0.5337264 0.5337264 9.0000000 3.1218138 2.0515774 1.3424466 5.4059488 2.7433353 2.5604988 2.7557853 2.2409659 2.2409659 2.2522958 2.9151933 2.6807909 3.1875903 1.8094557 1.9766520 1.8989218 1.9766520 1.5640054 2.1600317 1.5640054 2.1600317 1.1663918 1.5461718 1.5461718 2.1441375 1.4717480 2.1456968 1.7625084 2.6061733 2.6014244 2.3918056 3.1520472 2.8721413 2.8721413 3.3444957 3.2059322 1.9609069 3.3904549 3.3904549 1.7703079 2.3903448 2.9940543 3.2401739 2.1313615 4.2091053 3.2692752 1.6986729 1.5937194 1.1504039 1.5334356 
Nycol.F00337.1.p_Kbox              1.4123999 1.4406756 1.7781317 1.6372008 1.5496809 0.5424405 1.8097400 1.6875737 1.5060239 1.8537354 1.4793869 2.1553533 1.7094119 2.1867654 1.8902544 2.3002592 0.0000000 2.7803707 0.8432655 0.2951174 0.0309346 0.1141565 1.7556831 1.5877341 1.7438101 1.7438101 1.5279224 1.5700762 1.5700762 1.5043288 1.5043288 1.5530861 1.6529940 1.4714634 1.4714634 1.6137910 1.6704412 2.4018497 1.6137910 1.5488609 1.5421191 1.6529940 1.5488609 1.6616252 1.5096205 1.9840744 1.5094905 1.7174242 1.3091035 1.6222750 1.6775360 1.7865278 1.6222750 1.9054881 1.7780680 1.7223430 1.7223430 1.5880665 1.5880665 1.6053127 1.8526503 1.8373457 2.3380633 1.8373457 1.6659553 1.8543407 1.9337476 1.6919841 1.6919841 2.0094238 2.0094238 1.8736004 2.2428454 1.3844421 1.3526577 1.9840744 1.5753497 1.6053127 1.7670667 2.6762671 2.6762671 2.7558990 3.3001643 2.5133248 2.9679300 2.2406634 2.3347515 2.1715123 2.3347515 2.3018471 2.5125030 2.3018471 2.5125030 1.7586530 2.0440101 2.0440101 2.6238967 2.0724827 2.1159674 2.0834065 2.0052184 2.0388881 2.0349918 3.7452165 3.1411524 3.1411524 3.1173793 3.0944956 2.5578329 2.8854857 2.8854857 2.7117866 2.8039016 2.3293326 2.8182986 2.0115252 3.7206293 2.6735293 3.0069554 2.4613150 2.1817956 2.4818662 
Nycol.A00172.1.p_Kbox              1.9514494 1.9971959 1.5030458 2.1613391 2.4081835 2.0384587 1.6420348 1.7979343 2.4911464 2.6974478 2.5450575 0.6480426 2.3275549 2.5577810 3.3267777 2.2680545 2.7803707 0.0000000 2.0957212 2.4780550 2.6485244 2.9778928 1.9051405 2.0033641 2.2243027 2.2243027 2.3350873 1.8904052 1.8904052 1.8257257 1.8257257 2.2056691 2.0171298 2.5392086 2.5392086 1.7207867 1.8588292 4.6220460 1.7207867 2.1456343 2.6119434 2.0171298 2.1456343 2.0596408 1.9630510 2.1086265 2.0700443 2.2423977 1.6874444 1.9216469 2.2905050 5.5232229 1.9216469 2.1251469 2.2572592 1.9925873 1.9925873 2.5438379 2.5438379 2.4342039 2.7494532 3.1540544 0.5964437 3.1540544 1.7667109 2.2961775 2.3324195 2.8435697 2.8435697 2.2741915 2.2741915 2.9360572 4.0044330 2.9422025 2.1472479 2.1086265 2.6120716 2.4342039 1.9843866 2.1539667 2.1539667 3.4984361 5.3786624 2.8083019 3.5635892 2.1821892 2.0706011 2.2236540 2.0706011 2.3038255 2.6882324 2.3038255 2.6882324 1.9870513 2.0628663 2.0628663 2.0112671 1.7109489 2.2755304 2.4906125 2.1430281 2.2178668 3.0929015 6.0491302 3.1526708 3.1526708 3.0011442 3.5351011 3.0714870 5.2186005 5.2186005 2.4666824 3.7354021 3.9755399 3.4691518 2.0385696 2.3322444 3.3492577 2.0307704 1.9566982 1.8651876 1.8679340 
Nycol.F00482.1.p_Kbox              1.3272631 1.4578675 1.2605205 1.7532669 1.4969487 0.7686010 2.0219652 2.1026144 1.5945699 1.4191313 1.5991908 1.8753484 1.6262173 2.0514768 1.5367953 1.8908316 0.8432655 2.0957212 0.0000000 0.8736326 0.9193134 0.8151322 1.5203142 1.3048919 1.2123383 1.2123383 1.5651400 1.6555046 1.6555046 1.7218838 1.7218838 1.3030893 1.7394526 1.5330273 1.5330273 1.3580632 1.3257312 2.9423758 1.3580632 1.5459839 1.6073340 1.7394526 1.5459839 1.4376184 1.6683717 2.8796219 1.4543464 1.7541335 2.9875409 1.4007868 1.8850410 2.9423758 1.4007868 1.5251858 1.4645359 1.8408788 1.8408788 1.7475847 1.7475847 1.6477176 2.2615762 1.4174505 1.8466423 1.4174505 1.3580632 2.1143741 1.6958143 1.5633845 1.5633845 1.7595144 1.7595144 2.5448931 2.1353186 1.3377761 1.1561496 2.8796219 1.7475847 1.6477176 1.8408788 1.9711720 1.9711720 2.5355244 2.7310284 2.4955056 2.5588242 1.9205623 1.8994558 1.9572794 1.8994558 2.0759599 2.0077082 2.0759599 2.0077082 1.4639218 1.4857104 1.4857104 1.9827388 1.3693237 1.9208394 2.0759599 2.2200619 2.1934165 2.2525300 4.0575769 3.0882925 3.0882925 3.2413272 3.2026535 2.6056456 2.8054241 2.8054241 1.6036602 2.7475334 2.0258121 2.0365984 2.0456362 2.8742567 2.5100440 2.2609163 1.9344455 1.5243084 1.8714456 
Nycol.F00306.1.p_Kbox              1.4079270 1.4626412 1.5471718 1.7113411 1.5868420 0.1926831 1.8530376 1.7185260 1.5463100 1.5569333 1.4323353 2.1888244 1.4413409 1.9702655 1.8150418 2.0286441 0.2951174 2.4780550 0.8736326 0.0000000 0.3440008 0.2843049 1.7247112 1.5822128 1.6707282 1.6707282 1.5590708 1.6909029 1.6909029 1.9045045 1.9045045 1.7327568 1.7790855 1.5765897 1.5765897 1.6321403 1.9368573 9.0000000 1.6321403 1.4504950 1.6527114 1.7790855 1.4504950 1.7122811 1.9004619 2.2145520 1.4508466 2.0280198 1.6301976 1.5240754 1.8995271 9.0000000 1.5240754 1.9931985 1.5639906 2.1684983 2.1684983 1.7287814 1.7287814 1.5763755 2.0324651 2.1319635 2.4742159 2.1319635 1.6321403 1.7198770 1.5586063 1.9758579 1.9758579 1.8546064 1.8546064 2.1903359 2.4992153 1.5519265 1.1626191 2.2145520 1.7287814 1.5763755 2.1684983 2.6079470 2.6079470 2.4998508 3.2630669 2.3424645 3.4394784 2.0138053 2.1458916 2.2483758 2.1458916 2.2259342 2.3925320 2.2259342 2.3925320 1.4523760 1.4698368 1.4698368 2.5980512 1.6333940 1.9138242 2.2259342 2.1618625 1.9914947 1.8314928 4.6518855 2.8900790 2.8900790 2.5284274 2.3996959 2.7823444 3.4063861 3.4063861 1.8528692 2.7139157 2.4766699 3.0572174 1.4163058 3.1555413 2.8136518 2.9949939 2.6171435 2.0793259 2.3954308 
Nycol.F00318.1.p_Kbox              1.4327935 1.4366832 1.5151477 1.6054426 1.6469030 0.4568397 1.6084238 1.4572076 1.5373696 1.9131381 1.3498979 2.0932792 1.6151294 2.0696048 1.7864304 2.3102786 0.0309346 2.6485244 0.9193134 0.3440008 0.0000000 0.1141565 1.8949213 1.7196919 1.8828041 1.8828041 1.6489318 1.5445876 1.5445876 1.4810840 1.4810840 1.6791460 1.6257371 1.5906571 1.5906571 1.5875272 1.8040139 1.6009716 1.5875272 1.6638506 1.6651066 1.6257371 1.6638506 1.7918088 1.6326443 1.9840744 1.6245316 1.8545316 1.3091035 1.7423169 1.8096156 9.0000000 1.7423169 2.0534984 1.9145830 1.8566079 1.8566079 1.7133758 1.7133758 1.7285167 2.0125030 1.9834403 2.5332553 1.9834403 1.6380105 1.9337218 2.0044241 1.8231320 1.8231320 2.1197640 2.1197640 1.8736004 2.3585814 1.4351351 1.2722957 1.9840744 1.6998382 1.7285167 1.9059949 2.5101681 2.5101681 2.7073707 3.6414522 2.5636328 3.2185511 2.0001232 2.1110294 2.1518906 2.1110294 2.3491651 2.3379256 2.3491651 2.3379256 1.5643603 1.6056658 1.6056658 2.4676331 1.7444792 2.1141279 2.3491651 2.0346281 2.0056964 2.1082769 3.7551737 3.1666034 3.1666034 3.2940643 3.2724418 2.7652089 3.1518617 3.1518617 2.5842990 2.1163144 2.4429618 2.9014603 2.1158681 4.3640667 2.9176057 3.1563909 2.5903810 2.3209783 2.6137123 
Nycol.F00329.1.p_Kbox              1.5940625 1.6899164 1.5717733 1.8125793 1.8210611 0.2375805 1.7925118 1.8593672 1.8327399 2.1218024 1.3441049 2.3692479 2.1045785 1.8126150 1.2355019 2.5035386 0.1141565 2.9778928 0.8151322 0.2843049 0.1141565 0.0000000 2.3456316 2.7527036 2.0955561 2.0955561 1.6673847 1.9409009 1.9409009 1.8431108 1.8431108 1.7622198 2.1480861 1.7987701 1.7987701 1.8880058 1.9680824 9.0000000 1.8880058 1.6334513 1.7987701 2.1480861 1.6334513 1.9512071 1.8214517 2.1006445 1.3875668 2.2805913 1.5804845 1.9648933 1.8603274 9.0000000 1.9648933 2.2260364 2.3861878 2.2226996 2.2226996 2.1901834 2.1901834 1.7569384 2.0370461 1.9850645 3.6792104 1.9850645 1.8880058 2.0798290 2.1303036 2.0427661 2.0427661 2.0373037 2.0373037 1.9880037 2.2831081 1.5230790 0.7332382 2.1006445 2.1901834 1.7569384 2.2226996 3.6513253 3.6513253 2.2738151 2.7812124 1.6846744 2.7011667 2.9720232 3.4398803 3.5898797 3.4398803 4.1183923 4.2971192 4.1183923 4.2971192 1.0694347 2.7427777 2.7427777 3.6685805 2.7705130 2.5094389 4.1183923 2.3765702 2.3405931 1.4280913 3.2466968 3.3090539 3.3090539 3.3341859 3.6450645 2.3065187 2.7979294 2.7979294 1.0694347 2.1828245 9.0000000 3.4611735 9.0000000 9.0000000 3.0743520 3.4669121 2.5254950 1.8962488 2.5847911 
AT1G69120.1_PACid_19653480_85_172  0.8572805 0.8572836 1.4155617 1.6271581 1.4070920 1.4584022 1.6380066 1.4560881 1.5016291 0.8126002 1.7168436 1.6725627 1.7369893 1.6721138 1.5523796 2.3964497 1.7556831 1.9051405 1.5203142 1.7247112 1.8949213 2.3456316 0.0000000 0.2419464 0.7037227 0.7037227 1.0338633 1.5713264 1.5713264 1.3722282 1.3722282 1.4046242 1.6205656 1.1299711 1.1299711 1.4943110 1.5698934 9.0000000 1.4943110 0.9053329 1.1580641 1.6205656 0.9053329 1.2849316 1.4630953 6.8579228 1.0972282 1.4937690 5.2136724 1.1774755 1.6032958 9.0000000 1.1774755 1.3699057 1.0839422 1.7710411 1.7710411 1.3644487 1.3644487 1.9836823 1.8467928 1.7240651 1.8598540 1.7240651 1.5359398 1.8843285 1.7596339 2.1957261 2.1957261 1.7386972 1.7386972 4.9756352 2.7430408 1.8755400 0.9207691 6.8579228 1.3852729 1.9836823 1.7653803 1.9767247 1.9767247 2.2893939 2.5035272 2.6631562 4.3169110 1.8179781 1.7458524 1.6792311 1.7458524 1.8313678 1.8267134 1.8313678 1.8267134 1.0241691 1.3265856 1.3265856 1.9331435 1.4081726 1.9987422 1.8313678 1.8790442 1.7768488 2.8163987 5.3406050 2.8758336 2.8758336 2.6508511 2.9549574 3.9110662 3.9147237 3.9147237 1.4750308 1.9181826 1.9209559 3.2389177 1.6719038 2.8879557 2.6981127 2.4694353 1.9897470 2.0694471 2.3094300 
AT1G26310.1_PACid_19650942_85_174  0.8537083 0.8813757 1.4282440 1.4515977 1.2444852 1.4783284 1.6099663 1.4630248 1.3339359 0.7239859 1.7949364 1.6695371 1.4893570 1.7950515 1.6776132 2.3561405 1.5877341 2.0033641 1.3048919 1.5822128 1.7196919 2.7527036 0.2419464 0.0000000 0.6609446 0.6609446 1.1145039 1.5477957 1.5477957 1.4538549 1.4538549 1.3925527 1.5309072 1.1831602 1.1831602 1.4396581 1.5076700 9.0000000 1.4396581 0.9373852 1.2428991 1.5309072 0.9373852 1.4405605 1.4446870 8.2587117 1.1041700 1.3566575 6.6661587 1.0944631 1.5276088 9.0000000 1.0944631 1.6245972 0.8968083 1.5982810 1.5982810 1.2863261 1.2863261 2.1469382 1.7307959 1.7028586 1.9091056 1.7028586 1.4396581 1.8540506 1.6769173 2.1149628 2.1149628 1.7597629 1.7597629 4.5450761 2.5517732 1.8353599 0.9200439 8.2587117 1.2863261 2.1469382 1.5982810 1.9970312 1.9970312 2.4212536 2.5345875 2.8053990 4.0482291 1.6953175 1.6267674 1.6089779 1.6267674 1.7853957 1.6135960 1.7853957 1.6135960 0.8761959 1.1271464 1.1271464 1.9517873 1.1774866 2.1027789 1.7853957 1.9929832 1.8832639 2.6879222 5.1331449 2.8270136 2.8270136 2.5804299 2.8619944 3.6806191 3.5283857 3.5283857 1.3402237 2.4873195 1.9945705 3.3225402 1.8387208 3.3187943 2.3959539 2.4992317 2.0256116 2.1125837 2.1409319 
AT5G60910.2_PACid_19670615_23_110  0.8592155 0.9607178 1.0571944 1.2354100 1.2212422 1.4581674 1.4814531 1.4338791 1.3763993 0.8382434 1.8589337 1.5297177 1.4973901 1.4698131 1.5951447 2.7185548 1.7438101 2.2243027 1.2123383 1.6707282 1.8828041 2.0955561 0.7037227 0.6609446 0.0000000 0.0000010 1.0101862 1.2867366 1.2867366 1.1491124 1.1491124 1.2370809 1.3663575 0.9875061 0.9875061 0.9950256 1.2190270 9.0000000 0.9950256 0.8690047 1.0405539 1.3663575 0.8690047 1.3074084 1.2559048 9.0000000 1.0697427 1.5524646 6.5237846 1.1991028 1.4676593 9.0000000 1.1991028 1.3599370 1.1262963 1.7009137 1.7009137 1.5413152 1.5413152 2.0886730 1.4921485 1.4455014 2.1591626 1.4455014 1.0244860 1.7785189 1.6218745 1.8745867 1.8745867 1.9612090 1.9612090 5.2776667 2.2031878 1.9096668 0.8830590 9.0000000 1.5649452 2.0886730 1.6959880 2.0658779 2.0658779 2.0149103 2.8091602 2.2263254 3.3760143 1.6443765 1.6743701 1.6264380 1.6743701 1.6901551 1.6109087 1.6901551 1.6109087 1.1119657 1.1212837 1.1212837 2.0513277 1.2542341 1.9329876 1.6901551 2.1117498 1.9633398 2.5351451 5.1321464 2.6642475 2.6642475 2.9031126 2.7641131 3.0651409 3.5410486 3.5410486 1.3681710 2.1115759 2.6129951 3.3098090 1.3719727 2.9806636 1.9414446 1.9778725 1.5052302 1.7468769 1.5455491 
AT5G60910.1_PACid_19670614_85_172  0.8592155 0.9607178 1.0571944 1.2354100 1.2212422 1.4581674 1.4814531 1.4338791 1.3763993 0.8382434 1.8589337 1.5297177 1.4973901 1.4698131 1.5951447 2.7185548 1.7438101 2.2243027 1.2123383 1.6707282 1.8828041 2.0955561 0.7037227 0.6609446 0.0000010 0.0000000 1.0101862 1.2867366 1.2867366 1.1491124 1.1491124 1.2370809 1.3663575 0.9875061 0.9875061 0.9950256 1.2190270 9.0000000 0.9950256 0.8690047 1.0405539 1.3663575 0.8690047 1.3074084 1.2559048 9.0000000 1.0697427 1.5524646 6.5237846 1.1991028 1.4676593 9.0000000 1.1991028 1.3599370 1.1262963 1.7009137 1.7009137 1.5413152 1.5413152 2.0886730 1.4921485 1.4455014 2.1591626 1.4455014 1.0244860 1.7785189 1.6218745 1.8745867 1.8745867 1.9612090 1.9612090 5.2776667 2.2031878 1.9096668 0.8830590 9.0000000 1.5649452 2.0886730 1.6959880 2.0658779 2.0658779 2.0149103 2.8091602 2.2263254 3.3760143 1.6443765 1.6743701 1.6264380 1.6743701 1.6901551 1.6109087 1.6901551 1.6109087 1.1119657 1.1212837 1.1212837 2.0513277 1.2542341 1.9329876 1.6901551 2.1117498 1.9633398 2.5351451 5.1321464 2.6642475 2.6642475 2.9031126 2.7641131 3.0651409 3.5410486 3.5410486 1.3681710 2.1115759 2.6129951 3.3098090 1.3719727 2.9806636 1.9414446 1.9778725 1.5052302 1.7468769 1.5455491 
AT2G45650.1_PACid_19638787_83_170  0.4839564 0.7667914 1.2487220 1.1864169 1.2937697 1.4580022 1.4249583 1.5681533 1.4482869 1.1645305 2.0422861 1.9865697 1.8031920 1.7114644 1.7280230 2.5754523 1.5279224 2.3350873 1.5651400 1.5590708 1.6489318 1.6673847 1.0338633 1.1145039 1.0101862 1.0101862 0.0000000 1.3376839 1.3376839 1.2778528 1.2778528 1.2736673 1.3417114 1.0405705 1.0405705 1.3284793 1.6107318 9.0000000 1.3284793 0.7650191 1.0722830 1.3417114 0.7650191 1.4782694 1.4483095 5.6107749 0.3572638 1.5565930 4.6151349 1.1130286 1.6451985 9.0000000 1.1130286 1.6522467 1.4361471 1.7242830 1.7242830 1.6748072 1.6748072 2.1297149 1.6882953 1.5916869 2.1368283 1.5916869 1.3303550 1.7148589 1.7179938 2.1988936 2.1988936 1.9512864 1.9512864 2.6479174 2.4072653 1.8646655 1.0530944 5.6107749 1.6767218 2.1297149 1.7592827 1.5286465 1.5286465 2.2711362 2.4580230 2.5814667 3.7839499 1.6059694 1.7080806 1.8201980 1.7080806 1.5059941 1.9870342 1.5059941 1.9870342 0.9644421 1.0402439 1.0402439 1.5091291 1.1351597 2.7197055 1.5059941 2.7531444 2.7113835 2.5210411 3.9577623 2.7622857 2.7622857 3.0143955 3.0381731 3.4673605 3.0093524 3.0093524 1.5653713 2.4549969 3.3063955 3.6288868 1.4411795 2.2054748 2.6023134 2.7706122 2.3504588 1.9876514 2.3521505 
AT3G58780.2_PACid_19662660_93_179  1.1445632 1.1657824 0.4440289 1.4283730 1.0531995 1.4500006 0.7260429 0.6419345 1.2282673 1.7997918 1.4694333 1.4564186 1.5036027 1.5803088 2.0415328 1.7020442 1.5700762 1.8904052 1.6555046 1.6909029 1.5445876 1.9409009 1.5713264 1.5477957 1.2867366 1.2867366 1.3376839 0.0000000 0.0000010 0.3873427 0.3873427 1.3315679 0.0699606 1.5768357 1.5768357 0.4206879 1.3729208 9.0000000 0.4206879 1.4767684 1.6536081 0.0699606 1.4767684 1.3256588 1.0902148 3.6125588 1.2734727 1.3091387 3.3089151 1.6128374 1.3405468 9.0000000 1.6128374 1.4635028 1.4958503 1.7394717 1.7394717 1.8578694 1.8578694 2.0290124 1.9697873 1.7890989 1.7559006 1.7890989 0.4338871 1.9178157 1.4091710 2.5561702 2.5561702 1.6200522 1.6200522 3.7619243 2.0875927 1.8772139 1.1433505 3.6125588 1.9487853 2.0290124 1.7345626 2.3303488 2.3303488 2.4158970 3.3989978 2.4180717 3.0972975 2.2900933 2.5049718 2.3772451 2.5049718 2.3604936 2.7163039 2.3604936 2.7163039 1.3420669 1.5259802 1.5259802 2.3179471 1.7509152 2.2408115 2.3604936 2.2431556 2.1956739 2.4367925 3.5347530 2.4713422 2.4713422 3.0996863 2.8915386 2.6929635 3.7544868 3.7544868 2.2966035 2.6694897 2.6234198 2.8698905 1.6786550 3.8454894 2.3636709 2.9832767 2.4868647 2.3381873 2.3338580 
AT3G58780.1_PACid_19662659_100_186 1.1445632 1.1657824 0.4440289 1.4283730 1.0531995 1.4500006 0.7260429 0.6419345 1.2282673 1.7997918 1.4694333 1.4564186 1.5036027 1.5803088 2.0415328 1.7020442 1.5700762 1.8904052 1.6555046 1.6909029 1.5445876 1.9409009 1.5713264 1.5477957 1.2867366 1.2867366 1.3376839 0.0000010 0.0000000 0.3873427 0.3873427 1.3315679 0.0699606 1.5768357 1.5768357 0.4206879 1.3729208 9.0000000 0.4206879 1.4767684 1.6536081 0.0699606 1.4767684 1.3256588 1.0902148 3.6125588 1.2734727 1.3091387 3.3089151 1.6128374 1.3405468 9.0000000 1.6128374 1.4635028 1.4958503 1.7394717 1.7394717 1.8578694 1.8578694 2.0290124 1.9697873 1.7890989 1.7559006 1.7890989 0.4338871 1.9178157 1.4091710 2.5561702 2.5561702 1.6200522 1.6200522 3.7619243 2.0875927 1.8772139 1.1433505 3.6125588 1.9487853 2.0290124 1.7345626 2.3303488 2.3303488 2.4158970 3.3989978 2.4180717 3.0972975 2.2900933 2.5049718 2.3772451 2.5049718 2.3604936 2.7163039 2.3604936 2.7163039 1.3420669 1.5259802 1.5259802 2.3179471 1.7509152 2.2408115 2.3604936 2.2431556 2.1956739 2.4367925 3.5347530 2.4713422 2.4713422 3.0996863 2.8915386 2.6929635 3.7544868 3.7544868 2.2966035 2.6694897 2.6234198 2.8698905 1.6786550 3.8454894 2.3636709 2.9832767 2.4868647 2.3381873 2.3338580 
AT4G18960.1_PACid_19647337_102_187 1.2432563 1.2206279 0.3732216 1.1997527 0.9592539 1.5052500 0.5182373 0.4318690 1.1662170 1.4146739 1.6530113 1.3926225 1.7816828 1.7297801 2.2377643 2.0832092 1.5043288 1.8257257 1.7218838 1.9045045 1.4810840 1.8431108 1.3722282 1.4538549 1.1491124 1.1491124 1.2778528 0.3873427 0.3873427 0.0000000 0.0000010 1.1378880 0.4691713 1.6049468 1.6049468 0.3525009 1.1273028 9.0000000 0.3525009 1.2784452 1.6834966 0.4691713 1.2784452 1.1067649 1.0539047 3.4994053 1.4373124 1.2511744 2.7963113 1.4486389 1.1247337 9.0000000 1.4486389 1.2335622 1.5432620 1.5770502 1.5770502 1.7848816 1.7848816 1.8013171 1.9751905 1.6245308 1.8649302 1.6245308 0.3690356 1.4987256 2.0296511 2.5015755 2.5015755 1.8549677 1.8549677 3.9132845 2.2014850 2.2633137 0.9456306 3.4994053 1.9785172 1.8013171 1.5726931 2.2295968 2.2295968 2.7745577 2.9592124 2.8955359 3.5137216 2.0160135 2.1282505 1.9280884 2.1282505 2.0115349 2.5943963 2.0115349 2.5943963 1.1764733 1.6052521 1.6052521 2.2160974 1.5978321 2.6817370 2.0115349 2.5679425 2.5252482 2.9020815 3.9794492 2.2842445 2.2842445 2.7372430 2.4604948 2.9446349 3.2219561 3.2219561 1.8212135 2.4197697 2.8000717 3.1092922 1.6802980 3.9489118 2.0755193 2.8121812 2.3369055 2.1756474 2.2924328 
AT4G18960.2_PACid_19647338_88_173  1.2432563 1.2206279 0.3732216 1.1997527 0.9592539 1.5052500 0.5182373 0.4318690 1.1662170 1.4146739 1.6530113 1.3926225 1.7816828 1.7297801 2.2377643 2.0832092 1.5043288 1.8257257 1.7218838 1.9045045 1.4810840 1.8431108 1.3722282 1.4538549 1.1491124 1.1491124 1.2778528 0.3873427 0.3873427 0.0000010 0.0000000 1.1378880 0.4691713 1.6049468 1.6049468 0.3525009 1.1273028 9.0000000 0.3525009 1.2784452 1.6834966 0.4691713 1.2784452 1.1067649 1.0539047 3.4994053 1.4373124 1.2511744 2.7963113 1.4486389 1.1247337 9.0000000 1.4486389 1.2335622 1.5432620 1.5770502 1.5770502 1.7848816 1.7848816 1.8013171 1.9751905 1.6245308 1.8649302 1.6245308 0.3690356 1.4987256 2.0296511 2.5015755 2.5015755 1.8549677 1.8549677 3.9132845 2.2014850 2.2633137 0.9456306 3.4994053 1.9785172 1.8013171 1.5726931 2.2295968 2.2295968 2.7745577 2.9592124 2.8955359 3.5137216 2.0160135 2.1282505 1.9280884 2.1282505 2.0115349 2.5943963 2.0115349 2.5943963 1.1764733 1.6052521 1.6052521 2.2160974 1.5978321 2.6817370 2.0115349 2.5679425 2.5252482 2.9020815 3.9794492 2.2842445 2.2842445 2.7372430 2.4604948 2.9446349 3.2219561 3.2219561 1.8212135 2.4197697 2.8000717 3.1092922 1.6802980 3.9489118 2.0755193 2.8121812 2.3369055 2.1756474 2.2924328 
