152
Nycol.I01697.1.p_MADS              0.0000000 0.1406094 0.1754409 0.1880124 0.1882276 0.2120397 0.1887885 0.2846242 0.2130887 0.3190842 0.4005680 0.3310686 0.3494628 0.3715832 0.3310928 0.4889522 0.4329424 0.7031979 0.4916946 1.2106680 1.2015572 1.3135659 0.1406094 0.0209735 0.1630027 0.1630027 0.1629282 0.0639532 0.0639811 1.8406207 0.1754409 0.3025182 0.3109770 0.2112321 0.3108207 0.3108207 0.2144500 0.2144500 0.1761245 0.3250186 0.2300553 0.3028016 0.2542973 0.3045280 0.3045280 0.2300553 0.2863081 0.7219948 0.3170979 0.3395965 0.3395965 0.3538719 0.3886512 0.2535714 0.4238278 0.3056122 0.3755102 0.1866456 0.6575524 0.1866456 0.4391324 0.4114890 0.3822587 0.5652035 0.7626753 0.3600888 0.3600888 0.6894051 0.4185178 0.4185178 0.6672094 0.6763437 0.5199398 0.5691013 0.5691013 0.5199398 0.4867786 0.4867786 0.5282085 0.7140509 0.7140509 0.5282085 1.1245375 0.5043470 0.7551035 0.6087623 0.5261811 0.5261811 0.6044489 0.6044489 0.7390985 1.0195760 0.6479787 0.6479787 1.0614162 2.3428115 1.0011963 1.0264917 1.1704600 0.7053136 1.0657211 1.0657211 1.0009276 1.4779691 1.2520720 0.8662864 1.0215156 0.9953893 1.1023991 1.2339498 1.9792997 1.4602842 1.2126690 0.9323267 2.0398755 1.0029547 1.9487383 1.7496769 1.7496769 1.6958558 0.9730195 1.8420335 1.7267499 2.0140256 1.4538973 1.4538973 1.7482695 1.5602256 1.5602256 1.4143988 1.0592842 1.4492113 1.5395348 1.2358347 2.1228271 1.2042420 1.4050664 1.0879685 1.6933129 1.3346059 1.5503255 1.9336384 1.3655373 1.5022966 1.0609263 1.9251274 1.1630423 1.0511400 1.7309360 1.6629973 1.2043721 1.0847573 
Nycol.I01691.1.p_MADS              0.1406094 0.0000000 0.0422227 0.1622500 0.1624600 0.1384619 0.1602446 0.2856477 0.3197376 0.3209748 0.4246324 0.3047821 0.3895887 0.3047221 0.3035805 0.4322367 0.4190633 0.6781179 0.4423003 0.9775828 0.9701437 1.0649132 0.0000010 0.1166138 0.1644365 0.1644365 0.1377575 0.1660418 0.1660901 1.6622180 0.0422227 0.3219282 0.2648209 0.3000319 0.4105818 0.4105818 0.1621392 0.1621392 0.0855086 0.3270734 0.0866341 0.2203991 0.1536801 0.3465816 0.3465816 0.0866341 0.2589994 0.8471714 0.3383493 0.3420519 0.3420519 0.3566553 0.3932833 0.1356881 0.3683299 0.2185476 0.3810979 0.2239693 0.7491249 0.2239693 0.4597076 0.4181966 0.3626552 0.6506070 0.8575804 0.3906781 0.3906781 0.8330863 0.4846993 0.4846993 0.7619167 0.8184329 0.4875992 0.5973784 0.5973784 0.4875992 0.5164761 0.5164761 0.4569265 0.5157909 0.5157909 0.4569265 1.1502864 0.4417755 0.7915563 0.6739593 0.5480325 0.5480325 0.6210584 0.6210584 0.7888628 1.0377266 0.6957691 0.6957691 0.9961949 2.1548378 0.9920254 1.1777017 1.3342971 0.7635995 1.1332241 1.1332241 1.0809485 1.6062765 1.4706953 1.3305424 1.2356327 1.2493167 1.1896972 1.2595215 3.0261542 1.5322167 1.4068899 0.8703476 2.3369393 0.9143531 2.2307822 1.8612156 1.8612156 1.8056344 1.0080762 1.9601514 1.8082303 2.1666032 1.4570714 1.4570714 1.7985102 1.6304214 1.6304214 1.5936683 1.0664454 1.4987682 1.6085431 1.3791595 2.1013050 1.2835503 1.7078268 1.1073776 1.7834816 1.6025412 1.6430144 2.1286997 1.6342868 1.6966835 1.0927020 2.1192252 1.1365785 0.9212057 1.9037767 1.6338999 1.0879861 1.2587168 
Nycol.H00296.1.p_MADS              0.1754409 0.0422227 0.0000000 0.1889546 0.1891703 0.1646937 0.1888526 0.3464916 0.3674922 0.3843891 0.4682940 0.3652724 0.4592066 0.3125361 0.3113326 0.5044258 0.4896228 0.7230567 0.5103599 1.0897035 1.0812669 1.1850257 0.0422227 0.1500703 0.1684760 0.1684760 0.1637832 0.2026261 0.2026847 1.6622180 0.0000010 0.3888875 0.3278451 0.3247237 0.4423957 0.4423957 0.1660844 0.1660844 0.0420829 0.3913398 0.0426463 0.2419630 0.2029329 0.3770031 0.3770031 0.0426463 0.3023765 0.9320850 0.4092302 0.4079671 0.4079671 0.4226373 0.4543651 0.1635264 0.4315157 0.2404072 0.4343866 0.2513928 0.8272009 0.2513928 0.4601265 0.4737846 0.3819699 0.7223009 0.9400637 0.4513120 0.4513120 0.9196055 0.5492197 0.5492197 0.8426354 0.9065303 0.5176954 0.6648629 0.6648629 0.5176954 0.5852700 0.5852700 0.4978989 0.4709879 0.4709879 0.4978989 1.2582919 0.5186947 0.8375809 0.7263965 0.5884882 0.5884882 0.6641658 0.6641658 0.8208042 1.1321109 0.6839466 0.6839466 1.0486180 2.2193711 1.0819469 1.2368013 1.4627043 0.8153396 1.2335556 1.2335556 1.1076374 1.6968918 1.5414072 1.3305424 1.3133249 1.3142911 1.2093385 1.3699896 3.5996477 1.5923294 1.4737447 0.8917055 2.4579250 0.9304096 2.3464782 2.0627521 2.0627521 2.0046920 1.1005055 2.1727894 1.8954968 2.2880760 1.5438230 1.5438230 1.8105105 1.7274971 1.7274971 1.7353412 1.1473851 1.5885249 1.7035076 1.4436432 2.1985234 1.4019383 1.8129442 1.1330991 1.9723319 1.7011704 1.8149293 2.2178772 1.7332032 1.7807550 1.0952432 2.2080824 1.1690682 0.9777692 2.0174147 1.7396582 1.0879861 1.4065347 
Nycol.I00043.1.p_MADS              0.1880124 0.1622500 0.1889546 0.0000000 0.0425345 0.0208370 0.2496798 0.3842355 0.3002823 0.3602624 0.4251768 0.3202974 0.3403135 0.3154958 0.3088566 0.3681776 0.4175763 0.5778724 0.4021682 1.0096065 1.0018748 1.0989069 0.1622500 0.2120397 0.0641028 0.0641028 0.0210346 0.2631951 0.2632757 1.3162092 0.1889546 0.3988571 0.4006084 0.2622979 0.2740709 0.2740709 0.0857235 0.0857235 0.1896762 0.3072633 0.2415183 0.2715957 0.1871697 0.3255477 0.3255477 0.2415183 0.3296741 0.8675876 0.3845063 0.3837532 0.3837532 0.4364771 0.4675831 0.2743324 0.4050605 0.2833786 0.3436850 0.2697921 0.7587230 0.2697921 0.5421419 0.3790372 0.3876621 0.6602537 0.8773819 0.5042058 0.5042058 0.8223465 0.5148958 0.5148958 0.8002061 0.7662823 0.5172672 0.5500147 0.5500147 0.5172672 0.6024640 0.6024640 0.5231438 0.6680014 0.6680014 0.5231438 1.2328684 0.5218804 0.7526865 0.6208271 0.6366861 0.6366861 0.6895915 0.6895915 0.7801635 1.1948051 0.7089666 0.7089666 1.1350207 2.6792263 1.1420152 1.2046469 1.4428807 0.8167543 1.1873006 1.1873006 1.1873336 1.6259889 1.3713298 0.8884989 1.2183624 1.1873340 1.2351858 1.4436140 2.8763869 1.4000682 1.2767665 1.0838725 2.2426313 0.9563673 2.1412403 2.0670035 2.0670035 2.0083964 1.0919514 2.1782598 1.9052899 2.3096719 1.5963820 1.5963820 1.7260699 1.6378457 1.6378457 1.4946347 1.2571530 1.4875126 1.5741964 1.3947252 2.1740231 1.3496747 1.5228712 1.0530805 1.8814239 1.5938595 1.7648455 2.0426870 1.6010391 1.6284969 1.2327155 2.0336586 1.2659932 1.0548078 1.9751277 1.7888278 1.0876219 1.3038502 
Nycol.G00206.1.p_MADS              0.1882276 0.1624600 0.1891703 0.0425345 0.0000000 0.0640595 0.2498688 0.3841099 0.3003936 0.4216469 0.3966715 0.2925888 0.3093832 0.3674933 0.3594876 0.3584294 0.4329668 0.5454792 0.3643044 0.9412515 0.9340479 1.0277122 0.1624600 0.2122483 0.0642127 0.0642127 0.0210742 0.2633612 0.2634419 1.6622180 0.1891703 0.3703353 0.4004146 0.2624874 0.3139185 0.3139185 0.0858616 0.0858616 0.1898929 0.3669095 0.2417099 0.2608549 0.1872941 0.3850495 0.3850495 0.2417099 0.3047673 0.8609733 0.3549771 0.3836244 0.3836244 0.4594445 0.4378309 0.3323429 0.3869148 0.2594741 0.3114879 0.2699520 0.7616532 0.2699520 0.5658609 0.3459279 0.3626147 0.7463167 0.8710189 0.5034131 0.5034131 0.8786918 0.5244151 0.5244151 0.7748885 0.7360001 0.5164099 0.5395665 0.5395665 0.5164099 0.6008408 0.6008408 0.5221856 0.6941475 0.6941475 0.5221856 1.2199138 0.4725464 0.7153705 0.7144163 0.6347079 0.6347079 0.7169077 0.7169077 0.8275779 1.1827776 0.6662273 0.6662273 1.2121644 2.4205475 1.1313438 1.1810138 1.4232863 0.7945475 1.1638771 1.1638771 1.1095928 1.5965867 1.4356722 0.8884989 1.1940440 1.1630438 1.2013971 1.4253128 2.7454067 1.4289775 1.3371419 1.0126751 2.2630532 0.9306395 2.1615379 2.1078012 2.1078012 2.0497090 1.0695295 2.2194270 1.8703514 2.3314940 1.5859503 1.5859503 1.7654518 1.6271291 1.6271291 1.4946347 1.2190561 1.4783262 1.5684665 1.4296156 2.2684767 1.3494535 1.5172568 1.1313526 1.9552013 1.5621254 1.7521907 2.1824314 1.5944408 1.6215188 1.2327155 2.1727993 1.2631957 1.1551827 2.0540434 1.7888278 1.0879861 1.3038502 
Nycol.A03014.1.p_MADS              0.2120397 0.1384619 0.1646937 0.0208370 0.0640595 0.0000000 0.2750355 0.3577040 0.2742852 0.3337255 0.3969389 0.2948225 0.3674479 0.2884455 0.2823733 0.3612696 0.4102061 0.6083724 0.3747948 0.9497528 0.9425139 1.0360746 0.1384619 0.1877747 0.0857778 0.0857778 0.0422505 0.2384883 0.2385565 1.3162092 0.1646937 0.3703615 0.3731281 0.2888713 0.2998248 0.2998248 0.0639791 0.0639791 0.2139010 0.2810035 0.2167061 0.2967545 0.2111234 0.2995489 0.2995489 0.2167061 0.3570647 0.9069027 0.3548609 0.3561302 0.3561302 0.4084437 0.4385079 0.2485539 0.3984248 0.3094159 0.3373803 0.2446203 0.7951930 0.2446203 0.5126481 0.3722960 0.3594079 0.6946311 0.9155329 0.5347270 0.5347270 0.8596403 0.5447929 0.5447929 0.8388006 0.8038885 0.4874135 0.5414171 0.5414171 0.4874135 0.6351745 0.6351745 0.4912247 0.6347627 0.6347627 0.4912247 1.2837186 0.4911474 0.7428051 0.6312606 0.6702377 0.6702377 0.7205410 0.7205410 0.7911882 1.2308697 0.6990977 0.6990977 1.0897359 2.6792263 1.1768294 1.1506766 1.5005004 0.8052541 1.1337262 1.1337262 1.1310241 1.5595973 1.4324713 0.8884989 1.2755869 1.2443777 1.1778248 1.4830658 2.8763869 1.4361278 1.3338380 1.0311843 2.2365028 0.9071577 2.1356198 2.0609239 2.0609239 2.0025548 1.1357669 2.1715365 1.8299559 2.3027824 1.5932913 1.5932913 1.8004503 1.6345533 1.6345533 1.4946347 1.2369139 1.4684209 1.5712942 1.3323004 2.0868356 1.4012906 1.5777077 1.0991661 1.9680955 1.6498847 1.8447528 2.0873333 1.6570281 1.7042815 1.2313734 2.0781713 1.2659932 1.1183866 1.9667986 1.6661095 1.0876219 1.2587168 
Nycol.H00297.1.p_MADS              0.1887885 0.1602446 0.1888526 0.2496798 0.2498688 0.2750355 0.0000000 0.3546134 0.3522526 0.3829477 0.3420414 0.3890873 0.4219896 0.3352184 0.3339254 0.4757240 0.4073967 0.6639162 0.5106339 1.0604658 1.0525511 1.1504620 0.1602446 0.2148610 0.1997786 0.1997786 0.2226178 0.2137459 0.2702273 1.5184640 0.1888526 0.3956341 0.3298407 0.2323187 0.3506157 0.3506157 0.2471608 0.2471608 0.1895707 0.3299012 0.2411743 0.1438509 0.1060068 0.3718852 0.3718852 0.2411743 0.1164969 0.9203050 0.3818302 0.4050723 0.4050723 0.4188779 0.4613104 0.2172120 0.4347271 0.1111315 0.5219313 0.3471685 0.8540638 0.3471685 0.4955916 0.5645466 0.4178677 0.7454672 0.9238554 0.3912509 0.3912509 0.8759442 0.4828213 0.4828213 0.8700871 0.7674895 0.5356996 0.7732555 0.7732555 0.5356996 0.4787904 0.4787904 0.4978353 0.7042918 0.7042918 0.4978353 1.0811395 0.4320358 0.8940254 0.7740421 0.5261496 0.5261496 0.5999083 0.5999083 0.8883967 1.1073640 0.7397614 0.7397614 1.1600500 1.9633900 1.0882704 1.2615615 1.2222293 0.7804121 1.2808256 1.2808256 1.1408348 1.7425050 1.3910733 1.6670174 1.1663248 1.0770606 1.2523442 1.4054700 2.5550605 1.4340159 1.1981106 1.0312846 2.2783760 1.1125618 2.1746485 1.9050323 1.9050323 1.8491713 0.9215477 2.0058872 1.9088741 2.0326038 1.5247417 1.5247417 1.7312144 1.7121252 1.7121252 1.7260954 1.1103785 1.5879721 1.6877457 1.3285354 2.3134429 1.1487282 1.7299817 1.0747744 1.7444759 1.5153572 1.6368238 2.1573940 1.5461954 1.6939518 1.2192254 2.1477668 1.1133797 1.0669217 1.9726884 2.0194976 1.4684451 1.4451161 
Nycol.C02244.1.p_MADS              0.2846242 0.2856477 0.3464916 0.3842355 0.3841099 0.3577040 0.3546134 0.0000000 0.3799265 0.0416495 0.3153171 0.3198437 0.4083328 0.3591582 0.3516269 0.4404455 0.4908959 0.6844438 0.4331289 0.7517625 0.7470066 0.8267203 0.2856477 0.2583629 0.3548222 0.3548222 0.3548222 0.2542559 0.3142524 1.2236883 0.3464916 0.2746569 0.2531676 0.3769922 0.5100818 0.5100818 0.3830670 0.3830670 0.3747217 0.1330496 0.4082611 0.5130112 0.4164517 0.4659123 0.4659123 0.4082611 0.5171138 0.8135934 0.2581156 0.1097710 0.1097710 0.1089532 0.3702471 0.3861912 0.4676445 0.4663412 0.4348513 0.3560034 0.8848106 0.3560034 0.2126832 0.4728032 0.4777705 0.7188116 0.9172149 0.4213134 0.4213134 0.7460156 0.3571934 0.3571934 0.8946636 0.7639510 0.4226453 0.6563025 0.6563025 0.4226453 0.4888311 0.4888311 0.3972559 0.6905128 0.6905128 0.3972559 1.1744338 0.5044848 0.7117033 0.6630141 0.5179514 0.5179514 0.5854860 0.5854860 0.9712928 1.1054779 0.6310364 0.6310364 1.1156610 1.9126193 1.0865169 1.1131949 1.1428316 0.7122600 1.2814550 1.2814550 1.2032458 1.4410428 1.3992653 1.1853598 1.1529857 1.0911562 1.3174369 1.3975794 1.7191734 1.2246309 1.3270332 1.2086494 1.8728766 1.0368944 1.9677026 1.9806244 1.9806244 1.9236504 1.1093124 2.0859831 1.9577870 1.9774387 1.6229035 1.6229035 1.8179688 1.6032785 1.6032785 1.4143988 1.2441761 1.6344700 1.7572011 1.2145919 2.3087206 1.3505805 1.4764587 1.3017734 1.8652345 1.5649574 1.7531173 2.1279824 1.5958933 1.6624139 1.3205933 2.1185744 1.1456424 1.1125355 1.9159935 2.0353228 1.3883872 1.4333613 
Nycol.B01084.1.p_MADS              0.2130887 0.3197376 0.3674922 0.3002823 0.3003936 0.2742852 0.3522526 0.3799265 0.0000000 0.4184814 0.3929454 0.3925634 0.4648848 0.5095280 0.4887657 0.5371902 0.5168515 0.8236807 0.4927211 0.8980774 0.8912542 0.9118688 0.3197376 0.1886512 0.2982694 0.2982694 0.2723135 0.1644001 0.2398280 1.9594259 0.3674922 0.4880155 0.3834867 0.3535502 0.3342933 0.3342933 0.2771117 0.2771117 0.3636501 0.3611541 0.4321648 0.4841698 0.4237383 0.3840130 0.3840130 0.4321648 0.4695627 0.9093998 0.4444323 0.3785862 0.3785862 0.4578964 0.5164585 0.3504226 0.4586361 0.4214849 0.3048268 0.2778568 0.8914484 0.2778568 0.5499235 0.3375210 0.5151821 0.7310932 0.9914807 0.5264627 0.5264627 0.8578863 0.5936270 0.5936270 0.8761467 0.7589221 0.5431263 0.5272019 0.5272019 0.5431263 0.5900518 0.5900518 0.6008518 0.6710335 0.6710335 0.6008518 1.1038604 0.6395765 0.7207741 0.7237499 0.6331936 0.6331936 0.7132906 0.7132906 0.8772406 1.1035725 0.6513939 0.6513939 1.1145737 2.3428115 1.2185480 0.9952238 1.2563914 0.7477082 1.0305079 1.0305079 0.9520534 1.4310898 1.1907888 1.0846303 1.0612127 1.0197878 1.0523664 1.3227908 2.2219674 1.4145071 1.2256001 0.8854216 2.0016377 1.0376507 1.9117157 1.6530771 1.6530771 1.6003678 0.9859416 1.7408329 1.6559400 1.8680890 1.4742183 1.4742183 1.8334233 1.5409831 1.5409831 1.4143988 0.9917962 1.3805847 1.4851707 1.1473369 2.0010124 1.2210088 1.5494956 1.1439908 1.8884216 1.3514913 1.5900708 2.1248035 1.3827397 1.6558491 1.0875251 2.1154852 1.0847325 1.3948780 1.5388625 1.5190411 1.1600923 0.9521483 
Nycol.I00993.1.p_MADS              0.3190842 0.3209748 0.3843891 0.3602624 0.4216469 0.3337255 0.3829477 0.0416495 0.4184814 0.0000000 0.3108697 0.3282897 0.3773332 0.3082947 0.3020474 0.3868726 0.5237767 0.6789371 0.4529530 0.8061373 0.8008371 0.8830418 0.3209748 0.2922583 0.3912333 0.3912333 0.3912333 0.2877316 0.3498410 0.8628585 0.3843891 0.2608877 0.2528979 0.3752781 0.4887101 0.4887101 0.4204837 0.4204837 0.4135751 0.0864781 0.4485771 0.4994717 0.3957692 0.4441600 0.4441600 0.4485771 0.5060640 0.7771344 0.2443773 0.1095308 0.1095308 0.0880166 0.3600897 0.3613249 0.5135741 0.4564598 0.4779542 0.3943575 0.8366482 0.3943575 0.1908789 0.5178113 0.4366235 0.6773529 0.8789976 0.4841585 0.4841585 0.7374549 0.3791799 0.3791799 0.8748191 0.7512406 0.4858333 0.6819265 0.6819265 0.4858333 0.5575873 0.5575873 0.4642889 0.7166600 0.7166600 0.4642889 1.2195055 0.5053171 0.7146192 0.6136323 0.5886604 0.5886604 0.6330738 0.6330738 0.9650188 1.1709992 0.6578055 0.6578055 1.0748692 1.9577718 1.1507401 1.1631981 1.1326451 0.6882166 1.3342592 1.3342592 1.3161452 1.4421446 1.3371760 1.1853598 1.1602236 1.1113750 1.3840817 1.4783566 1.7936593 1.1721705 1.2648143 1.3202006 1.8630289 1.0897647 1.9579906 1.9911569 1.9911569 1.9337518 1.1323156 2.0976347 1.9827849 1.9670800 1.6544827 1.6544827 1.7474373 1.6346016 1.6346016 1.4143988 1.3071431 1.6663728 1.7867264 1.1211552 2.2558678 1.3512417 1.4813845 1.2165504 1.7845386 1.5951928 1.7576323 2.0573923 1.6020493 1.6393203 1.3475419 2.0482487 1.1477453 1.0752685 1.9146232 2.1001730 1.4478025 1.4333613 
Nycol.H00870.1.p_MADS              0.4005680 0.4246324 0.4682940 0.4251768 0.3966715 0.3969389 0.3420414 0.3153171 0.3929454 0.3108697 0.0000000 0.3536010 0.3555560 0.4054056 0.3898101 0.4389973 0.5506477 0.5926250 0.4867958 0.8298713 0.8240457 0.9077582 0.4246324 0.3723525 0.4237156 0.4237156 0.4291726 0.3669191 0.4341057 1.2849339 0.4682940 0.1542704 0.3246575 0.3568083 0.3295997 0.3295997 0.3996470 0.3996470 0.4998859 0.2600690 0.5382729 0.4409443 0.3886520 0.3626662 0.3626662 0.5382729 0.3793521 0.7092709 0.1355211 0.3764182 0.3764182 0.3102871 0.1894461 0.4200387 0.5076177 0.3776995 0.5820195 0.4244127 0.8285901 0.4244127 0.3576158 0.6268402 0.4512965 0.7475970 0.8519519 0.6606946 0.6606946 0.7584497 0.3382485 0.3382485 0.8203535 0.6625697 0.6625943 0.8340085 0.8340085 0.6625943 0.7030649 0.7030649 0.6288689 0.7796531 0.7796531 0.6288689 1.3101559 0.6237711 0.9672223 0.6655806 0.7599022 0.7599022 0.7643420 0.7643420 0.7904185 1.1580433 0.7097350 0.7097350 1.1410468 1.8679930 1.1652845 1.2211845 1.1613306 0.7353880 1.1728915 1.1728915 1.2213719 1.6990756 1.4629142 1.1980631 1.3537797 1.0526315 1.3053075 1.4997138 2.0751424 1.2992230 1.2228237 1.3771189 1.9136181 1.2933993 1.8279179 1.8175489 1.8175489 1.7633183 0.9057811 1.9126290 2.0368456 1.7951503 1.4336701 1.4336701 1.9063170 1.4996167 1.4996167 1.4662436 1.0754811 1.3731988 1.5111851 1.5125167 2.2965730 1.1728848 1.5372175 1.2443742 1.8568793 1.5516002 1.7358420 2.1167577 1.6333514 1.9336558 1.0738345 2.1074433 0.9232159 1.0973804 1.8405580 1.9077954 1.5237711 1.3720355 
Nycol.A01976.1.p_MADS              0.3310686 0.3047821 0.3652724 0.3202974 0.2925888 0.2948225 0.3890873 0.3198437 0.3925634 0.3282897 0.3536010 0.0000000 0.3449869 0.3330318 0.2963788 0.3377179 0.3693638 0.4750924 0.1448282 0.4578708 0.4565589 0.5146308 0.3047821 0.3047354 0.3429712 0.3429712 0.3210147 0.3074697 0.3614578 1.5093337 0.3652724 0.3617379 0.4591200 0.2976498 0.3559554 0.3559554 0.3484063 0.3484063 0.3932406 0.3458697 0.3717929 0.3355601 0.2731801 0.4240144 0.4240144 0.3717929 0.4415048 0.6965522 0.3465634 0.3914622 0.3914622 0.3810068 0.4727878 0.3941365 0.3347078 0.3593536 0.4525579 0.3267180 0.8090764 0.3267180 0.5229295 0.4914872 0.3792679 0.6635084 0.7425127 0.5752965 0.5752965 0.8537080 0.4496490 0.4496490 0.7094421 0.6555830 0.7088368 0.6568035 0.6568035 0.7088368 0.6759727 0.6759727 0.6503358 0.6909810 0.6909810 0.6503358 1.2409026 0.3898027 0.8466607 0.6054136 0.6450128 0.6450128 0.6910114 0.6910114 0.8527738 1.3238086 0.7450980 0.7450980 1.1695591 2.2710167 1.2670647 1.1838434 1.2757688 0.9222316 1.2014490 1.2014490 1.1557036 1.5807355 1.4149606 0.6909647 1.3065558 1.0898820 1.2033141 1.6314339 2.5540687 1.7206852 1.3784192 1.1909113 2.5450121 1.0914539 2.4732608 2.1495422 2.1495422 2.0909307 1.0663874 2.2635941 1.6768682 2.6442601 1.8177487 1.8177487 1.8648946 1.9217328 1.9217328 1.3028873 1.3892751 1.7955258 1.8944328 1.3078462 2.0456355 1.1470660 1.3949117 1.1133653 1.8287275 1.4019685 1.6292804 2.1562266 1.3971823 1.6993019 1.5420797 2.1464661 1.2339660 1.3367264 2.2971876 1.6586342 1.2382837 1.5302260 
Nycol.M00404.1.p_MADS              0.3494628 0.3895887 0.4592066 0.3403135 0.3093832 0.3674479 0.4219896 0.4083328 0.4648848 0.3773332 0.3555560 0.3449869 0.0000000 0.4245446 0.4086330 0.4106165 0.5862199 0.6735533 0.4578461 0.9937519 0.9865491 1.0195960 0.3895887 0.3775175 0.3955669 0.3955669 0.3410765 0.4011420 0.4397112 1.5404306 0.4592066 0.3001565 0.3499533 0.3045911 0.3179467 0.3179467 0.4279320 0.4279320 0.4619118 0.3675132 0.4678791 0.4224793 0.3770055 0.3435781 0.3435781 0.4678791 0.4302029 0.6442357 0.3136765 0.2989726 0.2989726 0.4010708 0.3691435 0.4572673 0.5646528 0.4132326 0.5396455 0.3673687 0.7562305 0.3673687 0.4372993 0.5835612 0.3518534 0.6347010 0.7145514 0.6195431 0.6195431 0.6910656 0.3887284 0.3887284 0.7042391 0.6273627 0.6753236 0.7808925 0.7808925 0.6753236 0.6612147 0.6612147 0.7343641 0.8027561 0.8027561 0.7343641 1.1138471 0.6183685 0.7899600 0.6406727 0.6302616 0.6302616 0.6500515 0.6500515 0.6491182 1.3109606 0.7663494 0.7663494 1.0796106 2.2525555 1.2664618 1.3896766 1.1442240 0.8932323 1.2650430 1.2650430 1.4437130 1.5425733 1.2437850 0.9348957 1.1523508 1.0024194 1.5083394 1.6293399 2.8818413 1.3474741 1.2562777 1.4538385 2.3510482 1.1643885 2.2422307 1.8717638 1.8717638 1.8156362 0.8798105 1.9718438 2.1012596 2.2382976 1.6929593 1.6929593 1.7784970 1.7744860 1.7744860 1.3682681 1.2702659 1.6013908 1.6856750 1.0841708 2.2890192 1.1773527 1.3635676 1.0949659 1.6020499 1.4312028 1.4782894 2.3384323 1.4264510 1.5884713 1.1572556 2.3276429 1.1412653 1.1846323 1.8244311 2.0582640 1.3933803 1.4705040 
Nycol.A00172.1.p_MADS              0.3715832 0.3047221 0.3125361 0.3154958 0.3674933 0.2884455 0.3352184 0.3591582 0.5095280 0.3082947 0.4054056 0.3330318 0.4245446 0.0000000 0.0218942 0.4283273 0.5356701 0.5545771 0.4962168 1.0148788 1.0071828 1.1037005 0.3047221 0.3415490 0.3020650 0.3020650 0.3364091 0.3537407 0.4067939 1.3292079 0.3125361 0.4029970 0.4731089 0.4079938 0.5341246 0.5341246 0.3075973 0.3075973 0.3416829 0.3433917 0.3185468 0.3901513 0.3757286 0.5156440 0.5156440 0.3185468 0.4303096 0.7682258 0.4132774 0.4472372 0.4472372 0.4150791 0.4897224 0.3080167 0.5766766 0.3868590 0.5691713 0.4125411 1.0494776 0.4125411 0.5461823 0.6151848 0.1740364 0.8391864 0.9753904 0.6218459 0.6218459 0.9832018 0.4512143 0.4512143 0.9462987 0.9152814 0.6441499 0.7800355 0.7800355 0.6441499 0.7557202 0.7557202 0.6322426 0.6814594 0.6814594 0.6322426 1.4848776 0.6184123 0.8558892 0.6779656 0.7434543 0.7434543 0.7659837 0.7659837 0.9390870 1.4854195 0.7981022 0.7981022 1.2682693 2.3516610 1.4172617 1.3656614 1.3835684 0.8627561 1.3729303 1.3729303 1.4930943 1.6008813 1.4397419 1.4786457 1.3435477 1.3179956 1.5149949 1.8403283 4.0301385 1.3660577 1.4498864 1.3984645 2.2070546 1.2511651 2.3252650 2.1356242 2.1356242 2.0731640 1.2568680 2.2569664 2.1619645 2.1320435 1.8144294 1.8144294 1.9527510 1.7734374 1.7734374 1.7554064 1.3936325 1.8084627 1.9145127 1.3383419 2.0934714 1.5922310 1.7415757 1.3694321 1.9105986 1.9388523 1.8696929 1.9866945 1.9144897 1.7912280 1.3596661 1.9776761 1.3085134 1.3209354 2.0919047 1.7554669 1.6429919 1.3942522 
Nycol.G00190.1.p_MADS              0.3310928 0.3035805 0.3113326 0.3088566 0.3594876 0.2823733 0.3339254 0.3516269 0.4887657 0.3020474 0.3898101 0.2963788 0.4086330 0.0218942 0.0000000 0.4187134 0.4897476 0.5948292 0.4842822 1.0148788 1.0071828 1.1037005 0.3035805 0.3018817 0.2957359 0.2957359 0.3291165 0.3128852 0.3646949 1.3292079 0.3113326 0.3622181 0.4667828 0.3675974 0.5133551 0.5133551 0.3009387 0.3009387 0.3403254 0.3363091 0.3172927 0.3885537 0.3742499 0.4952979 0.4952979 0.3172927 0.4284351 0.7525807 0.3711605 0.4375462 0.4375462 0.4061795 0.4824893 0.3068197 0.5716097 0.3852764 0.5547866 0.3695912 1.0295515 0.3695912 0.5338325 0.5995633 0.2017186 0.8226030 0.9568104 0.6184310 0.6184310 0.9577960 0.4472588 0.4472588 0.9271259 0.8744919 0.6406235 0.7608787 0.7608787 0.6406235 0.7511977 0.7511977 0.6286688 0.6774116 0.6774116 0.6286688 1.4487893 0.5671782 0.8343914 0.6626601 0.7389764 0.7389764 0.7612512 0.7612512 0.9207316 1.4772973 0.7769219 0.7769219 1.2468843 2.3516610 1.4100524 1.3584432 1.3672806 0.8221605 1.3451934 1.3451934 1.4613538 1.5910460 1.4107872 1.1086899 1.3073651 1.2886250 1.4831057 1.8280126 3.7448578 1.3660577 1.4416621 1.3684288 2.1496800 1.2243141 2.2643689 2.1356242 2.1356242 2.0731640 1.2455467 2.2569664 2.1427855 2.1320435 1.7771428 1.7771428 1.9386395 1.7209644 1.7209644 1.7554064 1.3936325 1.7547505 1.8579814 1.3310439 2.0772344 1.5765656 1.6923878 1.3560247 1.8912059 1.9227217 1.8511933 1.9866945 1.8985105 1.7778359 1.3596661 1.9776761 1.2918420 1.3209354 2.0919047 1.7554669 1.6429919 1.3942522 
Nycol.I01732.1.p_MADS              0.4889522 0.4322367 0.5044258 0.3681776 0.3584294 0.3612696 0.4757240 0.4404455 0.5371902 0.3868726 0.4389973 0.3377179 0.4106165 0.4283273 0.4187134 0.0000000 0.3439087 0.7701316 0.4664167 0.9082241 1.0736785 1.1725765 0.4322367 0.4804099 0.4542459 0.4542459 0.3917140 0.4374819 0.4947133 1.4759725 0.5044258 0.4015351 0.4443285 0.4201071 0.4938690 0.4938690 0.4447496 0.4447496 0.4767706 0.3925874 0.5764304 0.4080797 0.3665290 0.5566836 0.5566836 0.5764304 0.4431029 0.8249024 0.3872606 0.5064532 0.5064532 0.4064501 0.4196092 0.4931143 0.3258291 0.3707374 0.4669603 0.5191424 0.8906158 0.5191424 0.4636501 0.5062967 0.5211008 0.9419250 0.9288656 0.6120747 0.6120747 0.9687934 0.4514562 0.4514562 0.9839957 0.9420587 0.7481635 0.6702924 0.6702924 0.7481635 0.7169683 0.7169683 0.6905610 0.7636882 0.7636882 0.6905610 1.3386687 0.4762725 0.7910874 0.8200088 0.7536391 0.7536391 0.7486049 0.7486049 0.9965735 1.4219373 0.7501967 0.7501967 1.0879162 2.2270279 1.3578181 1.3828187 1.3014813 0.7605310 1.4075486 1.4075486 1.3318258 1.6767304 1.4626688 0.8884989 1.2616140 1.3568702 1.3715026 1.7510484 2.6373749 1.5074130 1.2646732 1.3232892 2.3240355 1.1895680 2.3462603 2.1527378 2.1527378 2.0925621 1.2793003 2.2700940 1.6080529 2.4186575 1.8421793 1.8421793 1.5624476 1.7727500 1.7727500 1.3028873 1.4516788 1.6627451 1.8334675 1.1589827 1.8019652 1.4294272 1.5564738 1.3044937 1.8692675 1.7538182 1.6959621 2.1134733 1.7306904 1.6764842 1.6976953 2.1288611 1.3210888 1.6518915 2.5601609 2.1430330 1.1933969 1.3686380 
Nycol.A00432.1.p_MADS              0.4329424 0.4190633 0.4896228 0.4175763 0.4329668 0.4102061 0.4073967 0.4908959 0.5168515 0.5237767 0.5506477 0.3693638 0.5862199 0.5356701 0.4897476 0.3439087 0.0000000 0.8360556 0.5683672 1.1657237 1.1570804 1.2627404 0.4190633 0.4252571 0.4403279 0.4403279 0.4164348 0.3902749 0.4681463 2.2672714 0.4896228 0.5187965 0.5527999 0.3851896 0.4838904 0.4838904 0.4473374 0.4473374 0.4625004 0.4785861 0.4851935 0.4138939 0.3602768 0.5370985 0.5370985 0.4851935 0.4995977 1.0066742 0.5091542 0.5953418 0.5953418 0.5649433 0.5898769 0.4136401 0.4327636 0.3715593 0.6166426 0.4481049 1.0110460 0.4481049 0.6728555 0.5804613 0.5908997 0.9310885 0.8744114 0.5293144 0.5293144 1.0588264 0.5678233 0.5678233 1.0116580 0.9969794 0.7403421 0.6611730 0.6611730 0.7403421 0.6887304 0.6887304 0.6262044 0.9047205 0.9047205 0.6262044 1.5059631 0.4896575 0.6689960 0.9229746 0.6622835 0.6622835 0.7195247 0.7195247 1.0783023 1.3468603 0.6597752 0.6597752 1.0785239 2.6859006 1.1975334 1.2325202 1.3348692 0.7066881 1.2004518 1.2004518 1.0131073 1.6106532 1.5533997 0.8408992 1.3560710 1.2874367 1.0696333 1.6619949 1.9827343 1.2442434 1.4630628 1.0776389 1.9952210 1.2548200 1.9388165 1.8162006 1.8162006 1.7607361 1.3740477 1.9137544 2.0734636 2.1499326 1.4741479 1.4741479 1.8600159 1.5569598 1.5569598 1.3237217 1.2111630 1.3921833 1.6488310 1.5540753 2.0855619 1.4162969 1.5272779 1.1485630 2.2276011 1.6001493 1.6959990 2.2156894 1.5926687 1.8571326 1.4461330 2.2056149 1.3994740 1.3115108 2.0917260 2.2267906 1.0546273 1.5693789 
Nycol.F00482.1.p_MADS              0.7031979 0.6781179 0.7230567 0.5778724 0.5454792 0.6083724 0.6639162 0.6844438 0.8236807 0.6789371 0.5926250 0.4750924 0.6735533 0.5545771 0.5948292 0.7701316 0.8360556 0.0000000 0.6643828 1.0200619 1.0123813 1.0685125 0.6781179 0.7364707 0.6066058 0.6066058 0.5817818 0.7775019 0.7474263 1.0070624 0.7230567 0.7188227 0.7725280 0.6214570 0.8141058 0.8141058 0.6159457 0.6159457 0.6918007 0.6429499 0.7356685 0.6414175 0.6093547 0.8690374 0.8690374 0.7356685 0.6489838 0.9968793 0.7178859 0.7092469 0.7092469 0.6621108 0.8664159 0.8557271 0.7259807 0.6323620 0.8987170 0.7377330 1.1473579 0.7377330 0.8580984 0.9280862 0.4709803 1.1303200 1.1597884 1.0033202 1.0033202 1.0407632 0.7675879 0.7675879 1.2874578 0.7657572 0.9816409 1.0089098 1.0089098 0.9816409 0.9281595 0.9281595 0.8981937 0.9830219 0.9830219 0.8981937 1.5478415 0.7202762 1.2272234 1.0295632 0.9749720 0.9749720 0.9293133 0.9293133 1.1475454 1.5370770 1.1123602 1.1123602 1.6361740 1.9563203 1.7018594 1.4607671 1.4579903 1.0792077 1.5323799 1.5323799 1.5162080 1.8278015 1.6998577 1.4808579 1.3725007 1.1676709 1.5861882 1.8934190 3.6572745 1.6597028 1.5972012 1.4673770 2.5524102 1.6880281 2.4945288 2.3760557 2.3760557 2.3192684 1.3755553 2.5020076 2.1876853 2.4847105 2.1854625 2.1854625 1.7182419 2.3215073 2.3215073 1.9064024 1.7016567 2.2076398 2.3931134 1.4022416 2.1643966 1.5165193 1.8082743 1.3165581 2.0402617 1.8795817 1.9238114 2.7240176 1.9789014 1.7739176 1.6719952 2.7118129 1.4610484 1.8168143 2.2049703 1.7566937 1.0283495 0.8944101 
Nycol.F00306.1.p_MADS              0.4916946 0.4423003 0.5103599 0.4021682 0.3643044 0.3747948 0.5106339 0.4331289 0.4927211 0.4529530 0.4867958 0.1448282 0.4578461 0.4962168 0.4842822 0.4664167 0.5683672 0.6643828 0.0000000 0.6200969 0.5732441 0.6285547 0.4423003 0.4624759 0.4528690 0.4528690 0.3949606 0.4659624 0.5278344 2.0211249 0.5103599 0.5422372 0.5773072 0.4599231 0.4604035 0.4604035 0.4241794 0.4241794 0.5409882 0.4714022 0.5193659 0.4985912 0.4135582 0.5395470 0.5395470 0.5193659 0.5834838 0.9487939 0.5332594 0.4836479 0.4836479 0.5158857 0.6112109 0.5329596 0.4817734 0.5035124 0.5460472 0.4540401 1.0878628 0.4540401 0.6807091 0.5884659 0.5246229 0.9076969 1.0245415 0.6306891 0.6306891 1.0370248 0.5704848 0.5704848 1.0074085 0.8415143 0.7324284 0.8376078 0.8376078 0.7324284 0.7519530 0.7519530 0.7122651 0.8448727 0.8448727 0.7122651 1.3315649 0.5917914 0.9736431 0.7975664 0.7056653 0.7056653 0.7707948 0.7707948 1.0840501 1.5219330 0.8713652 0.8713652 1.3586982 3.3713764 1.3795729 1.4445496 1.5164724 1.1401505 1.5028263 1.5028263 1.4168932 1.8677212 1.8109273 1.0963363 1.5874788 1.3399011 1.3745620 1.7718187 4.1345505 1.9956420 1.7406434 1.4588580 2.6611362 1.2027372 2.5870778 2.1152382 2.1152382 2.0568706 1.1564741 2.1667997 2.0382472 2.8150619 2.1385689 2.1385689 2.1569903 2.1470341 2.1470341 2.2561689 1.4200302 1.8608385 1.8988677 1.6422768 2.5515208 1.3273442 1.5202756 1.2793102 2.0311493 1.5801739 1.7732047 2.3918065 1.5033391 1.8437552 1.6748272 2.3809645 1.3996721 1.4698187 2.2336914 1.8824657 1.2878905 1.5302260 
Nycol.F00329.1.p_MADS              1.2106680 0.9775828 1.0897035 1.0096065 0.9412515 0.9497528 1.0604658 0.7517625 0.8980774 0.8061373 0.8298713 0.4578708 0.9937519 1.0148788 1.0148788 0.9082241 1.1657237 1.0200619 0.6200969 0.0000000 0.0920027 0.1635246 0.9775828 1.1437244 1.0876979 1.0876979 1.0145041 1.1511314 1.1828733 2.4261084 1.0897035 1.0168311 0.9678993 0.8593804 1.0656427 1.0656427 1.0876979 1.0876979 1.1608335 0.8400278 1.2507024 1.0873872 0.9182511 1.2596147 1.2596147 1.2507024 1.1731481 1.3902021 0.9444266 0.8479596 0.8479596 0.8631035 1.2085738 1.1018289 1.0229854 1.0880259 1.3839263 1.1223808 1.3591387 1.1223808 1.0716709 1.4997065 1.1460323 1.4813197 1.5271591 1.3886147 1.3886147 1.5551717 1.1539924 1.1539924 1.7346822 1.4636913 1.3588480 1.7678492 1.7678492 1.3588480 1.4746730 1.4746730 1.3918130 1.3096849 1.3096849 1.3918130 2.2705518 1.0567586 1.7535357 1.4372539 1.5790918 1.5790918 1.7293905 1.7293905 1.8059159 2.8919782 1.6764748 1.6764748 1.9578519 2.8146065 2.5633811 2.3631667 1.9593333 1.5067600 2.4506421 2.4506421 2.1924470 2.9497774 2.2259953 9.0000000 2.9627453 2.3452876 2.2624436 3.4984523 2.0750023 2.3134149 2.0811329 2.2822627 3.2701496 2.2927580 3.1569324 3.5354939 3.5354939 3.5354939 1.7531210 3.7778848 4.1997392 3.3867985 2.9442675 2.9442675 2.5278632 3.3156256 3.3156256 0.4163271 2.3663897 2.7251068 2.9109776 2.0356780 3.7751125 1.9412943 1.8019797 1.5053383 2.4692850 1.7655533 2.3900233 3.0918924 1.7555465 2.9077813 2.6469098 3.1099860 1.1063232 2.9262277 4.3646655 3.4295057 3.0711233 3.5967154 
Nycol.F00337.1.p_MADS              1.2015572 0.9701437 1.0812669 1.0018748 0.9340479 0.9425139 1.0525511 0.7470066 0.8912542 0.8008371 0.8240457 0.4565589 0.9865491 1.0071828 1.0071828 1.0736785 1.1570804 1.0123813 0.5732441 0.0920027 0.0000000 0.0906181 0.9701437 1.1349201 1.0793059 1.0793059 1.0067061 1.1423044 1.3020975 3.8323020 1.0812669 1.0091968 0.9609520 0.8533375 1.0575705 1.0575705 1.0793059 1.0793059 1.1519529 0.8343567 1.2414368 1.0791713 0.9115593 1.2504987 1.2504987 1.2414368 1.1645222 1.6850255 0.9369277 0.8422359 0.8422359 0.8571207 1.1997447 1.0934992 1.1266253 1.0798250 1.4972554 1.1137822 1.7410080 1.1137822 1.1417842 1.6261216 1.1373081 1.4717647 1.5177679 1.2995491 1.2995491 1.7248820 1.1453099 1.1453099 1.6663474 1.4542393 1.2701510 1.9271930 1.9271930 1.2701510 1.3673424 1.3673424 1.2942241 1.4450792 1.4450792 1.2942241 2.5434459 1.0489906 1.7451823 1.5448842 1.4724052 1.4724052 1.6120699 1.6120699 1.9017268 2.5123022 1.6664252 1.6664252 2.3982207 4.0410321 2.2365787 2.7930972 2.2367899 1.4961249 2.8845095 2.8845095 2.5832340 3.4118433 2.5921101 9.0000000 3.4622274 2.7650406 2.6637649 3.0232222 3.2380509 2.3107754 2.6558087 2.6951912 3.2795435 2.7025313 3.1650808 3.5480196 3.5480196 3.5480196 1.7112827 3.5564614 4.5098470 3.3973804 2.9504900 2.9504900 3.0025551 3.3269447 3.3269447 0.4163271 2.3640591 2.7281439 2.9167171 2.3820317 4.4633431 1.8962020 1.7203211 1.4741704 2.4534494 1.6866943 2.2604117 3.5285389 1.6774232 3.4739823 2.6490638 3.5069225 1.1522350 2.4419991 3.5471052 4.1178035 3.9281566 3.5953558 
Nycol.F00318.1.p_MADS              1.3135659 1.0649132 1.1850257 1.0989069 1.0277122 1.0360746 1.1504620 0.8267203 0.9118688 0.8830418 0.9077582 0.5146308 1.0195960 1.1037005 1.1037005 1.1725765 1.2627404 1.0685125 0.6285547 0.1635246 0.0906181 0.0000000 1.0649132 1.2425825 1.1825090 1.1825090 1.1043920 1.2502451 1.4224477 3.5281249 1.1850257 1.1046676 1.0547627 0.8831853 1.0284373 1.0284373 1.1825090 1.1825090 1.2607566 0.8669539 1.3564532 1.1802933 1.0000202 1.2134867 1.2134867 1.3564532 1.2701263 1.7918737 1.0588432 0.8749066 0.8749066 0.9442919 1.3081133 1.1958159 1.1873296 1.1806306 1.6852974 1.2189758 1.8511431 1.2189758 1.2520745 1.8268444 1.1763640 1.5655491 1.5753549 1.4120019 1.4120019 1.8323879 1.2517770 1.2517770 1.8427648 1.5457003 1.3822098 2.1587898 2.1587898 1.3822098 1.3838791 1.3838791 1.4339919 1.5807283 1.5807283 1.4339919 2.6691029 1.1503022 1.9114269 1.6420319 1.5348498 1.5348498 1.6796401 1.6796401 2.0396420 2.3082744 1.8792459 1.8792459 2.4052623 3.7926095 2.0641454 2.7188871 2.4692182 1.6869105 2.8088496 2.8088496 2.5177751 3.3217840 2.7500387 9.0000000 3.3641507 2.6933325 2.5957426 2.7633917 2.9937437 2.4204451 3.0308849 2.5857590 3.4326392 2.6328654 3.3138516 3.7195584 3.7195584 3.7195584 1.7505661 3.7599331 4.2190023 3.5550116 3.1066470 3.1066470 3.1793538 3.5042869 3.5042869 0.4163271 2.4942950 2.8752821 3.0711627 2.5351352 4.3105575 1.9390472 1.7581204 1.6382953 2.4516379 1.7232907 2.2594231 3.5106336 1.7136978 3.3699805 2.8163002 3.4890538 1.1496836 2.5191290 3.9206099 3.9564212 3.7658151 4.5579999 
AT2G45650.1_PACid_19638787_10_57   0.1406094 0.0000010 0.0422227 0.1622500 0.1624600 0.1384619 0.1602446 0.2856477 0.3197376 0.3209748 0.4246324 0.3047821 0.3895887 0.3047221 0.3035805 0.4322367 0.4190633 0.6781179 0.4423003 0.9775828 0.9701437 1.0649132 0.0000000 0.1166138 0.1644365 0.1644365 0.1377575 0.1660418 0.1660901 1.6622180 0.0422227 0.3219282 0.2648209 0.3000319 0.4105818 0.4105818 0.1621392 0.1621392 0.0855086 0.3270734 0.0866341 0.2203991 0.1536801 0.3465816 0.3465816 0.0866341 0.2589994 0.8471714 0.3383493 0.3420519 0.3420519 0.3566553 0.3932833 0.1356881 0.3683299 0.2185476 0.3810979 0.2239693 0.7491249 0.2239693 0.4597076 0.4181966 0.3626552 0.6506070 0.8575804 0.3906781 0.3906781 0.8330863 0.4846993 0.4846993 0.7619167 0.8184329 0.4875992 0.5973784 0.5973784 0.4875992 0.5164761 0.5164761 0.4569265 0.5157909 0.5157909 0.4569265 1.1502864 0.4417755 0.7915563 0.6739593 0.5480325 0.5480325 0.6210584 0.6210584 0.7888628 1.0377266 0.6957691 0.6957691 0.9961949 2.1548378 0.9920254 1.1777017 1.3342971 0.7635995 1.1332241 1.1332241 1.0809485 1.6062765 1.4706953 1.3305424 1.2356327 1.2493167 1.1896972 1.2595215 3.0261542 1.5322167 1.4068899 0.8703476 2.3369393 0.9143531 2.2307822 1.8612156 1.8612156 1.8056344 1.0080762 1.9601514 1.8082303 2.1666032 1.4570714 1.4570714 1.7985102 1.6304214 1.6304214 1.5936683 1.0664454 1.4987682 1.6085431 1.3791595 2.1013050 1.2835503 1.7078268 1.1073776 1.7834816 1.6025412 1.6430144 2.1286997 1.6342868 1.6966835 1.0927020 2.1192252 1.1365785 0.9212057 1.9037767 1.6338999 1.0879861 1.2587168 
AT4G11880.1_PACid_19643844_10_57   0.0209735 0.1166138 0.1500703 0.2120397 0.2122483 0.1877747 0.2148610 0.2583629 0.1886512 0.2922583 0.3723525 0.3047354 0.3775175 0.3415490 0.3018817 0.4804099 0.4252571 0.7364707 0.4624759 1.1437244 1.1349201 1.2425825 0.1166138 0.0000000 0.1867634 0.1867634 0.1866835 0.0423913 0.0424115 1.8406207 0.1500703 0.2749370 0.2839162 0.2377037 0.3374513 0.3374513 0.1900399 0.1900399 0.2014133 0.2978616 0.2042001 0.3298873 0.2802046 0.2783066 0.2783066 0.2042001 0.3139328 0.7591961 0.2881666 0.3118248 0.3118248 0.3263460 0.3600583 0.2274070 0.4167960 0.3328325 0.3688868 0.1627179 0.6926728 0.1627179 0.4100153 0.4044615 0.3530424 0.5983320 0.7990122 0.3899923 0.3899923 0.7242197 0.4480873 0.4480873 0.7035468 0.7121235 0.4890362 0.5605129 0.5605129 0.4890362 0.5186585 0.5186585 0.4948725 0.6798474 0.6798474 0.4948725 1.1718650 0.4733507 0.7452840 0.6191446 0.5590219 0.5590219 0.6349902 0.6349902 0.7497940 1.0538023 0.6384795 0.6384795 1.0165221 2.3428115 1.0350474 0.9776928 1.2208598 0.6947987 1.0165237 1.0165237 0.9512542 1.4174846 1.3092940 0.8662864 1.0712385 1.0473488 1.0503403 1.2708342 1.9792997 1.4971756 1.2670056 0.8856393 2.0347973 0.9539657 1.9441060 1.7455167 1.7455167 1.6919424 1.0159974 1.8373456 1.6585844 2.0087623 1.4516571 1.4516571 1.8243487 1.5573542 1.5573542 1.4143988 1.0407881 1.4302158 1.5368033 1.1788503 2.0382040 1.2529724 1.4567098 1.1351282 1.7696937 1.3846000 1.6196317 1.9768969 1.4153671 1.5717608 1.0609881 1.9682590 1.1630423 1.1170008 1.7247138 1.5490952 1.2043721 1.0456806 
AT4G09960.1_PACid_19648309_10_57   0.1630027 0.1644365 0.1684760 0.0641028 0.0642127 0.0857778 0.1997786 0.3548222 0.2982694 0.3912333 0.4237156 0.3429712 0.3955669 0.3020650 0.2957359 0.4542459 0.4403279 0.6066058 0.4528690 1.0876979 1.0793059 1.1825090 0.1644365 0.1867634 0.0000000 0.0000010 0.0423546 0.2370367 0.2371038 1.6622180 0.1684760 0.4269220 0.4239694 0.2835911 0.3259941 0.3259941 0.0637441 0.0637441 0.1691032 0.3372789 0.2212634 0.2969872 0.2423893 0.3786375 0.3786375 0.2212634 0.3468829 0.9234433 0.4137740 0.3531446 0.3531446 0.4279150 0.5069360 0.2802718 0.4028764 0.2961854 0.3479475 0.2395130 0.8201942 0.2395130 0.5061134 0.3835532 0.3953257 0.7169753 0.9316035 0.4820618 0.4820618 0.8903480 0.5321359 0.5321359 0.8352399 0.8206409 0.4957031 0.5131120 0.5131120 0.4957031 0.5786124 0.5786124 0.5266454 0.6688596 0.6688596 0.5266454 1.1242892 0.5114221 0.7585595 0.6759748 0.6308302 0.6308302 0.7131184 0.7131184 0.7768537 1.1257913 0.7149320 0.7149320 1.1452193 2.4205475 1.0765752 1.1778741 1.4606352 0.8345116 1.1823149 1.1823149 1.1283071 1.5938576 1.4560030 0.8448678 1.1484665 1.1821678 1.2207721 1.3608364 2.3770507 1.4638855 1.3342165 1.0304535 2.1238943 0.9180163 2.0289898 2.0870433 2.0870433 2.0286826 1.0357913 2.1985349 1.9528956 2.3016313 1.5747050 1.5747050 1.7436951 1.7248865 1.7248865 1.4946347 1.2268482 1.5655296 1.6608716 1.4265756 2.2889982 1.3085190 1.4574107 1.1424038 1.9992639 1.5803793 1.7922953 2.1406257 1.6128216 1.6185666 1.2421524 2.1312363 1.2775262 1.0871091 2.0228927 1.8347020 1.0879861 1.3636255 
